cp,st,dt,sw10,dw10,sw10+dw10,dw10/sw10,sw25,dw25,sw25+dw25,dw25/sw25,sw33,dw33,sw33+dw33,dw33/sw33,sw50,dw50,sw50+dw50,dw50/sw50,sw66,dw66,sw66+dw66,dw66/sw66,sw75,dw75,sw75+dw75,dw75/sw75,sys,dia
760,210,520,200,440,640,2.2,180,350,530,1.9444,180,300,480,1.6667,160,210,370,1.3125,140,140,280,1.0,140,120,260,0.85714,122,60
740,240,480,220,420,640,1.9091,200,320,520,1.6,190,270,460,1.4211,190,190,380,1.0,170,120,290,0.7058800000000001,150,100,250,0.66667,126,62
690,260,450,250,370,620,1.48,220,290,510,1.3182,210,250,460,1.1905,190,180,370,0.94737,170,120,290,0.7058800000000001,150,90,240,0.6,134,66
700,240,460,230,380,610,1.6522,210,300,510,1.4286,200,260,460,1.3,180,190,370,1.0556,150,130,280,0.86667,140,100,240,0.71429,137,68
710,240,460,220,460,680,2.0909,200,340,540,1.7,190,290,480,1.5263,170,200,370,1.1765,150,140,290,0.93333,130,100,230,0.76923,137,68
690,250,450,230,360,590,1.5652,210,280,490,1.3333,200,240,440,1.2,180,160,340,0.88889,150,110,260,0.73333,130,90,220,0.69231,143,71
700,240,450,230,370,600,1.6087,200,280,480,1.4,200,240,440,1.2,170,170,340,1.0,150,110,260,0.73333,120,100,220,0.8333299999999999,146,73
690,250,440,220,370,590,1.6818,210,280,490,1.3333,200,240,440,1.2,180,160,340,0.88889,150,110,260,0.73333,140,80,220,0.57143,146,73
690,250,450,230,360,590,1.5652,200,270,470,1.35,190,230,420,1.2105,170,160,330,0.94118,150,110,260,0.73333,130,90,220,0.69231,151,76
690,240,450,220,360,580,1.6364,200,270,470,1.35,190,230,420,1.2105,170,160,330,0.94118,150,100,250,0.66667,120,90,210,0.75,153,78
690,240,450,220,380,600,1.7273,200,290,490,1.45,190,240,430,1.2632,170,170,340,1.0,150,110,260,0.73333,130,90,220,0.69231,153,78
700,240,450,220,370,590,1.6818,200,280,480,1.4,190,240,430,1.2632,170,160,330,0.94118,140,110,250,0.78571,120,90,210,0.75,157,80
690,250,430,230,360,590,1.5652,210,260,470,1.2381,200,220,420,1.1,180,150,330,0.8333299999999999,160,100,260,0.625,130,80,210,0.61538,158,81
680,260,440,230,360,590,1.5652,210,260,470,1.2381,200,220,420,1.1,170,150,320,0.88235,150,100,250,0.66667,130,80,210,0.61538,160,83
680,240,440,220,350,570,1.5909,200,260,460,1.3,200,220,420,1.1,170,150,320,0.88235,140,100,240,0.71429,130,90,220,0.69231,160,83
680,240,440,220,350,570,1.5909,210,260,470,1.2381,190,220,410,1.1579,180,150,330,0.8333299999999999,150,100,250,0.66667,130,90,220,0.69231,161,83
680,240,440,220,360,580,1.6364,200,260,460,1.3,190,220,410,1.1579,170,150,320,0.88235,150,100,250,0.66667,130,90,220,0.69231,163,84
680,240,450,210,360,570,1.7143,190,260,450,1.3684,180,220,400,1.2222,170,150,320,0.88235,140,110,250,0.78571,130,90,220,0.69231,163,84
680,230,450,210,360,570,1.7143,190,260,450,1.3684,180,220,400,1.2222,160,150,310,0.9375,140,110,250,0.78571,130,90,220,0.69231,164,85
680,230,440,210,370,580,1.7619,190,270,460,1.4211,180,220,400,1.2222,160,150,310,0.9375,140,110,250,0.78571,130,90,220,0.69231,166,86
670,240,440,210,350,560,1.6667,190,250,440,1.3158,180,210,390,1.1667,170,140,310,0.8235299999999999,140,110,250,0.78571,130,90,220,0.69231,166,86
690,230,460,200,380,580,1.9,190,270,460,1.4211,170,230,400,1.3529,160,160,320,1.0,130,120,250,0.92308,120,100,220,0.8333299999999999,168,86
670,230,450,210,380,590,1.8095,180,270,450,1.5,170,230,400,1.3529,160,150,310,0.9375,140,110,250,0.78571,130,90,220,0.69231,169,87
680,220,450,200,370,570,1.85,180,260,440,1.4444,170,220,390,1.2941,160,140,300,0.875,140,100,240,0.71429,120,90,210,0.75,169,87
660,230,440,200,350,550,1.75,190,260,450,1.3684,180,220,400,1.2222,160,140,300,0.875,140,100,240,0.71429,120,90,210,0.75,170,88
660,200,460,180,400,580,2.2222,150,310,460,2.0667,140,270,410,1.9286,120,190,310,1.5833,100,140,240,1.4,90,110,200,1.2222,101,48
660,200,460,180,440,620,2.4444,160,350,510,2.1875,150,300,450,2.0,120,220,340,1.8333,110,150,260,1.3636,90,110,200,1.2222,101,48
670,200,460,180,410,590,2.2778,150,320,470,2.1333,140,280,420,2.0,130,200,330,1.5385,100,150,250,1.5,100,120,220,1.2,101,48
660,210,450,190,390,580,2.0526,170,300,470,1.7647,160,260,420,1.625,130,190,320,1.4615,110,130,240,1.1818,100,110,210,1.1,102,48
660,210,460,190,390,580,2.0526,160,290,450,1.8125,150,250,400,1.6667,140,190,330,1.3571,110,140,250,1.2727,100,110,210,1.1,102,48
680,200,470,190,410,600,2.1579,160,310,470,1.9375,150,270,420,1.8,130,200,330,1.5385,110,140,250,1.2727,90,120,210,1.3333,102,48
640,210,450,190,390,580,2.0526,170,300,470,1.7647,160,250,410,1.5625,130,190,320,1.4615,110,130,240,1.1818,100,110,210,1.1,101,47
670,190,460,170,400,570,2.3529,150,300,450,2.0,140,270,410,1.9286,130,190,320,1.4615,100,140,240,1.4,90,110,200,1.2222,101,47
660,210,450,180,400,580,2.2222,160,310,470,1.9375,150,280,430,1.8667,130,180,310,1.3846,110,130,240,1.1818,100,100,200,1.0,100,47
670,210,460,180,420,600,2.3333,160,320,480,2.0,150,280,430,1.8667,130,200,330,1.5385,100,140,240,1.4,100,120,220,1.2,100,47
660,210,450,190,410,600,2.1579,170,300,470,1.7647,150,260,410,1.7333,130,190,320,1.4615,120,130,250,1.0833,100,110,210,1.1,100,47
660,210,460,190,390,580,2.0526,160,310,470,1.9375,160,270,430,1.6875,130,190,320,1.4615,110,140,250,1.2727,100,110,210,1.1,100,47
690,200,480,180,410,590,2.2778,160,320,480,2.0,150,280,430,1.8667,130,210,340,1.6154,100,150,250,1.5,90,130,220,1.4444,101,47
670,210,460,190,400,590,2.1053,170,320,490,1.8824,160,280,440,1.75,140,200,340,1.4286,120,150,270,1.25,100,120,220,1.2,101,47
650,210,450,190,390,580,2.0526,170,300,470,1.7647,150,260,410,1.7333,130,190,320,1.4615,110,130,240,1.1818,100,110,210,1.1,100,47
680,200,470,180,400,580,2.2222,150,320,470,2.1333,140,270,410,1.9286,120,190,310,1.5833,100,140,240,1.4,90,110,200,1.2222,99,47
680,210,470,180,480,660,2.6667,160,330,490,2.0625,140,280,420,2.0,130,200,330,1.5385,100,140,240,1.4,100,120,220,1.2,99,47
670,210,460,190,400,590,2.1053,170,310,480,1.8235,150,270,420,1.8,140,190,330,1.3571,110,130,240,1.1818,100,110,210,1.1,99,47
680,210,460,190,400,590,2.1053,170,310,480,1.8235,150,260,410,1.7333,130,190,320,1.4615,110,130,240,1.1818,100,110,210,1.1,99,47
660,220,450,200,410,610,2.05,170,330,500,1.9412,170,280,450,1.6471,140,200,340,1.4286,120,140,260,1.1667,110,110,220,1.0,99,47
690,210,480,190,420,610,2.2105,160,320,480,2.0,150,280,430,1.8667,130,200,330,1.5385,110,150,260,1.3636,100,120,220,1.2,100,47
680,210,480,190,410,600,2.1579,160,320,480,2.0,150,280,430,1.8667,130,200,330,1.5385,110,140,250,1.2727,90,120,210,1.3333,99,47
660,200,460,180,390,570,2.1667,160,300,460,1.875,150,260,410,1.7333,130,180,310,1.3846,110,130,240,1.1818,100,100,200,1.0,99,47
680,200,470,180,410,590,2.2778,150,320,470,2.1333,140,280,420,2.0,120,200,320,1.6667,100,140,240,1.4,90,120,210,1.3333,99,46
680,210,470,180,420,600,2.3333,160,330,490,2.0625,150,280,430,1.8667,130,200,330,1.5385,110,150,260,1.3636,100,120,220,1.2,99,46
680,210,470,180,400,580,2.2222,160,320,480,2.0,150,280,430,1.8667,140,200,340,1.4286,110,150,260,1.3636,100,120,220,1.2,99,46
680,210,470,190,400,590,2.1053,170,310,480,1.8235,160,270,430,1.6875,140,200,340,1.4286,120,140,260,1.1667,100,110,210,1.1,99,46
680,210,470,190,400,590,2.1053,170,310,480,1.8235,160,270,430,1.6875,140,200,340,1.4286,120,140,260,1.1667,100,110,210,1.1,99,46
680,210,480,190,410,600,2.1579,170,320,490,1.8824,150,280,430,1.8667,130,200,330,1.5385,110,150,260,1.3636,100,120,220,1.2,99,46
650,200,450,180,400,580,2.2222,160,310,470,1.9375,150,260,410,1.7333,140,190,330,1.3571,110,130,240,1.1818,100,110,210,1.1,98,46
680,200,470,180,400,580,2.2222,150,310,460,2.0667,150,270,420,1.8,120,190,310,1.5833,110,140,250,1.2727,90,110,200,1.2222,98,46
670,210,460,190,410,600,2.1579,160,320,480,2.0,150,270,420,1.8,130,200,330,1.5385,110,140,250,1.2727,100,110,210,1.1,98,46
670,210,470,180,420,600,2.3333,160,330,490,2.0625,150,280,430,1.8667,130,200,330,1.5385,100,150,250,1.5,100,120,220,1.2,98,46
680,200,470,180,410,590,2.2778,160,330,490,2.0625,150,280,430,1.8667,130,210,340,1.6154,100,150,250,1.5,90,130,220,1.4444,99,46
690,210,480,190,410,600,2.1579,170,320,490,1.8824,160,280,440,1.75,130,200,330,1.5385,120,140,260,1.1667,100,120,220,1.2,99,46
680,210,480,190,400,590,2.1053,170,320,490,1.8824,150,280,430,1.8667,130,200,330,1.5385,110,150,260,1.3636,100,120,220,1.2,99,46
660,200,460,180,400,580,2.2222,160,320,480,2.0,150,280,430,1.8667,130,200,330,1.5385,110,140,250,1.2727,100,120,220,1.2,99,47
680,200,470,190,420,610,2.2105,160,320,480,2.0,150,270,420,1.8,120,190,310,1.5833,110,140,250,1.2727,90,110,200,1.2222,98,46
680,210,470,180,460,640,2.5556,160,360,520,2.25,150,300,450,2.0,130,220,350,1.6923,110,150,260,1.3636,100,120,220,1.2,98,46
690,210,470,180,420,600,2.3333,160,330,490,2.0625,150,280,430,1.8667,130,200,330,1.5385,110,140,250,1.2727,100,120,220,1.2,99,46
670,220,460,200,390,590,1.95,170,300,470,1.7647,160,260,420,1.625,140,190,330,1.3571,120,130,250,1.0833,110,110,220,1.0,99,47
690,210,470,190,410,600,2.1579,160,310,470,1.9375,160,270,430,1.6875,130,200,330,1.5385,110,140,250,1.2727,100,120,220,1.2,99,47
700,220,480,190,410,600,2.1579,170,330,500,1.9412,160,280,440,1.75,140,210,350,1.5,120,150,270,1.25,100,110,210,1.1,100,47
670,220,470,190,410,600,2.1579,170,320,490,1.8824,160,270,430,1.6875,140,200,340,1.4286,110,140,250,1.2727,100,110,210,1.1,99,47
680,200,480,170,420,590,2.4706,150,330,480,2.2,140,280,420,2.0,120,200,320,1.6667,100,150,250,1.5,90,120,210,1.3333,99,47
690,200,480,180,410,590,2.2778,160,320,480,2.0,140,270,410,1.9286,130,200,330,1.5385,110,140,250,1.2727,100,110,210,1.1,98,46
690,210,470,190,420,610,2.2105,160,320,480,2.0,150,270,420,1.8,140,190,330,1.3571,110,140,250,1.2727,110,110,220,1.0,98,46
680,220,470,200,410,610,2.05,160,310,470,1.9375,160,270,430,1.6875,140,200,340,1.4286,120,140,260,1.1667,110,110,220,1.0,98,46
690,210,480,190,420,610,2.2105,160,320,480,2.0,160,280,440,1.75,130,200,330,1.5385,120,140,260,1.1667,100,120,220,1.2,99,46
710,210,490,190,420,610,2.2105,170,330,500,1.9412,160,290,450,1.8125,130,210,340,1.6154,110,150,260,1.3636,100,130,230,1.3,99,46
690,220,490,200,420,620,2.1,170,320,490,1.8824,160,280,440,1.75,140,200,340,1.4286,120,140,260,1.1667,100,110,210,1.1,99,46
680,200,480,180,410,590,2.2778,160,320,480,2.0,150,280,430,1.8667,130,200,330,1.5385,110,140,250,1.2727,90,120,210,1.3333,99,46
680,200,480,180,410,590,2.2778,160,320,480,2.0,150,270,420,1.8,130,200,330,1.5385,110,130,240,1.1818,90,110,200,1.2222,98,46
690,210,490,190,420,610,2.2105,170,330,500,1.9412,150,280,430,1.8667,130,210,340,1.6154,110,150,260,1.3636,90,130,220,1.4444,98,46
720,200,510,180,440,620,2.4444,160,340,500,2.125,150,290,440,1.9333,130,210,340,1.6154,110,160,270,1.4545,100,120,220,1.2,98,46
700,210,480,190,420,610,2.2105,170,330,500,1.9412,160,280,440,1.75,140,210,350,1.5,110,150,260,1.3636,100,120,220,1.2,98,46
680,220,480,190,410,600,2.1579,160,320,480,2.0,160,270,430,1.6875,130,200,330,1.5385,110,140,250,1.2727,100,120,220,1.2,98,46
700,200,490,190,420,610,2.2105,160,320,480,2.0,150,270,420,1.8,130,190,320,1.4615,110,140,250,1.2727,90,110,200,1.2222,97,46
600,210,470,200,460,660,2.3,180,360,540,2.0,160,320,480,2.0,140,220,360,1.5714,120,150,270,1.25,100,120,220,1.2,97,46
680,220,480,190,410,600,2.1579,170,320,490,1.8824,160,270,430,1.6875,140,200,340,1.4286,120,140,260,1.1667,100,120,220,1.2,96,45
690,200,490,190,420,610,2.2105,170,320,490,1.8824,150,270,420,1.8,130,190,320,1.4615,110,130,240,1.1818,90,110,200,1.2222,95,45
710,200,500,180,490,670,2.7222,150,400,550,2.6667,140,320,460,2.2857,130,210,340,1.6154,100,160,260,1.6,90,120,210,1.3333,95,45
700,210,490,180,440,620,2.4444,160,340,500,2.125,150,290,440,1.9333,130,210,340,1.6154,110,160,270,1.4545,90,130,220,1.4444,95,45
700,210,490,190,430,620,2.2632,160,340,500,2.125,150,290,440,1.9333,130,210,340,1.6154,110,150,260,1.3636,90,130,220,1.4444,95,45
720,210,500,190,430,620,2.2632,170,330,500,1.9412,160,290,450,1.8125,130,210,340,1.6154,110,160,270,1.4545,90,130,220,1.4444,95,45
700,220,490,190,430,620,2.2632,170,330,500,1.9412,160,290,450,1.8125,130,210,340,1.6154,110,150,260,1.3636,100,130,230,1.3,96,45
700,210,490,190,430,620,2.2632,170,330,500,1.9412,160,280,440,1.75,130,210,340,1.6154,110,150,260,1.3636,100,120,220,1.2,95,45
680,210,480,180,410,590,2.2778,170,320,490,1.8824,150,270,420,1.8,130,190,320,1.4615,110,140,250,1.2727,90,120,210,1.3333,95,45
710,200,490,180,430,610,2.3889,160,330,490,2.0625,150,280,430,1.8667,130,200,330,1.5385,100,140,240,1.4,90,120,210,1.3333,94,45
700,220,490,200,440,640,2.2,170,340,510,2.0,160,300,460,1.875,140,220,360,1.5714,120,150,270,1.25,100,120,220,1.2,94,44
700,210,480,190,440,630,2.3158,170,340,510,2.0,160,300,460,1.875,140,220,360,1.5714,110,160,270,1.4545,100,120,220,1.2,95,44
700,220,490,190,420,610,2.2105,170,320,490,1.8824,160,280,440,1.75,140,210,350,1.5,120,150,270,1.25,100,120,220,1.2,95,44
720,210,510,180,430,610,2.3889,160,330,490,2.0625,150,290,440,1.9333,140,210,350,1.5,110,160,270,1.4545,100,120,220,1.2,95,45
710,210,500,200,420,620,2.1,180,320,500,1.7778,160,280,440,1.75,140,200,340,1.4286,110,140,250,1.2727,100,120,220,1.2,95,45
680,210,480,190,410,600,2.1579,170,310,480,1.8235,160,270,430,1.6875,130,190,320,1.4615,120,130,250,1.0833,100,110,210,1.1,95,45
730,200,490,180,420,600,2.3333,160,320,480,2.0,150,280,430,1.8667,130,200,330,1.5385,110,140,250,1.2727,90,120,210,1.3333,94,44
670,240,450,220,420,640,1.9091,190,320,510,1.6842,180,280,460,1.5556,160,200,360,1.25,140,130,270,0.92857,120,100,220,0.8333299999999999,94,44
700,220,480,190,420,610,2.2105,170,330,500,1.9412,160,290,450,1.8125,130,210,340,1.6154,110,150,260,1.3636,100,120,220,1.2,94,44
710,220,490,190,420,610,2.2105,170,320,490,1.8824,150,280,430,1.8667,140,200,340,1.4286,110,150,260,1.3636,100,110,210,1.1,94,44
720,220,500,200,420,620,2.1,180,320,500,1.7778,160,280,440,1.75,140,200,340,1.4286,120,150,270,1.25,110,120,230,1.0909,94,44
710,220,490,200,420,620,2.1,180,320,500,1.7778,160,280,440,1.75,140,200,340,1.4286,120,150,270,1.25,100,120,220,1.2,94,44
690,220,480,190,410,600,2.1579,170,320,490,1.8824,160,280,440,1.75,130,200,330,1.5385,120,140,260,1.1667,100,110,210,1.1,94,44
710,210,490,180,440,620,2.4444,170,330,500,1.9412,150,280,430,1.8667,140,200,340,1.4286,120,140,260,1.1667,100,120,220,1.2,93,44
700,220,480,200,440,640,2.2,170,340,510,2.0,160,290,450,1.8125,140,210,350,1.5,120,140,260,1.1667,100,120,220,1.2,93,44
700,220,490,190,430,620,2.2632,160,330,490,2.0625,150,280,430,1.8667,140,210,350,1.5,110,150,260,1.3636,100,120,220,1.2,93,44
720,210,490,190,440,630,2.3158,170,340,510,2.0,150,290,440,1.9333,130,210,340,1.6154,110,160,270,1.4545,90,130,220,1.4444,93,44
720,230,500,200,420,620,2.1,170,330,500,1.9412,170,290,460,1.7059,140,210,350,1.5,120,150,270,1.25,100,120,220,1.2,94,44
720,220,510,210,450,660,2.1429,170,360,530,2.1176,170,310,480,1.8235,140,230,370,1.6429,120,170,290,1.4167,100,130,230,1.3,93,44
690,210,480,190,410,600,2.1579,170,320,490,1.8824,160,270,430,1.6875,130,200,330,1.5385,120,130,250,1.0833,100,110,210,1.1,93,44
710,210,490,190,420,610,2.2105,170,320,490,1.8824,150,280,430,1.8667,140,200,340,1.4286,110,140,250,1.2727,100,120,220,1.2,93,44
710,220,490,190,450,640,2.3684,170,320,490,1.8824,160,280,440,1.75,130,190,320,1.4615,120,130,250,1.0833,100,110,210,1.1,92,44
700,220,480,200,420,620,2.1,170,330,500,1.9412,160,290,450,1.8125,140,210,350,1.5,120,140,260,1.1667,110,120,230,1.0909,92,44
710,220,480,190,420,610,2.2105,170,320,490,1.8824,160,280,440,1.75,140,200,340,1.4286,120,150,270,1.25,100,120,220,1.2,93,44
710,230,490,210,410,620,1.9524,170,310,480,1.8235,170,290,460,1.7059,140,210,350,1.5,130,150,280,1.1538,110,120,230,1.0909,93,44
700,220,500,200,430,630,2.15,160,340,500,2.125,160,290,450,1.8125,130,210,340,1.6154,120,150,270,1.25,100,130,230,1.3,92,44
700,200,490,180,430,610,2.3889,150,330,480,2.2,140,280,420,2.0,130,210,340,1.6154,100,160,260,1.6,90,120,210,1.3333,92,44
700,210,490,190,420,610,2.2105,160,320,480,2.0,160,270,430,1.6875,130,210,340,1.6154,120,140,260,1.1667,100,110,210,1.1,92,44
700,210,480,180,440,620,2.4444,170,340,510,2.0,150,280,430,1.8667,140,200,340,1.4286,110,150,260,1.3636,100,120,220,1.2,92,44
700,220,490,190,430,620,2.2632,160,340,500,2.125,160,290,450,1.8125,130,210,340,1.6154,110,150,260,1.3636,90,130,220,1.4444,92,44
700,210,480,180,440,620,2.4444,160,340,500,2.125,150,290,440,1.9333,140,220,360,1.5714,110,150,260,1.3636,100,120,220,1.2,93,44
720,220,500,190,430,620,2.2632,160,330,490,2.0625,160,290,450,1.8125,130,220,350,1.6923,110,150,260,1.3636,100,130,230,1.3,93,44
700,220,490,200,420,620,2.1,170,330,500,1.9412,160,280,440,1.75,140,210,350,1.5,120,150,270,1.25,100,120,220,1.2,93,44
680,210,480,190,410,600,2.1579,170,320,490,1.8824,150,270,420,1.8,130,200,330,1.5385,110,140,250,1.2727,100,120,220,1.2,92,44
700,200,490,180,430,610,2.3889,160,320,480,2.0,150,280,430,1.8667,130,200,330,1.5385,100,150,250,1.5,90,120,210,1.3333,92,44
720,220,490,190,430,620,2.2632,170,330,500,1.9412,160,290,450,1.8125,130,210,340,1.6154,120,150,270,1.25,100,120,220,1.2,92,44
700,230,480,210,410,620,1.9524,180,320,500,1.7778,170,270,440,1.5882,150,200,350,1.3333,130,130,260,1.0,110,100,210,0.90909,92,44
670,220,470,190,410,600,2.1579,170,320,490,1.8824,160,270,430,1.6875,140,200,340,1.4286,110,150,260,1.3636,100,110,210,1.1,92,44
710,200,490,180,430,610,2.3889,150,330,480,2.2,140,280,420,2.0,130,200,330,1.5385,100,150,250,1.5,90,120,210,1.3333,91,44
690,220,480,190,450,640,2.3684,170,350,520,2.0588,160,290,450,1.8125,130,210,340,1.6154,110,140,250,1.2727,90,120,210,1.3333,91,44
710,210,490,180,450,630,2.5,160,360,520,2.25,150,300,450,2.0,130,220,350,1.6923,100,160,260,1.6,100,120,220,1.2,91,44
690,220,480,190,410,600,2.1579,170,320,490,1.8824,160,270,430,1.6875,130,200,330,1.5385,110,140,250,1.2727,100,120,220,1.2,92,44
720,210,500,190,430,620,2.2632,170,330,500,1.9412,150,280,430,1.8667,140,210,350,1.5,110,160,270,1.4545,100,120,220,1.2,92,44
700,220,480,190,430,620,2.2632,170,330,500,1.9412,160,290,450,1.8125,140,210,350,1.5,110,160,270,1.4545,100,120,220,1.2,92,44
680,220,480,190,420,610,2.2105,170,320,490,1.8824,160,280,440,1.75,140,200,340,1.4286,120,140,260,1.1667,100,120,220,1.2,92,44
700,200,490,200,420,620,2.1,160,320,480,2.0,160,270,430,1.6875,140,190,330,1.3571,120,140,260,1.1667,100,110,210,1.1,92,44
700,210,490,180,440,620,2.4444,160,330,490,2.0625,150,280,430,1.8667,140,200,340,1.4286,110,140,250,1.2727,100,120,220,1.2,92,44
700,210,490,190,440,630,2.3158,160,340,500,2.125,150,290,440,1.9333,130,210,340,1.6154,110,150,260,1.3636,90,130,220,1.4444,92,44
700,210,480,180,460,640,2.5556,170,360,530,2.1176,150,310,460,2.0667,140,220,360,1.5714,110,160,270,1.4545,100,130,230,1.3,92,44
710,220,490,190,420,610,2.2105,160,330,490,2.0625,160,280,440,1.75,130,220,350,1.6923,110,150,260,1.3636,100,130,230,1.3,92,44
710,220,510,200,470,670,2.35,170,350,520,2.0588,160,310,470,1.9375,140,230,370,1.6429,110,160,270,1.4545,100,130,230,1.3,92,44
690,200,490,180,420,600,2.3333,160,330,490,2.0625,150,280,430,1.8667,130,210,340,1.6154,100,150,250,1.5,90,120,210,1.3333,92,44
690,200,480,180,420,600,2.3333,150,310,460,2.0667,150,270,420,1.8,120,190,310,1.5833,110,140,250,1.2727,90,110,200,1.2222,92,44
700,210,490,180,440,620,2.4444,160,320,480,2.0,150,270,420,1.8,120,190,310,1.5833,110,140,250,1.2727,90,110,200,1.2222,92,44
710,210,490,190,440,630,2.3158,170,340,510,2.0,150,290,440,1.9333,130,210,340,1.6154,110,150,260,1.3636,100,120,220,1.2,92,44
710,220,490,190,410,600,2.1579,170,320,490,1.8824,160,280,440,1.75,130,210,340,1.6154,120,150,270,1.25,100,120,220,1.2,92,44
710,220,490,200,430,630,2.15,170,330,500,1.9412,160,290,450,1.8125,140,210,350,1.5,120,150,270,1.25,110,120,230,1.0909,92,44
720,220,500,190,430,620,2.2632,170,330,500,1.9412,160,280,440,1.75,140,210,350,1.5,110,150,260,1.3636,110,120,230,1.0909,92,44
720,220,510,200,430,630,2.15,170,340,510,2.0,160,290,450,1.8125,140,210,350,1.5,110,150,260,1.3636,100,120,220,1.2,92,44
700,210,490,190,430,620,2.2632,170,330,500,1.9412,150,280,430,1.8667,130,200,330,1.5385,110,150,260,1.3636,100,110,210,1.1,92,44
710,210,490,190,430,620,2.2632,170,330,500,1.9412,160,280,440,1.75,130,210,340,1.6154,110,140,250,1.2727,100,120,220,1.2,91,44
720,220,500,190,440,630,2.3158,170,340,510,2.0,160,300,460,1.875,130,220,350,1.6923,120,150,270,1.25,100,120,220,1.2,91,44
710,220,490,200,440,640,2.2,170,340,510,2.0,160,300,460,1.875,140,220,360,1.5714,120,140,260,1.1667,110,120,230,1.0909,91,44
720,220,500,190,430,620,2.2632,170,330,500,1.9412,150,290,440,1.9333,140,210,350,1.5,110,150,260,1.3636,100,120,220,1.2,91,44
730,220,510,190,440,630,2.3158,160,330,490,2.0625,150,280,430,1.8667,130,210,340,1.6154,110,150,260,1.3636,100,130,230,1.3,92,44
730,220,510,200,420,620,2.1,170,320,490,1.8824,160,270,430,1.6875,140,200,340,1.4286,120,140,260,1.1667,110,110,220,1.0,91,44
690,220,490,210,420,630,2.0,170,320,490,1.8824,170,280,450,1.6471,140,200,340,1.4286,120,130,250,1.0833,110,110,220,1.0,91,44
720,210,500,190,490,680,2.5789,170,380,550,2.2353,150,320,470,2.1333,130,230,360,1.7692,100,160,260,1.6,90,130,220,1.4444,90,43
710,220,490,190,440,630,2.3158,170,330,500,1.9412,160,290,450,1.8125,140,210,350,1.5,110,150,260,1.3636,100,120,220,1.2,91,43
720,220,500,200,430,630,2.15,170,330,500,1.9412,160,290,450,1.8125,130,210,340,1.6154,120,150,270,1.25,100,130,230,1.3,91,43
730,220,510,210,440,650,2.0952,180,330,510,1.8333,170,290,460,1.7059,130,210,340,1.6154,110,160,270,1.4545,100,130,230,1.3,91,43
710,220,500,200,420,620,2.1,180,320,500,1.7778,160,280,440,1.75,140,200,340,1.4286,120,150,270,1.25,100,120,220,1.2,90,43
690,210,480,190,420,610,2.2105,170,320,490,1.8824,150,280,430,1.8667,130,200,330,1.5385,110,140,250,1.2727,100,120,220,1.2,90,43
720,210,500,180,420,600,2.3333,160,320,480,2.0,150,280,430,1.8667,130,200,330,1.5385,100,150,250,1.5,100,120,220,1.2,90,43
710,220,490,200,440,640,2.2,180,340,520,1.8889,160,290,450,1.8125,140,200,340,1.4286,120,150,270,1.25,100,120,220,1.2,90,43
700,220,490,200,430,630,2.15,170,330,500,1.9412,160,280,440,1.75,140,210,350,1.5,120,150,270,1.25,100,120,220,1.2,90,43
720,210,500,190,430,620,2.2632,160,330,490,2.0625,150,290,440,1.9333,130,210,340,1.6154,110,150,260,1.3636,100,130,230,1.3,90,43
730,220,510,190,430,620,2.2632,170,340,510,2.0,160,290,450,1.8125,140,220,360,1.5714,110,150,260,1.3636,100,120,220,1.2,91,43
700,220,490,210,420,630,2.0,180,320,500,1.7778,170,290,460,1.7059,150,210,360,1.4,120,150,270,1.25,110,120,230,1.0909,90,43
700,210,480,180,420,600,2.3333,160,320,480,2.0,150,280,430,1.8667,130,200,330,1.5385,110,150,260,1.3636,100,120,220,1.2,90,43
710,220,490,190,420,610,2.2105,170,320,490,1.8824,160,270,430,1.6875,130,200,330,1.5385,120,140,260,1.1667,100,110,210,1.1,90,43
710,220,490,190,470,660,2.4737,170,370,540,2.1765,160,310,470,1.9375,140,210,350,1.5,110,140,250,1.2727,110,120,230,1.0909,90,43
710,220,490,200,420,620,2.1,170,320,490,1.8824,160,280,440,1.75,140,200,340,1.4286,120,150,270,1.25,100,120,220,1.2,90,43
710,220,490,200,430,630,2.15,170,330,500,1.9412,160,290,450,1.8125,140,210,350,1.5,120,150,270,1.25,100,120,220,1.2,90,43
730,220,500,200,420,620,2.1,170,320,490,1.8824,160,270,430,1.6875,140,190,330,1.3571,120,140,260,1.1667,100,130,230,1.3,90,43
710,230,490,200,420,620,2.1,170,330,500,1.9412,170,290,460,1.7059,140,210,350,1.5,120,150,270,1.25,110,120,230,1.0909,90,43
700,220,490,200,420,620,2.1,170,320,490,1.8824,160,270,430,1.6875,140,200,340,1.4286,120,140,260,1.1667,100,110,210,1.1,90,43
710,210,490,190,440,630,2.3158,170,340,510,2.0,160,290,450,1.8125,140,210,350,1.5,110,150,260,1.3636,100,120,220,1.2,90,43
720,220,490,190,450,640,2.3684,170,340,510,2.0,160,290,450,1.8125,130,210,340,1.6154,120,150,270,1.25,100,120,220,1.2,90,43
750,220,530,190,450,640,2.3684,160,340,500,2.125,160,300,460,1.875,130,220,350,1.6923,110,160,270,1.4545,90,140,230,1.5556,90,43
710,220,500,200,430,630,2.15,180,330,510,1.8333,170,280,450,1.6471,150,200,350,1.3333,120,140,260,1.1667,110,120,230,1.0909,90,43
710,210,490,190,420,610,2.2105,160,320,480,2.0,150,280,430,1.8667,130,200,330,1.5385,110,150,260,1.3636,100,120,220,1.2,90,43
720,220,490,200,410,610,2.05,170,320,490,1.8824,160,270,430,1.6875,130,190,320,1.4615,120,130,250,1.0833,100,110,210,1.1,90,43
710,230,490,200,440,640,2.2,170,330,500,1.9412,170,290,460,1.7059,140,210,350,1.5,130,140,270,1.0769,110,120,230,1.0909,89,43
720,220,490,200,430,630,2.15,170,340,510,2.0,160,280,440,1.75,140,220,360,1.5714,120,150,270,1.25,100,130,230,1.3,90,43
720,230,490,200,420,620,2.1,170,320,490,1.8824,160,280,440,1.75,140,200,340,1.4286,120,140,260,1.1667,110,120,230,1.0909,90,43
730,230,500,200,420,620,2.1,180,340,520,1.8889,160,290,450,1.8125,140,210,350,1.5,120,150,270,1.25,110,120,230,1.0909,90,43
710,230,500,210,430,640,2.0476,170,330,500,1.9412,170,290,460,1.7059,140,210,350,1.5,130,150,280,1.1538,110,120,230,1.0909,90,43
700,210,490,190,420,610,2.2105,160,320,480,2.0,150,270,420,1.8,130,200,330,1.5385,110,140,250,1.2727,90,120,210,1.3333,90,43
720,210,500,180,460,640,2.5556,160,350,510,2.1875,150,290,440,1.9333,130,200,330,1.5385,110,150,260,1.3636,100,120,220,1.2,90,43
720,220,490,190,440,630,2.3158,170,340,510,2.0,160,290,450,1.8125,140,210,350,1.5,110,160,270,1.4545,100,120,220,1.2,90,43
720,230,490,200,420,620,2.1,180,320,500,1.7778,170,280,450,1.6471,140,200,340,1.4286,120,150,270,1.25,100,120,220,1.2,90,43
720,230,500,200,420,620,2.1,180,320,500,1.7778,170,280,450,1.6471,140,210,350,1.5,120,150,270,1.25,100,120,220,1.2,90,43
730,220,510,200,440,640,2.2,180,320,500,1.7778,160,280,440,1.75,140,200,340,1.4286,120,150,270,1.25,100,120,220,1.2,90,43
730,220,510,190,430,620,2.2632,170,340,510,2.0,150,290,440,1.9333,140,210,350,1.5,110,150,260,1.3636,100,130,230,1.3,90,43
710,220,490,200,420,620,2.1,170,310,480,1.8235,160,260,420,1.625,130,190,320,1.4615,120,140,260,1.1667,100,100,200,1.0,90,43
720,220,500,190,420,610,2.2105,170,320,490,1.8824,160,270,430,1.6875,140,190,330,1.3571,110,140,250,1.2727,110,110,220,1.0,90,43
720,220,500,190,450,640,2.3684,170,340,510,2.0,150,290,440,1.9333,140,200,340,1.4286,110,150,260,1.3636,100,120,220,1.2,89,43
730,220,500,190,460,650,2.4211,160,350,510,2.1875,150,310,460,2.0667,130,230,360,1.7692,110,160,270,1.4545,90,130,220,1.4444,89,43
730,230,500,200,430,630,2.15,170,330,500,1.9412,160,280,440,1.75,140,210,350,1.5,120,150,270,1.25,110,120,230,1.0909,89,43
720,230,510,210,450,660,2.1429,170,340,510,2.0,170,290,460,1.7059,140,210,350,1.5,120,160,280,1.3333,110,130,240,1.1818,89,43
720,210,500,210,430,640,2.0476,170,330,500,1.9412,170,290,460,1.7059,140,210,350,1.5,120,150,270,1.25,100,120,220,1.2,89,43
720,220,500,200,430,630,2.15,170,330,500,1.9412,170,270,440,1.5882,140,200,340,1.4286,120,140,260,1.1667,100,110,210,1.1,88,42
720,220,490,200,470,670,2.35,170,330,500,1.9412,160,280,440,1.75,140,200,340,1.4286,120,140,260,1.1667,100,120,220,1.2,88,42
720,230,490,200,450,650,2.25,170,340,510,2.0,170,290,460,1.7059,140,210,350,1.5,120,150,270,1.25,100,120,220,1.2,88,42
720,230,490,200,420,620,2.1,170,320,490,1.8824,170,270,440,1.5882,140,200,340,1.4286,120,140,260,1.1667,110,120,230,1.0909,88,42
720,230,500,200,420,620,2.1,170,320,490,1.8824,170,280,450,1.6471,140,210,350,1.5,120,150,270,1.25,110,120,230,1.0909,88,42
730,220,510,190,460,650,2.4211,170,360,530,2.1176,160,310,470,1.9375,130,230,360,1.7692,110,170,280,1.5455,90,130,220,1.4444,88,42
710,220,500,200,430,630,2.15,180,320,500,1.7778,160,280,440,1.75,140,200,340,1.4286,110,150,260,1.3636,100,120,220,1.2,88,42
720,210,510,230,420,650,1.8261,170,320,490,1.8824,170,270,440,1.5882,130,190,320,1.4615,110,160,270,1.4545,100,130,230,1.3,87,42
720,210,500,190,420,610,2.2105,170,310,480,1.8235,160,270,430,1.6875,130,190,320,1.4615,110,140,250,1.2727,100,110,210,1.1,87,42
710,220,490,190,450,640,2.3684,170,340,510,2.0,160,290,450,1.8125,130,210,340,1.6154,120,150,270,1.25,100,120,220,1.2,87,42
730,220,500,190,450,640,2.3684,160,350,510,2.1875,160,300,460,1.875,130,220,350,1.6923,110,170,280,1.5455,90,140,230,1.5556,88,42
730,230,500,200,430,630,2.15,170,320,490,1.8824,170,280,450,1.6471,140,210,350,1.5,120,140,260,1.1667,100,120,220,1.2,88,42
720,230,500,200,430,630,2.15,180,320,500,1.7778,170,280,450,1.6471,140,200,340,1.4286,120,150,270,1.25,100,110,210,1.1,88,42
720,220,500,210,430,640,2.0476,180,320,500,1.7778,170,280,450,1.6471,140,200,340,1.4286,130,150,280,1.1538,110,120,230,1.0909,88,42
720,220,500,190,420,610,2.2105,170,320,490,1.8824,160,270,430,1.6875,140,200,340,1.4286,110,140,250,1.2727,100,120,220,1.2,87,42
720,220,500,200,420,620,2.1,180,320,500,1.7778,160,270,430,1.6875,140,200,340,1.4286,120,140,260,1.1667,100,110,210,1.1,87,42
730,220,510,200,480,680,2.4,180,360,540,2.0,160,300,460,1.875,140,210,350,1.5,110,160,270,1.4545,100,120,220,1.2,87,42
730,220,500,190,450,640,2.3684,170,340,510,2.0,160,290,450,1.8125,140,210,350,1.5,110,150,260,1.3636,100,120,220,1.2,88,42
740,230,510,200,430,630,2.15,170,340,510,2.0,160,290,450,1.8125,140,210,350,1.5,120,150,270,1.25,100,120,220,1.2,88,42
720,230,510,200,430,630,2.15,180,330,510,1.8333,160,280,440,1.75,140,200,340,1.4286,120,150,270,1.25,100,120,220,1.2,88,42
730,210,510,200,440,640,2.2,170,330,500,1.9412,160,280,440,1.75,140,210,350,1.5,110,160,270,1.4545,100,120,220,1.2,87,42
730,220,510,190,430,620,2.2632,170,310,480,1.8235,150,270,420,1.8,140,190,330,1.3571,110,140,250,1.2727,100,110,210,1.1,86,42
730,220,510,200,440,640,2.2,170,330,500,1.9412,160,290,450,1.8125,140,210,350,1.5,120,140,260,1.1667,100,120,220,1.2,86,42
740,220,510,200,450,650,2.25,170,350,520,2.0588,160,290,450,1.8125,130,210,340,1.6154,120,160,280,1.3333,100,120,220,1.2,86,42
740,230,510,200,470,670,2.35,180,360,540,2.0,160,320,480,2.0,150,230,380,1.5333,110,170,280,1.5455,110,140,250,1.2727,86,42
740,230,520,210,440,650,2.0952,180,330,510,1.8333,170,290,460,1.7059,140,210,350,1.5,130,160,290,1.2308,110,130,240,1.1818,87,42
740,220,520,190,440,630,2.3158,170,350,520,2.0588,150,300,450,2.0,130,230,360,1.7692,110,160,270,1.4545,100,140,240,1.4,87,42
730,220,520,220,440,660,2.0,180,330,510,1.8333,170,290,460,1.7059,140,210,350,1.5,120,160,280,1.3333,110,130,240,1.1818,86,42
740,210,520,190,440,630,2.3158,170,330,500,1.9412,150,280,430,1.8667,140,200,340,1.4286,110,150,260,1.3636,100,120,220,1.2,85,41
740,220,510,200,460,660,2.3,170,350,520,2.0588,160,300,460,1.875,140,220,360,1.5714,120,150,270,1.25,100,130,230,1.3,85,41
740,230,510,210,500,710,2.381,190,380,570,2.0,170,320,490,1.8824,140,230,370,1.6429,120,160,280,1.3333,100,130,230,1.3,85,41
740,230,510,200,440,640,2.2,170,340,510,2.0,160,260,420,1.625,140,210,350,1.5,120,150,270,1.25,100,130,230,1.3,86,41
750,230,520,210,430,640,2.0476,190,350,540,1.8421,170,300,470,1.7647,140,210,350,1.5,120,160,280,1.3333,100,120,220,1.2,86,41
730,230,510,210,440,650,2.0952,180,330,510,1.8333,170,290,460,1.7059,150,210,360,1.4,130,150,280,1.1538,110,120,230,1.0909,86,41
720,220,510,200,440,640,2.2,180,330,510,1.8333,160,280,440,1.75,140,210,350,1.5,110,150,260,1.3636,100,120,220,1.2,86,41
750,210,520,180,460,640,2.5556,160,350,510,2.1875,150,300,450,2.0,130,210,340,1.6154,100,150,250,1.5,100,120,220,1.2,85,41
730,230,500,210,460,670,2.1905,170,350,520,2.0588,170,290,460,1.7059,140,210,350,1.5,130,150,280,1.1538,110,120,230,1.0909,85,41
750,230,520,200,450,650,2.25,180,350,530,1.9444,160,300,460,1.875,140,220,360,1.5714,110,160,270,1.4545,100,130,230,1.3,85,41
730,230,510,210,440,650,2.0952,180,330,510,1.8333,170,290,460,1.7059,150,210,360,1.4,130,150,280,1.1538,120,130,250,1.0833,85,41
750,220,530,190,480,670,2.5263,170,370,540,2.1765,160,320,480,2.0,140,230,370,1.6429,110,160,270,1.4545,100,140,240,1.4,86,41
720,220,510,210,410,620,1.9524,180,310,490,1.7222,170,260,430,1.5294,140,190,330,1.3571,130,130,260,1.0,110,110,220,1.0,86,41
740,210,520,230,450,680,1.9565,190,310,500,1.6316,170,270,440,1.5882,140,190,330,1.3571,110,140,250,1.2727,90,120,210,1.3333,86,41
730,220,510,190,470,660,2.4737,170,360,530,2.1176,160,310,470,1.9375,140,210,350,1.5,110,150,260,1.3636,110,120,230,1.0909,85,41
740,220,430,200,410,610,2.05,170,310,480,1.8235,160,270,430,1.6875,140,200,340,1.4286,120,140,260,1.1667,100,120,220,1.2,85,41
730,310,500,210,490,700,2.3333,180,380,560,2.1111,170,320,490,1.8824,140,240,380,1.7143,120,160,280,1.3333,100,130,230,1.3,85,41
740,230,510,200,450,650,2.25,180,340,520,1.8889,160,300,460,1.875,140,220,360,1.5714,110,150,260,1.3636,110,130,240,1.1818,85,41
730,230,510,210,420,630,2.0,180,310,490,1.7222,170,290,460,1.7059,150,210,360,1.4,130,160,290,1.2308,110,130,240,1.1818,86,41
730,220,520,200,440,640,2.2,170,340,510,2.0,160,290,450,1.8125,140,210,350,1.5,110,160,270,1.4545,100,130,230,1.3,86,41
720,210,510,190,430,620,2.2632,170,320,490,1.8824,160,280,440,1.75,130,200,330,1.5385,110,150,260,1.3636,100,120,220,1.2,85,41
740,210,510,190,440,630,2.3158,170,340,510,2.0,150,300,450,2.0,130,220,350,1.6923,110,150,260,1.3636,100,130,230,1.3,85,41
720,230,490,200,450,650,2.25,170,340,510,2.0,170,290,460,1.7059,140,210,350,1.5,120,150,270,1.25,110,120,230,1.0909,85,41
720,230,490,200,440,640,2.2,170,330,500,1.9412,160,290,450,1.8125,140,210,350,1.5,120,160,280,1.3333,100,130,230,1.3,85,41
750,230,520,200,430,630,2.15,170,330,500,1.9412,170,290,460,1.7059,130,210,340,1.6154,120,150,270,1.25,100,130,230,1.3,86,42
720,230,500,210,430,640,2.0476,180,340,520,1.8889,170,290,460,1.7059,150,210,360,1.4,120,150,270,1.25,110,120,230,1.0909,86,42
730,220,510,200,430,630,2.15,170,340,510,2.0,160,290,450,1.8125,140,220,360,1.5714,120,150,270,1.25,100,130,230,1.3,86,42
710,220,490,190,430,620,2.2632,170,330,500,1.9412,160,280,440,1.75,130,200,330,1.5385,110,140,250,1.2727,100,120,220,1.2,86,42
730,220,500,200,430,630,2.15,170,320,490,1.8824,160,280,440,1.75,130,200,330,1.5385,120,140,260,1.1667,100,120,220,1.2,86,42
730,230,500,200,450,650,2.25,170,350,520,2.0588,160,300,460,1.875,140,210,350,1.5,120,160,280,1.3333,100,130,230,1.3,86,42
730,230,500,200,440,640,2.2,180,330,510,1.8333,160,280,440,1.75,140,210,350,1.5,120,160,280,1.3333,100,120,220,1.2,86,42
740,230,510,200,430,630,2.15,180,320,500,1.7778,170,280,450,1.6471,150,200,350,1.3333,120,150,270,1.25,110,120,230,1.0909,87,42
730,230,510,200,440,640,2.2,170,330,500,1.9412,160,300,460,1.875,140,220,360,1.5714,120,160,280,1.3333,100,130,230,1.3,87,42
720,220,510,190,440,630,2.3158,170,330,500,1.9412,160,280,440,1.75,140,210,350,1.5,110,160,270,1.4545,100,120,220,1.2,86,42
730,210,510,200,440,640,2.2,170,330,500,1.9412,160,280,440,1.75,140,200,340,1.4286,110,150,260,1.3636,100,120,220,1.2,86,42
720,220,500,190,470,660,2.4737,170,360,530,2.1176,150,310,460,2.0667,140,220,360,1.5714,110,150,260,1.3636,110,110,220,1.0,86,42
750,220,510,190,450,640,2.3684,170,350,520,2.0588,160,300,460,1.875,140,230,370,1.6429,110,160,270,1.4545,100,130,230,1.3,86,42
720,240,490,210,460,670,2.1905,180,350,530,1.9444,180,300,480,1.6667,150,210,360,1.4,130,150,280,1.1538,110,120,230,1.0909,86,42
740,230,520,200,490,690,2.45,180,370,550,2.0556,170,320,490,1.8824,140,220,360,1.5714,120,160,280,1.3333,110,120,230,1.0909,86,42
730,220,520,200,450,650,2.25,170,340,510,2.0,160,290,450,1.8125,140,220,360,1.5714,120,160,280,1.3333,100,130,230,1.3,86,42
710,210,510,230,450,680,1.9565,190,360,550,1.8947,170,310,480,1.8235,140,230,370,1.6429,120,170,290,1.4167,110,130,240,1.1818,86,42
730,200,510,190,480,670,2.5263,160,350,510,2.1875,150,310,460,2.0667,130,220,350,1.6923,120,150,270,1.25,100,120,220,1.2,86,42
730,220,510,190,460,650,2.4211,170,350,520,2.0588,160,300,460,1.875,130,220,350,1.6923,120,160,280,1.3333,100,130,230,1.3,85,41
740,220,490,190,500,690,2.6316,170,300,470,1.7647,160,250,410,1.5625,140,200,340,1.4286,110,140,250,1.2727,100,120,220,1.2,85,41
720,250,500,210,480,690,2.2857,190,370,560,1.9474,170,300,470,1.7647,150,220,370,1.4667,120,150,270,1.25,110,120,230,1.0909,85,41
750,220,520,200,420,620,2.1,170,330,500,1.9412,160,300,460,1.875,140,220,360,1.5714,120,150,270,1.25,110,120,230,1.0909,86,41
730,230,510,250,430,680,1.72,190,350,540,1.8421,170,350,520,2.0588,150,240,390,1.6,120,170,290,1.4167,110,140,250,1.2727,85,41
720,220,510,200,430,630,2.15,160,330,490,2.0625,160,290,450,1.8125,130,210,340,1.6154,120,140,260,1.1667,100,120,220,1.2,85,41
730,210,510,200,430,630,2.15,170,320,490,1.8824,160,280,440,1.75,130,200,330,1.5385,120,140,260,1.1667,100,110,210,1.1,85,41
730,220,510,200,490,690,2.45,170,400,570,2.3529,160,340,500,2.125,140,250,390,1.7857,120,150,270,1.25,100,120,220,1.2,85,41
720,220,500,200,430,630,2.15,180,320,500,1.7778,160,280,440,1.75,140,210,350,1.5,110,160,270,1.4545,100,120,220,1.2,85,41
730,220,510,190,440,630,2.3158,170,330,500,1.9412,160,290,450,1.8125,140,210,350,1.5,110,160,270,1.4545,100,130,230,1.3,85,41
730,220,520,200,440,640,2.2,170,330,500,1.9412,160,280,440,1.75,140,200,340,1.4286,110,150,260,1.3636,100,110,210,1.1,86,42
720,210,510,200,430,630,2.15,160,340,500,2.125,160,290,450,1.8125,130,210,340,1.6154,110,150,260,1.3636,100,120,220,1.2,86,42
700,210,490,190,420,610,2.2105,160,310,470,1.9375,160,270,430,1.6875,140,200,340,1.4286,120,140,260,1.1667,110,110,220,1.0,86,42
720,230,510,220,430,650,1.9545,180,360,540,2.0,180,310,490,1.7222,150,220,370,1.4667,130,160,290,1.2308,110,120,230,1.0909,87,42
710,210,490,190,420,610,2.2105,170,320,490,1.8824,160,280,440,1.75,140,200,340,1.4286,110,150,260,1.3636,100,120,220,1.2,86,42
720,220,500,200,420,620,2.1,170,320,490,1.8824,160,280,440,1.75,130,200,330,1.5385,120,140,260,1.1667,100,110,210,1.1,86,42
730,220,500,190,490,680,2.5789,170,390,560,2.2941,160,310,470,1.9375,130,210,340,1.6154,120,160,280,1.3333,100,130,230,1.3,86,42
720,230,490,200,440,640,2.2,180,330,510,1.8333,170,280,450,1.6471,140,210,350,1.5,120,150,270,1.25,100,120,220,1.2,86,42
720,230,500,200,430,630,2.15,180,320,500,1.7778,170,280,450,1.6471,140,200,340,1.4286,120,150,270,1.25,100,120,220,1.2,86,42
730,220,510,200,430,630,2.15,180,320,500,1.7778,160,280,440,1.75,140,200,340,1.4286,120,160,280,1.3333,100,120,220,1.2,87,42
730,220,510,190,440,630,2.3158,170,340,510,2.0,150,300,450,2.0,140,220,360,1.5714,110,160,270,1.4545,100,130,230,1.3,87,42
700,220,490,190,420,610,2.2105,160,320,480,2.0,160,270,430,1.6875,130,200,330,1.5385,120,140,260,1.1667,100,120,220,1.2,86,42
730,210,510,180,440,620,2.4444,160,330,490,2.0625,150,280,430,1.8667,130,210,340,1.6154,100,160,260,1.6,100,120,220,1.2,86,42
740,220,510,190,440,630,2.3158,170,340,510,2.0,160,290,450,1.8125,140,210,350,1.5,110,150,260,1.3636,110,120,230,1.0909,86,42
720,230,490,210,430,640,2.0476,170,330,500,1.9412,170,280,450,1.6471,140,210,350,1.5,130,150,280,1.1538,110,120,230,1.0909,86,42
730,230,510,200,450,650,2.25,170,340,510,2.0,160,300,460,1.875,130,210,340,1.6154,110,160,270,1.4545,90,130,220,1.4444,87,42
750,220,520,200,440,640,2.2,180,340,520,1.8889,160,300,460,1.875,140,220,360,1.5714,110,160,270,1.4545,100,130,230,1.3,87,42
730,230,500,210,440,650,2.0952,180,330,510,1.8333,170,290,460,1.7059,150,210,360,1.4,130,150,280,1.1538,110,120,230,1.0909,86,42
710,230,490,200,420,620,2.1,180,320,500,1.7778,160,270,430,1.6875,140,200,340,1.4286,120,140,260,1.1667,100,120,220,1.2,86,42
730,220,510,190,430,620,2.2632,170,330,500,1.9412,160,280,440,1.75,130,210,340,1.6154,110,140,250,1.2727,100,120,220,1.2,86,42
730,220,510,200,470,670,2.35,170,350,520,2.0588,160,300,460,1.875,140,220,360,1.5714,120,160,280,1.3333,100,120,220,1.2,86,42
730,220,500,190,430,620,2.2632,170,330,500,1.9412,160,280,440,1.75,140,210,350,1.5,110,150,260,1.3636,100,120,220,1.2,86,42
730,230,510,200,440,640,2.2,180,330,510,1.8333,160,290,450,1.8125,140,210,350,1.5,120,150,270,1.25,110,120,230,1.0909,87,42
760,220,530,200,430,630,2.15,170,320,490,1.8824,160,270,430,1.6875,130,220,350,1.6923,120,160,280,1.3333,100,130,230,1.3,87,42
730,230,520,210,430,640,2.0476,180,330,510,1.8333,170,290,460,1.7059,150,210,360,1.4,130,150,280,1.1538,110,130,240,1.1818,86,42
720,210,500,190,420,610,2.2105,170,320,490,1.8824,160,280,440,1.75,140,200,340,1.4286,110,140,250,1.2727,100,120,220,1.2,86,42
740,220,510,200,450,650,2.25,170,360,530,2.1176,160,290,450,1.8125,140,200,340,1.4286,110,150,260,1.3636,100,120,220,1.2,86,42
730,230,500,200,450,650,2.25,170,340,510,2.0,160,300,460,1.875,140,220,360,1.5714,120,150,270,1.25,100,120,220,1.2,86,42
730,230,510,200,450,650,2.25,170,360,530,2.1176,170,310,480,1.8235,140,220,360,1.5714,130,160,290,1.2308,110,130,240,1.1818,86,42
730,220,510,200,470,670,2.35,180,360,540,2.0,160,310,470,1.9375,140,230,370,1.6429,120,160,280,1.3333,100,130,230,1.3,86,42
730,220,510,190,450,640,2.3684,170,350,520,2.0588,160,310,470,1.9375,140,230,370,1.6429,110,160,270,1.4545,100,130,230,1.3,86,42
720,220,520,210,440,650,2.0952,180,340,520,1.8889,170,290,460,1.7059,140,210,350,1.5,120,150,270,1.25,110,120,230,1.0909,86,42
720,200,500,200,430,630,2.15,160,340,500,2.125,160,290,450,1.8125,130,210,340,1.6154,120,150,270,1.25,100,120,220,1.2,85,41
740,220,510,190,460,650,2.4211,160,350,510,2.1875,160,300,460,1.875,130,220,350,1.6923,110,150,260,1.3636,90,130,220,1.4444,85,41
730,230,510,200,460,660,2.3,180,340,520,1.8889,170,300,470,1.7647,140,210,350,1.5,120,160,280,1.3333,100,120,220,1.2,86,41
730,220,500,200,430,630,2.15,180,330,510,1.8333,160,290,450,1.8125,140,210,350,1.5,120,150,270,1.25,110,120,230,1.0909,86,42
740,230,500,200,450,650,2.25,170,340,510,2.0,160,300,460,1.875,140,220,360,1.5714,120,150,270,1.25,100,130,230,1.3,86,42
730,240,510,220,420,640,1.9091,190,320,510,1.6842,180,280,460,1.5556,150,230,380,1.5333,130,160,290,1.2308,110,120,230,1.0909,86,42
720,220,510,190,430,620,2.2632,170,330,500,1.9412,160,290,450,1.8125,140,210,350,1.5,110,150,260,1.3636,110,120,230,1.0909,85,42
730,210,510,190,430,620,2.2632,160,330,490,2.0625,150,280,430,1.8667,130,200,330,1.5385,110,150,260,1.3636,100,120,220,1.2,85,41
730,220,500,200,470,670,2.35,170,380,550,2.2353,160,320,480,2.0,140,230,370,1.6429,120,170,290,1.4167,100,130,230,1.3,85,41
730,230,500,200,440,640,2.2,170,340,510,2.0,170,290,460,1.7059,140,210,350,1.5,120,150,270,1.25,110,120,230,1.0909,85,41
720,230,500,210,430,640,2.0476,180,320,500,1.7778,170,280,450,1.6471,140,200,340,1.4286,120,140,260,1.1667,110,120,230,1.0909,85,42
750,220,520,210,440,650,2.0952,180,340,520,1.8889,170,290,460,1.7059,140,220,360,1.5714,120,160,280,1.3333,100,120,220,1.2,85,42
730,230,510,210,430,640,2.0476,180,330,510,1.8333,170,290,460,1.7059,150,210,360,1.4,130,150,280,1.1538,110,120,230,1.0909,85,42
730,220,510,190,440,630,2.3158,170,340,510,2.0,160,290,450,1.8125,140,200,340,1.4286,120,150,270,1.25,100,120,220,1.2,85,42
730,220,510,190,440,630,2.3158,170,340,510,2.0,160,290,450,1.8125,140,200,340,1.4286,110,150,260,1.3636,110,110,220,1.0,85,42
740,220,520,200,470,670,2.35,170,350,520,2.0588,160,300,460,1.875,130,220,350,1.6923,120,160,280,1.3333,100,130,230,1.3,85,42
740,220,510,190,470,660,2.4737,170,350,520,2.0588,160,300,460,1.875,140,220,360,1.5714,120,160,280,1.3333,100,130,230,1.3,85,42
750,230,520,200,440,640,2.2,170,330,500,1.9412,160,290,450,1.8125,140,210,350,1.5,120,150,270,1.25,100,120,220,1.2,86,42
730,230,510,210,450,660,2.1429,180,350,530,1.9444,170,290,460,1.7059,150,210,360,1.4,130,150,280,1.1538,110,120,230,1.0909,85,42
740,220,520,220,440,660,2.0,180,340,520,1.8889,160,290,450,1.8125,140,220,360,1.5714,120,160,280,1.3333,100,130,230,1.3,85,42
720,220,510,190,430,620,2.2632,170,320,490,1.8824,160,280,440,1.75,140,200,340,1.4286,120,140,260,1.1667,100,120,220,1.2,85,42
730,210,510,190,440,630,2.3158,170,330,500,1.9412,150,280,430,1.8667,140,200,340,1.4286,110,150,260,1.3636,100,120,220,1.2,85,42
730,220,510,190,470,660,2.4737,170,380,550,2.2353,160,330,490,2.0625,140,240,380,1.7143,110,180,290,1.6364,110,150,260,1.3636,85,42
730,220,500,200,440,640,2.2,170,340,510,2.0,160,290,450,1.8125,140,220,360,1.5714,120,150,270,1.25,110,120,230,1.0909,85,42
730,220,510,200,440,640,2.2,180,340,520,1.8889,160,300,460,1.875,140,220,360,1.5714,110,150,260,1.3636,110,120,230,1.0909,84,42
720,220,500,200,440,640,2.2,170,330,500,1.9412,160,280,440,1.75,140,200,340,1.4286,120,140,260,1.1667,100,110,210,1.1,84,42
730,220,500,200,470,670,2.35,170,370,540,2.1765,160,310,470,1.9375,130,220,350,1.6923,120,150,270,1.25,100,130,230,1.3,84,42
730,230,500,200,440,640,2.2,170,330,500,1.9412,170,290,460,1.7059,140,210,350,1.5,120,150,270,1.25,100,120,220,1.2,84,42
740,230,510,200,440,640,2.2,180,340,520,1.8889,170,290,460,1.7059,140,220,360,1.5714,120,160,280,1.3333,100,120,220,1.2,84,42
740,230,510,200,440,640,2.2,170,340,510,2.0,160,290,450,1.8125,140,210,350,1.5,120,150,270,1.25,110,120,230,1.0909,84,42
720,230,510,200,450,650,2.25,180,340,520,1.8889,170,300,470,1.7647,140,210,350,1.5,120,160,280,1.3333,100,120,220,1.2,83,42
730,210,520,210,440,650,2.0952,180,320,500,1.7778,160,280,440,1.75,140,220,360,1.5714,110,160,270,1.4545,100,130,230,1.3,83,42
730,210,510,190,440,630,2.3158,160,340,500,2.125,150,290,440,1.9333,140,210,350,1.5,110,150,260,1.3636,100,120,220,1.2,83,42
730,220,510,190,440,630,2.3158,160,340,500,2.125,160,280,440,1.75,130,200,330,1.5385,120,140,260,1.1667,100,110,210,1.1,83,42
730,220,510,200,490,690,2.45,170,390,560,2.2941,160,330,490,2.0625,140,250,390,1.7857,120,180,300,1.5,100,150,250,1.5,83,41
730,220,510,200,440,640,2.2,170,330,500,1.9412,160,280,440,1.75,140,200,340,1.4286,120,150,270,1.25,100,120,220,1.2,83,41
740,220,510,190,450,640,2.3684,170,350,520,2.0588,160,300,460,1.875,140,220,360,1.5714,110,150,260,1.3636,110,120,230,1.0909,83,41
720,230,500,210,430,640,2.0476,180,330,510,1.8333,170,290,460,1.7059,150,210,360,1.4,130,150,280,1.1538,120,120,240,1.0,83,41
720,220,510,200,450,650,2.25,170,330,500,1.9412,160,290,450,1.8125,130,210,340,1.6154,120,160,280,1.3333,100,130,230,1.3,82,41
730,210,500,190,440,630,2.3158,170,330,500,1.9412,150,280,430,1.8667,130,200,330,1.5385,110,150,260,1.3636,90,120,210,1.3333,82,41
730,230,510,200,520,720,2.6,180,390,570,2.1667,170,320,490,1.8824,140,220,360,1.5714,120,160,280,1.3333,100,120,220,1.2,82,41
730,220,500,200,440,640,2.2,180,330,510,1.8333,160,290,450,1.8125,140,210,350,1.5,120,150,270,1.25,110,110,220,1.0,82,41
730,230,500,210,440,650,2.0952,180,350,530,1.9444,170,300,470,1.7647,150,220,370,1.4667,120,150,270,1.25,110,120,230,1.0909,82,41
730,230,500,200,450,650,2.25,170,340,510,2.0,170,300,470,1.7647,140,210,350,1.5,120,150,270,1.25,100,130,230,1.3,82,41
720,230,500,200,430,630,2.15,180,330,510,1.8333,170,290,460,1.7059,140,210,350,1.5,120,160,280,1.3333,110,120,230,1.0909,82,41
720,220,510,210,440,650,2.0952,180,320,500,1.7778,160,280,440,1.75,140,210,350,1.5,120,160,280,1.3333,100,120,220,1.2,81,41
720,210,500,190,440,630,2.3158,170,320,490,1.8824,160,280,440,1.75,140,200,340,1.4286,110,140,250,1.2727,100,120,220,1.2,81,41
730,220,510,190,460,650,2.4211,170,360,530,2.1176,150,310,460,2.0667,140,220,360,1.5714,110,160,270,1.4545,100,120,220,1.2,81,41
730,220,500,190,490,680,2.5789,170,390,560,2.2941,160,340,500,2.125,140,240,380,1.7143,110,180,290,1.6364,100,120,220,1.2,82,41
720,230,500,200,430,630,2.15,170,330,500,1.9412,160,280,440,1.75,140,210,350,1.5,120,150,270,1.25,110,120,230,1.0909,82,41
740,220,520,200,440,640,2.2,170,340,510,2.0,160,290,450,1.8125,140,220,360,1.5714,120,150,270,1.25,100,130,230,1.3,82,41
740,220,520,220,440,660,2.0,180,330,510,1.8333,170,280,450,1.6471,140,200,340,1.4286,120,140,260,1.1667,100,120,220,1.2,82,41
710,220,500,200,430,630,2.15,170,340,510,2.0,160,280,440,1.75,140,200,340,1.4286,120,140,260,1.1667,110,120,230,1.0909,81,41
740,210,510,200,440,640,2.2,160,330,490,2.0625,150,270,420,1.8,130,190,320,1.4615,110,150,260,1.3636,100,110,210,1.1,81,41
730,230,500,200,510,710,2.55,170,400,570,2.3529,170,330,500,1.9412,140,220,360,1.5714,130,150,280,1.1538,110,120,230,1.0909,81,41
720,230,500,210,440,650,2.0952,180,330,510,1.8333,170,280,450,1.6471,140,200,340,1.4286,130,150,280,1.1538,110,120,230,1.0909,82,41
740,220,510,210,470,680,2.2381,180,360,540,2.0,160,300,460,1.875,140,220,360,1.5714,120,160,280,1.3333,100,130,230,1.3,82,41
740,230,510,200,430,630,2.15,180,340,520,1.8889,170,300,470,1.7647,150,220,370,1.4667,120,150,270,1.25,110,120,230,1.0909,82,41
720,230,510,210,440,650,2.0952,180,330,510,1.8333,170,290,460,1.7059,140,210,350,1.5,120,160,280,1.3333,110,120,230,1.0909,82,41
730,210,510,190,440,630,2.3158,170,340,510,2.0,150,290,440,1.9333,140,210,350,1.5,110,160,270,1.4545,100,120,220,1.2,82,41
730,220,510,190,430,620,2.2632,170,320,490,1.8824,160,280,440,1.75,140,190,330,1.3571,110,140,250,1.2727,100,110,210,1.1,82,41
730,220,500,200,460,660,2.3,180,340,520,1.8889,160,290,450,1.8125,140,210,350,1.5,120,140,260,1.1667,110,110,220,1.0,82,41
730,230,510,200,480,680,2.4,170,370,540,2.1765,160,320,480,2.0,140,230,370,1.6429,120,160,280,1.3333,100,130,230,1.3,82,41
750,220,520,190,450,640,2.3684,170,350,520,2.0588,160,300,460,1.875,140,220,360,1.5714,110,160,270,1.4545,100,130,230,1.3,82,41
730,230,510,210,440,650,2.0952,180,330,510,1.8333,170,290,460,1.7059,140,210,350,1.5,130,150,280,1.1538,110,120,230,1.0909,82,41
740,220,520,220,440,660,2.0,180,330,510,1.8333,170,280,450,1.6471,140,200,340,1.4286,120,150,270,1.25,100,120,220,1.2,82,41
720,220,500,200,430,630,2.15,180,330,510,1.8333,160,290,450,1.8125,140,210,350,1.5,120,140,260,1.1667,110,120,230,1.0909,82,41
720,220,500,190,430,620,2.2632,160,320,480,2.0,160,280,440,1.75,130,200,330,1.5385,120,140,260,1.1667,100,110,210,1.1,82,41
740,220,500,200,480,680,2.4,170,380,550,2.2353,160,320,480,2.0,140,220,360,1.5714,120,160,280,1.3333,100,130,230,1.3,82,41
720,240,500,210,440,650,2.0952,180,330,510,1.8333,170,280,450,1.6471,140,200,340,1.4286,120,150,270,1.25,110,120,230,1.0909,82,41
740,220,510,200,470,670,2.35,170,360,530,2.1176,160,310,470,1.9375,140,220,360,1.5714,110,160,270,1.4545,100,130,230,1.3,82,41
730,230,500,200,440,640,2.2,170,330,500,1.9412,160,290,450,1.8125,140,210,350,1.5,120,150,270,1.25,110,120,230,1.0909,82,41
720,230,500,210,430,640,2.0476,180,330,510,1.8333,170,290,460,1.7059,140,210,350,1.5,120,150,270,1.25,110,120,230,1.0909,82,41
710,220,500,200,420,620,2.1,170,330,500,1.9412,160,290,450,1.8125,130,210,340,1.6154,120,140,260,1.1667,100,120,220,1.2,82,41
700,210,490,180,470,650,2.6111,160,380,540,2.375,140,340,480,2.4286,130,250,380,1.9231,100,190,290,1.9,90,160,250,1.7778,93,46
700,210,490,190,440,630,2.3158,160,340,500,2.125,150,290,440,1.9333,130,220,350,1.6923,110,150,260,1.3636,90,130,220,1.4444,94,46
700,210,480,180,430,610,2.3889,160,330,490,2.0625,150,280,430,1.8667,140,210,350,1.5,110,160,270,1.4545,100,120,220,1.2,94,46
710,220,490,190,420,610,2.2105,160,310,470,1.9375,160,260,420,1.625,130,180,310,1.3846,110,120,230,1.0909,100,90,190,0.9,94,46
690,220,480,190,420,610,2.2105,160,330,490,2.0625,150,280,430,1.8667,140,210,350,1.5,110,150,260,1.3636,100,120,220,1.2,94,46
670,210,470,180,410,590,2.2778,160,320,480,2.0,150,270,420,1.8,130,200,330,1.5385,110,140,250,1.2727,90,120,210,1.3333,94,46
680,200,480,190,390,580,2.0526,150,290,440,1.9333,150,250,400,1.6667,120,170,290,1.4167,110,120,230,1.0909,90,100,190,1.1111,93,46
690,200,480,180,410,590,2.2778,150,310,460,2.0667,150,270,420,1.8,120,190,310,1.5833,110,140,250,1.2727,90,110,200,1.2222,93,46
710,210,470,190,410,600,2.1579,160,300,460,1.875,150,260,410,1.7333,130,180,310,1.3846,110,130,240,1.1818,100,100,200,1.0,93,46
640,240,440,210,390,600,1.8571,190,280,470,1.4737,180,230,410,1.2778,150,160,310,1.0667,130,110,240,0.84615,110,90,200,0.81818,94,46
680,200,480,170,430,600,2.5294,150,320,470,2.1333,140,270,410,1.9286,120,190,310,1.5833,100,150,250,1.5,80,120,200,1.5,95,47
690,200,490,180,420,600,2.3333,150,310,460,2.0667,150,270,420,1.8,120,190,310,1.5833,110,140,250,1.2727,90,110,200,1.2222,95,47
670,200,480,180,410,590,2.2778,160,300,460,1.875,150,250,400,1.6667,120,170,290,1.4167,110,110,220,1.0,90,90,180,1.0,95,47
660,190,470,170,400,570,2.3529,150,300,450,2.0,140,240,380,1.7143,110,170,280,1.5455,100,130,230,1.3,90,110,200,1.2222,97,48
680,190,480,170,410,580,2.4118,150,290,440,1.9333,130,250,380,1.9231,120,170,290,1.4167,90,130,220,1.4444,90,100,190,1.1111,97,48
670,200,470,180,410,590,2.2778,160,300,460,1.875,150,260,410,1.7333,130,180,310,1.3846,110,130,240,1.1818,90,110,200,1.2222,98,48
670,200,470,180,410,590,2.2778,160,300,460,1.875,140,260,400,1.8571,120,180,300,1.5,110,140,250,1.2727,90,110,200,1.2222,100,49
670,200,470,180,420,600,2.3333,150,320,470,2.1333,150,270,420,1.8,120,190,310,1.5833,110,140,250,1.2727,90,110,200,1.2222,101,50
680,200,480,180,400,580,2.2222,150,300,450,2.0,140,250,390,1.7857,130,170,300,1.3077,100,120,220,1.2,90,110,200,1.2222,101,50
670,200,480,180,450,630,2.5,150,340,490,2.2667,140,280,420,2.0,120,200,320,1.6667,100,140,240,1.4,90,120,210,1.3333,101,50
650,190,470,190,410,600,2.1579,160,320,480,2.0,140,270,410,1.9286,130,190,320,1.4615,100,130,230,1.3,90,110,200,1.2222,102,50
670,180,470,200,400,600,2.0,160,300,460,1.875,140,250,390,1.7857,120,170,290,1.4167,100,140,240,1.4,90,120,210,1.3333,102,50
660,200,460,170,410,580,2.4118,160,320,480,2.0,140,270,410,1.9286,130,180,310,1.3846,110,130,240,1.1818,90,100,190,1.1111,102,50
660,200,460,180,410,590,2.2778,150,310,460,2.0667,150,270,420,1.8,120,190,310,1.5833,110,140,250,1.2727,90,110,200,1.2222,103,50
650,200,450,180,410,590,2.2778,160,330,490,2.0625,150,280,430,1.8667,130,170,300,1.3077,110,130,240,1.1818,90,100,190,1.1111,103,50
640,200,450,180,390,570,2.1667,150,290,440,1.9333,140,240,380,1.7143,130,180,310,1.3846,100,130,230,1.3,100,110,210,1.1,104,51
660,190,470,170,400,570,2.3529,140,310,450,2.2143,140,260,400,1.8571,120,190,310,1.5833,100,140,240,1.4,80,120,200,1.5,104,51
640,190,450,190,390,580,2.0526,160,310,470,1.9375,150,270,420,1.8,120,180,300,1.5,110,130,240,1.1818,90,100,190,1.1111,104,51
630,190,450,160,380,540,2.375,150,280,430,1.8667,130,220,350,1.6923,120,160,280,1.3333,100,120,220,1.2,80,90,170,1.125,103,51
640,180,440,160,390,550,2.4375,150,280,430,1.8667,130,230,360,1.7692,110,150,260,1.3636,100,110,210,1.1,90,100,190,1.1111,103,51
630,200,430,170,420,590,2.4706,150,320,470,2.1333,140,260,400,1.8571,120,170,290,1.4167,110,120,230,1.0909,90,100,190,1.1111,103,51
640,200,440,170,400,570,2.3529,140,320,460,2.2857,140,260,400,1.8571,120,180,300,1.5,100,130,230,1.3,90,110,200,1.2222,104,51
630,200,430,180,380,560,2.1111,150,290,440,1.9333,140,240,380,1.7143,120,170,290,1.4167,100,120,220,1.2,100,100,200,1.0,104,51
580,200,430,170,390,560,2.2941,150,310,460,2.0667,140,260,400,1.8571,130,170,300,1.3077,100,130,230,1.3,90,110,200,1.2222,105,52
620,190,440,170,380,550,2.2353,150,310,460,2.0667,130,260,390,2.0,120,180,300,1.5,100,130,230,1.3,90,110,200,1.2222,106,52
620,180,430,160,380,540,2.375,140,310,450,2.2143,130,260,390,2.0,110,170,280,1.5455,90,130,220,1.4444,80,110,190,1.375,107,53
610,190,420,170,370,540,2.1765,150,290,440,1.9333,130,250,380,1.9231,120,170,290,1.4167,100,120,220,1.2,90,100,190,1.1111,107,53
620,190,430,160,390,550,2.4375,140,310,450,2.2143,140,270,410,1.9286,110,180,290,1.6364,100,120,220,1.2,90,110,200,1.2222,108,53
600,190,410,170,380,550,2.2353,150,300,450,2.0,140,260,400,1.8571,120,180,300,1.5,110,130,240,1.1818,100,100,200,1.0,111,55
610,190,420,160,360,520,2.25,140,290,430,2.0714,130,250,380,1.9231,120,180,300,1.5,100,140,240,1.4,80,110,190,1.375,111,55
600,190,410,170,360,530,2.1176,150,290,440,1.9333,140,250,390,1.7857,130,180,310,1.3846,100,130,230,1.3,90,110,200,1.2222,113,56
600,190,420,170,370,540,2.1765,140,290,430,2.0714,130,260,390,2.0,120,190,310,1.5833,100,140,240,1.4,90,120,210,1.3333,116,57
600,180,420,170,370,540,2.1765,150,290,440,1.9333,130,260,390,2.0,120,180,300,1.5,100,130,230,1.3,90,110,200,1.2222,116,57
590,180,410,170,360,530,2.1176,140,290,430,2.0714,130,250,380,1.9231,120,170,290,1.4167,100,120,220,1.2,90,90,180,1.0,118,59
600,180,410,160,360,520,2.25,140,290,430,2.0714,130,250,380,1.9231,110,170,280,1.5455,90,120,210,1.3333,80,100,180,1.25,118,59
600,190,410,160,380,540,2.375,150,300,450,2.0,130,260,390,2.0,120,180,300,1.5,100,130,230,1.3,90,100,190,1.1111,121,60
590,190,400,170,410,580,2.4118,150,340,490,2.2667,140,260,400,1.8571,120,180,300,1.5,110,130,240,1.1818,90,100,190,1.1111,123,61
590,190,410,170,360,530,2.1176,150,290,440,1.9333,140,260,400,1.8571,120,190,310,1.5833,110,130,240,1.1818,90,110,200,1.2222,123,61
600,180,400,170,360,530,2.1176,140,280,420,2.0,140,240,380,1.7143,120,170,290,1.4167,100,120,220,1.2,100,110,210,1.1,127,63
580,200,400,170,390,560,2.2941,150,310,460,2.0667,140,280,420,2.0,130,190,320,1.4615,110,130,240,1.1818,100,110,210,1.1,127,63
590,180,410,170,350,520,2.0588,150,290,440,1.9333,140,250,390,1.7857,120,180,300,1.5,110,130,240,1.1818,100,100,200,1.0,128,64
580,180,410,170,350,520,2.0588,150,290,440,1.9333,140,250,390,1.7857,120,180,300,1.5,110,120,230,1.0909,90,110,200,1.2222,128,64
590,170,410,170,360,530,2.1176,140,290,430,2.0714,130,250,380,1.9231,120,170,290,1.4167,100,120,220,1.2,90,100,190,1.1111,129,65
580,180,400,160,400,560,2.5,140,320,460,2.2857,130,270,400,2.0769,120,180,300,1.5,100,120,220,1.2,90,100,190,1.1111,131,66
590,180,400,160,370,530,2.3125,140,300,440,2.1429,130,270,400,2.0769,110,190,300,1.7273,100,130,230,1.3,80,110,190,1.375,131,66
590,190,400,170,350,520,2.0588,140,290,430,2.0714,130,250,380,1.9231,120,170,290,1.4167,100,130,230,1.3,90,100,190,1.1111,133,66
580,190,390,170,350,520,2.0588,150,280,430,1.8667,140,250,390,1.7857,120,180,300,1.5,110,130,240,1.1818,90,100,190,1.1111,133,66
590,190,400,170,350,520,2.0588,140,280,420,2.0,140,240,380,1.7143,120,170,290,1.4167,110,120,230,1.0909,90,110,200,1.2222,134,67
570,190,390,180,340,520,1.8889,150,280,430,1.8667,140,240,380,1.7143,130,170,300,1.3077,110,120,230,1.0909,100,100,200,1.0,134,67
580,180,390,150,380,530,2.5333,140,310,450,2.2143,130,270,400,2.0769,110,190,300,1.7273,100,120,220,1.2,80,100,180,1.25,134,67
570,190,390,170,370,540,2.1765,140,290,430,2.0714,130,260,390,2.0,120,180,300,1.5,100,130,230,1.3,90,100,190,1.1111,134,67
590,180,400,160,410,570,2.5625,140,340,480,2.4286,130,280,410,2.1538,110,200,310,1.8182,100,140,240,1.4,80,120,200,1.5,135,67
580,190,400,180,350,530,1.9444,150,280,430,1.8667,140,250,390,1.7857,130,180,310,1.3846,100,130,230,1.3,90,110,200,1.2222,136,67
570,160,410,150,350,500,2.3333,130,280,410,2.1538,130,240,370,1.8462,110,170,280,1.5455,90,130,220,1.4444,90,100,190,1.1111,149,69
580,170,410,150,360,510,2.4,130,290,420,2.2308,120,250,370,2.0833,110,180,290,1.6364,90,130,220,1.4444,80,100,180,1.25,150,70
580,170,400,160,360,520,2.25,140,300,440,2.1429,130,260,390,2.0,110,190,300,1.7273,100,130,230,1.3,90,110,200,1.2222,150,70
570,180,410,160,340,500,2.125,140,280,420,2.0,130,240,370,1.8462,120,180,300,1.5,100,130,230,1.3,90,100,190,1.1111,150,70
570,160,420,160,360,520,2.25,130,290,420,2.2308,120,250,370,2.0833,110,170,280,1.5455,90,130,220,1.4444,90,100,190,1.1111,150,70
580,170,410,150,420,570,2.8,130,330,460,2.5385,130,290,420,2.2308,110,200,310,1.8182,90,130,220,1.4444,80,100,180,1.25,148,69
580,170,410,150,370,520,2.4667,130,300,430,2.3077,120,260,380,2.1667,110,180,290,1.6364,100,120,220,1.2,80,100,180,1.25,148,69
580,170,410,150,370,520,2.4667,130,290,420,2.2308,130,250,380,1.9231,110,180,290,1.6364,90,130,220,1.4444,90,100,190,1.1111,148,69
580,170,410,160,360,520,2.25,140,290,430,2.0714,130,250,380,1.9231,110,190,300,1.7273,100,130,230,1.3,90,110,200,1.2222,148,69
580,170,410,150,350,500,2.3333,130,280,410,2.1538,130,240,370,1.8462,110,170,280,1.5455,90,130,220,1.4444,90,110,200,1.2222,149,69
580,170,410,150,350,500,2.3333,140,270,410,1.9286,130,240,370,1.8462,110,180,290,1.6364,100,130,230,1.3,80,110,190,1.375,148,69
570,170,410,160,360,520,2.25,140,290,430,2.0714,130,250,380,1.9231,120,180,300,1.5,100,130,230,1.3,90,100,190,1.1111,148,69
590,170,410,150,370,520,2.4667,130,290,420,2.2308,130,260,390,2.0,110,180,290,1.6364,90,130,220,1.4444,80,110,190,1.375,146,68
580,180,410,160,370,530,2.3125,140,290,430,2.0714,130,260,390,2.0,120,180,300,1.5,100,130,230,1.3,90,100,190,1.1111,146,68
600,170,420,150,350,500,2.3333,140,280,420,2.0,130,240,370,1.8462,110,180,290,1.6364,100,120,220,1.2,80,100,180,1.25,148,69
580,180,400,160,360,520,2.25,140,280,420,2.0,140,240,380,1.7143,120,170,290,1.4167,100,120,220,1.2,100,100,200,1.0,148,69
580,180,410,170,340,510,2.0,140,270,410,1.9286,130,230,360,1.7692,120,160,280,1.3333,100,130,230,1.3,90,110,200,1.2222,148,69
570,170,420,160,360,520,2.25,140,280,420,2.0,130,250,380,1.9231,110,180,290,1.6364,100,130,230,1.3,90,110,200,1.2222,148,69
580,180,410,150,350,500,2.3333,130,280,410,2.1538,120,250,370,2.0833,110,180,290,1.6364,90,130,220,1.4444,80,100,180,1.25,146,69
590,170,410,150,360,510,2.4,140,280,420,2.0,130,250,380,1.9231,110,180,290,1.6364,100,130,230,1.3,90,110,200,1.2222,146,69
590,180,410,170,350,520,2.0588,140,280,420,2.0,130,240,370,1.8462,120,170,290,1.4167,100,130,230,1.3,90,110,200,1.2222,147,69
580,180,410,160,350,510,2.1875,140,280,420,2.0,130,250,380,1.9231,120,180,300,1.5,100,130,230,1.3,90,100,190,1.1111,147,69
580,170,420,160,360,520,2.25,140,290,430,2.0714,130,250,380,1.9231,110,190,300,1.7273,100,130,230,1.3,90,110,200,1.2222,148,69
580,160,410,150,350,500,2.3333,120,280,400,2.3333,120,250,370,2.0833,100,180,280,1.8,90,140,230,1.5556,80,110,190,1.375,147,69
590,170,410,150,380,530,2.5333,140,300,440,2.1429,130,260,390,2.0,110,180,290,1.6364,100,120,220,1.2,80,100,180,1.25,146,69
590,180,410,150,370,520,2.4667,130,290,420,2.2308,130,250,380,1.9231,110,180,290,1.6364,90,130,220,1.4444,90,100,190,1.1111,146,69
590,180,410,160,360,520,2.25,140,290,430,2.0714,130,260,390,2.0,120,190,310,1.5833,100,140,240,1.4,90,100,190,1.1111,146,69
590,180,410,150,350,500,2.3333,140,280,420,2.0,130,240,370,1.8462,110,180,290,1.6364,100,120,220,1.2,90,100,190,1.1111,147,69
590,180,410,150,360,510,2.4,140,280,420,2.0,130,240,370,1.8462,110,180,290,1.6364,100,130,230,1.3,90,110,200,1.2222,147,69
580,180,410,170,380,550,2.2353,140,300,440,2.1429,130,260,390,2.0,120,190,310,1.5833,100,130,230,1.3,90,110,200,1.2222,148,69
590,170,430,150,360,510,2.4,130,290,420,2.2308,120,250,370,2.0833,110,190,300,1.7273,90,140,230,1.5556,80,110,190,1.375,148,69
590,160,430,150,360,510,2.4,130,290,420,2.2308,120,250,370,2.0833,100,170,270,1.7,100,120,220,1.2,80,100,180,1.25,147,69
590,170,420,150,430,580,2.8667,130,340,470,2.6154,120,290,410,2.4167,110,220,330,2.0,90,150,240,1.6667,80,120,200,1.5,147,69
590,170,420,150,370,520,2.4667,130,290,420,2.2308,120,250,370,2.0833,110,190,300,1.7273,90,130,220,1.4444,80,110,190,1.375,147,69
590,170,410,170,360,530,2.1176,140,300,440,2.1429,140,260,400,1.8571,120,190,310,1.5833,100,130,230,1.3,90,110,200,1.2222,148,69
590,180,410,160,360,520,2.25,130,290,420,2.2308,130,250,380,1.9231,120,180,300,1.5,100,130,230,1.3,90,110,200,1.2222,148,69
580,180,420,160,360,520,2.25,140,290,430,2.0714,130,250,380,1.9231,120,180,300,1.5,100,140,240,1.4,90,100,190,1.1111,148,69
600,170,430,150,390,540,2.6,130,310,440,2.3846,120,260,380,2.1667,110,190,300,1.7273,90,130,220,1.4444,90,110,200,1.2222,147,69
600,170,420,150,370,520,2.4667,130,290,420,2.2308,120,250,370,2.0833,110,190,300,1.7273,90,130,220,1.4444,90,110,200,1.2222,147,69
590,180,420,160,360,520,2.25,130,280,410,2.1538,130,250,380,1.9231,120,170,290,1.4167,100,130,230,1.3,90,100,190,1.1111,147,69
590,170,420,160,350,510,2.1875,130,280,410,2.1538,120,240,360,2.0,110,180,290,1.6364,100,130,230,1.3,80,100,180,1.25,148,69
590,170,420,150,360,510,2.4,140,290,430,2.0714,120,250,370,2.0833,110,190,300,1.7273,100,140,240,1.4,90,110,200,1.2222,148,69
580,170,430,150,360,510,2.4,140,290,430,2.0714,130,250,380,1.9231,110,190,300,1.7273,100,140,240,1.4,90,120,210,1.3333,148,69
600,150,440,150,370,520,2.4667,120,290,410,2.4167,120,260,380,2.1667,100,180,280,1.8,80,140,220,1.75,80,110,190,1.375,148,69
590,160,430,150,360,510,2.4,130,280,410,2.1538,120,250,370,2.0833,110,180,290,1.6364,90,130,220,1.4444,80,100,180,1.25,149,70
590,180,420,150,360,510,2.4,140,280,420,2.0,130,240,370,1.8462,110,170,280,1.5455,100,120,220,1.2,90,100,190,1.1111,148,69
600,170,420,150,370,520,2.4667,130,290,420,2.2308,130,250,380,1.9231,110,180,290,1.6364,90,130,220,1.4444,90,110,200,1.2222,148,69
590,180,420,170,360,530,2.1176,140,280,420,2.0,130,250,380,1.9231,120,170,290,1.4167,100,130,230,1.3,90,100,190,1.1111,150,70
580,170,420,160,360,520,2.25,140,280,420,2.0,130,250,380,1.9231,120,180,300,1.5,100,130,230,1.3,90,100,190,1.1111,150,70
600,170,420,150,370,520,2.4667,130,290,420,2.2308,130,250,380,1.9231,110,180,290,1.6364,90,130,220,1.4444,90,110,200,1.2222,150,70
590,180,420,160,360,520,2.25,130,290,420,2.2308,130,250,380,1.9231,120,170,290,1.4167,100,130,230,1.3,90,100,190,1.1111,150,70
590,170,420,160,360,520,2.25,130,290,420,2.2308,120,250,370,2.0833,120,180,300,1.5,100,140,240,1.4,90,110,200,1.2222,150,70
590,170,430,150,360,510,2.4,130,290,420,2.2308,120,250,370,2.0833,110,190,300,1.7273,100,140,240,1.4,90,110,200,1.2222,151,70
590,160,430,150,360,510,2.4,140,280,420,2.0,120,240,360,2.0,100,180,280,1.8,100,140,240,1.4,80,120,200,1.5,151,70
590,170,410,150,380,530,2.5333,130,300,430,2.3077,120,260,380,2.1667,110,180,290,1.6364,90,140,230,1.5556,80,100,180,1.25,149,70
600,180,430,150,390,540,2.6,130,300,430,2.3077,120,270,390,2.25,110,190,300,1.7273,90,140,230,1.5556,70,110,180,1.5714,149,69
590,170,420,150,360,510,2.4,130,280,410,2.1538,120,250,370,2.0833,110,180,290,1.6364,90,130,220,1.4444,80,110,190,1.375,149,69
590,180,420,170,350,520,2.0588,150,270,420,1.8,140,230,370,1.6429,120,150,270,1.25,110,110,220,1.0,100,90,190,0.9,151,70
590,170,430,150,360,510,2.4,140,280,420,2.0,130,250,380,1.9231,110,180,290,1.6364,100,130,230,1.3,90,110,200,1.2222,151,70
590,160,430,150,370,520,2.4667,130,290,420,2.2308,130,250,380,1.9231,110,170,280,1.5455,90,130,220,1.4444,90,100,190,1.1111,151,70
600,180,420,150,380,530,2.5333,130,300,430,2.3077,120,260,380,2.1667,110,180,290,1.6364,90,130,220,1.4444,80,100,180,1.25,150,70
590,180,420,160,370,530,2.3125,130,290,420,2.2308,120,250,370,2.0833,120,180,300,1.5,100,130,230,1.3,90,100,190,1.1111,150,70
600,170,430,150,370,520,2.4667,130,290,420,2.2308,120,250,370,2.0833,110,190,300,1.7273,90,130,220,1.4444,80,110,190,1.375,150,70
590,170,420,150,360,510,2.4,130,290,420,2.2308,120,250,370,2.0833,110,190,300,1.7273,90,130,220,1.4444,80,110,190,1.375,148,69
600,170,430,150,360,510,2.4,130,290,420,2.2308,120,250,370,2.0833,100,190,290,1.9,90,140,230,1.5556,80,120,200,1.5,148,69
590,170,420,170,350,520,2.0588,140,260,400,1.8571,140,230,370,1.6429,110,200,310,1.8182,100,140,240,1.4,90,120,210,1.3333,148,69
580,170,420,160,360,520,2.25,130,290,420,2.2308,130,250,380,1.9231,110,180,290,1.6364,90,130,220,1.4444,90,110,200,1.2222,148,69
590,160,430,150,370,520,2.4667,120,290,410,2.4167,110,250,360,2.2727,100,180,280,1.8,80,130,210,1.625,70,110,180,1.5714,147,69
600,170,430,150,360,510,2.4,140,280,420,2.0,130,240,370,1.8462,110,180,290,1.6364,90,130,220,1.4444,80,110,190,1.375,145,68
590,170,420,160,360,520,2.25,140,280,420,2.0,130,250,380,1.9231,110,190,300,1.7273,100,140,240,1.4,90,110,200,1.2222,145,68
600,170,430,150,370,520,2.4667,130,290,420,2.2308,120,250,370,2.0833,100,180,280,1.8,90,140,230,1.5556,80,110,190,1.375,145,68
600,170,430,150,370,520,2.4667,130,290,420,2.2308,130,250,380,1.9231,110,190,300,1.7273,90,130,220,1.4444,90,110,200,1.2222,146,68
590,170,430,150,350,500,2.3333,130,280,410,2.1538,130,250,380,1.9231,110,170,280,1.5455,90,130,220,1.4444,90,100,190,1.1111,145,68
590,180,420,160,380,540,2.375,140,290,430,2.0714,130,260,390,2.0,120,180,300,1.5,100,130,230,1.3,90,100,190,1.1111,145,68
610,170,430,150,380,530,2.5333,130,300,430,2.3077,120,260,380,2.1667,110,190,300,1.7273,90,140,230,1.5556,80,110,190,1.375,145,68
600,180,420,150,380,530,2.5333,130,310,440,2.3846,130,270,400,2.0769,110,210,320,1.9091,90,150,240,1.6667,80,130,210,1.625,144,67
600,180,420,150,370,520,2.4667,130,290,420,2.2308,130,250,380,1.9231,110,180,290,1.6364,90,130,220,1.4444,90,110,200,1.2222,145,67
600,180,420,160,370,530,2.3125,130,290,420,2.2308,130,250,380,1.9231,110,180,290,1.6364,90,130,220,1.4444,90,110,200,1.2222,145,67
600,180,430,170,360,530,2.1176,140,300,440,2.1429,130,270,400,2.0769,120,190,310,1.5833,100,140,240,1.4,90,110,200,1.2222,145,67
590,170,430,170,360,530,2.1176,140,280,420,2.0,130,250,380,1.9231,120,170,290,1.4167,100,130,230,1.3,90,100,190,1.1111,145,67
600,160,430,150,370,520,2.4667,130,290,420,2.2308,120,250,370,2.0833,110,180,290,1.6364,90,130,220,1.4444,80,100,180,1.25,144,67
600,170,420,150,380,530,2.5333,130,300,430,2.3077,120,260,380,2.1667,110,180,290,1.6364,90,130,220,1.4444,80,100,180,1.25,143,67
600,180,420,150,400,550,2.6667,130,320,450,2.4615,120,270,390,2.25,110,190,300,1.7273,80,140,220,1.75,80,110,190,1.375,143,67
600,180,430,150,370,520,2.4667,130,290,420,2.2308,120,260,380,2.1667,110,180,290,1.6364,90,140,230,1.5556,80,100,180,1.25,143,67
600,170,420,150,360,510,2.4,130,290,420,2.2308,120,250,370,2.0833,110,180,290,1.6364,90,140,230,1.5556,80,110,190,1.375,143,67
600,180,420,160,360,520,2.25,130,280,410,2.1538,120,250,370,2.0833,110,190,300,1.7273,90,140,230,1.5556,80,110,190,1.375,143,67
600,180,420,160,360,520,2.25,130,290,420,2.2308,120,260,380,2.1667,110,180,290,1.6364,90,140,230,1.5556,80,110,190,1.375,143,67
590,180,430,160,360,520,2.25,140,290,430,2.0714,130,250,380,1.9231,120,180,300,1.5,100,140,240,1.4,80,110,190,1.375,143,67
600,160,430,150,370,520,2.4667,130,290,420,2.2308,120,260,380,2.1667,110,190,300,1.7273,90,140,230,1.5556,80,110,190,1.375,142,67
600,170,430,150,410,560,2.7333,130,320,450,2.4615,120,280,400,2.3333,110,190,300,1.7273,90,140,230,1.5556,70,110,180,1.5714,142,67
600,170,430,150,390,540,2.6,130,310,440,2.3846,120,270,390,2.25,110,190,300,1.7273,90,140,230,1.5556,70,110,180,1.5714,142,66
600,170,430,150,370,520,2.4667,130,290,420,2.2308,120,260,380,2.1667,110,190,300,1.7273,90,140,230,1.5556,70,110,180,1.5714,142,66
600,170,430,150,370,520,2.4667,130,300,430,2.3077,120,270,390,2.25,110,200,310,1.8182,90,160,250,1.7778,70,130,200,1.8571,142,66
600,170,430,150,370,520,2.4667,130,290,420,2.2308,120,260,380,2.1667,110,190,300,1.7273,90,140,230,1.5556,80,110,190,1.375,142,66
600,170,430,150,360,510,2.4,130,290,420,2.2308,120,260,380,2.1667,110,190,300,1.7273,90,140,230,1.5556,80,110,190,1.375,142,66
590,170,430,170,370,540,2.1765,140,300,440,2.1429,130,270,400,2.0769,110,190,300,1.7273,100,140,240,1.4,90,110,200,1.2222,142,66
600,170,430,150,380,530,2.5333,130,310,440,2.3846,120,270,390,2.25,100,200,300,2.0,90,140,230,1.5556,70,120,190,1.7143,141,66
600,170,430,150,360,510,2.4,130,290,420,2.2308,120,250,370,2.0833,100,190,290,1.9,90,140,230,1.5556,80,120,200,1.5,141,66
600,170,430,150,360,510,2.4,130,280,410,2.1538,120,270,390,2.25,100,200,300,2.0,90,150,240,1.6667,80,120,200,1.5,141,66
610,170,440,150,370,520,2.4667,130,300,430,2.3077,120,260,380,2.1667,100,200,300,2.0,90,150,240,1.6667,80,120,200,1.5,142,66
600,170,430,150,370,520,2.4667,140,290,430,2.0714,130,260,390,2.0,120,190,310,1.5833,90,140,230,1.5556,80,110,190,1.375,142,66
590,170,430,150,360,510,2.4,130,290,420,2.2308,120,250,370,2.0833,110,180,290,1.6364,90,130,220,1.4444,80,110,190,1.375,142,66
600,170,420,150,370,520,2.4667,130,290,420,2.2308,120,250,370,2.0833,100,170,270,1.7,90,130,220,1.4444,80,100,180,1.25,141,66
600,180,420,160,370,530,2.3125,140,290,430,2.0714,130,250,380,1.9231,120,180,300,1.5,100,130,230,1.3,90,110,200,1.2222,140,66
600,180,420,160,370,530,2.3125,140,300,440,2.1429,130,270,400,2.0769,110,210,320,1.9091,90,130,220,1.4444,90,110,200,1.2222,140,66
610,180,420,160,370,530,2.3125,130,290,420,2.2308,130,260,390,2.0,110,190,300,1.7273,90,130,220,1.4444,90,110,200,1.2222,141,66
590,190,420,170,360,530,2.1176,140,280,420,2.0,140,240,380,1.7143,120,180,300,1.5,100,130,230,1.3,100,110,210,1.1,141,66
600,170,430,170,390,560,2.2941,140,310,450,2.2143,130,270,400,2.0769,110,200,310,1.8182,90,140,230,1.5556,90,120,210,1.3333,141,66
600,170,430,160,370,530,2.3125,130,290,420,2.2308,130,250,380,1.9231,110,190,300,1.7273,90,130,220,1.4444,80,110,190,1.375,142,66
610,170,430,150,370,520,2.4667,130,290,420,2.2308,120,250,370,2.0833,100,180,280,1.8,90,130,220,1.4444,80,100,180,1.25,142,66
650,180,420,160,380,540,2.375,140,310,450,2.2143,130,260,390,2.0,110,190,300,1.7273,100,130,230,1.3,90,110,200,1.2222,141,66
610,180,430,150,360,510,2.4,140,290,430,2.0714,130,260,390,2.0,110,190,300,1.7273,100,140,240,1.4,80,120,200,1.5,141,65
600,180,420,160,360,520,2.25,140,290,430,2.0714,130,250,380,1.9231,110,190,300,1.7273,100,130,230,1.3,90,100,190,1.1111,140,65
600,180,420,170,350,520,2.0588,150,290,440,1.9333,130,270,400,2.0769,110,190,300,1.7273,100,140,240,1.4,90,110,200,1.2222,140,65
600,180,420,160,370,530,2.3125,140,290,430,2.0714,130,260,390,2.0,110,190,300,1.7273,100,140,240,1.4,90,110,200,1.2222,141,65
610,180,430,150,370,520,2.4667,140,300,440,2.1429,130,260,390,2.0,110,190,300,1.7273,90,140,230,1.5556,80,110,190,1.375,141,65
600,180,420,160,370,530,2.3125,140,290,430,2.0714,130,260,390,2.0,120,180,300,1.5,100,120,220,1.2,90,100,190,1.1111,141,65
600,180,420,160,360,520,2.25,140,290,430,2.0714,140,260,400,1.8571,110,190,300,1.7273,100,140,240,1.4,90,110,200,1.2222,138,64
610,180,430,150,370,520,2.4667,140,290,430,2.0714,130,260,390,2.0,110,190,300,1.7273,90,140,230,1.5556,80,120,200,1.5,138,64
600,180,420,160,360,520,2.25,140,290,430,2.0714,130,260,390,2.0,110,190,300,1.7273,100,140,240,1.4,80,110,190,1.375,139,64
590,180,430,170,380,550,2.2353,150,310,460,2.0667,130,260,390,2.0,110,190,300,1.7273,100,140,240,1.4,80,110,190,1.375,139,64
610,160,440,150,370,520,2.4667,130,300,430,2.3077,120,260,380,2.1667,100,190,290,1.9,80,140,220,1.75,70,120,190,1.7143,138,64
600,170,430,150,380,530,2.5333,130,310,440,2.3846,120,270,390,2.25,110,190,300,1.7273,90,140,230,1.5556,80,110,190,1.375,137,64
650,170,430,150,390,540,2.6,130,310,440,2.3846,120,270,390,2.25,100,200,300,2.0,80,150,230,1.875,70,120,190,1.7143,137,64
580,220,400,190,380,570,2.0,170,300,470,1.7647,160,260,420,1.625,140,180,320,1.2857,120,110,230,0.91667,110,90,200,0.81818,137,64
600,180,410,160,350,510,2.1875,140,280,420,2.0,130,240,370,1.8462,110,180,290,1.6364,100,120,220,1.2,90,110,200,1.2222,137,64
600,190,410,170,360,530,2.1176,140,290,430,2.0714,140,250,390,1.7857,120,180,300,1.5,100,130,230,1.3,100,100,200,1.0,137,64
590,190,410,170,340,510,2.0,140,270,410,1.9286,140,250,390,1.7857,120,190,310,1.5833,100,130,230,1.3,100,110,210,1.1,138,64
600,180,430,160,370,530,2.3125,130,290,420,2.2308,130,250,380,1.9231,110,190,300,1.7273,90,130,220,1.4444,90,110,200,1.2222,138,64
590,170,420,160,360,520,2.25,130,290,420,2.2308,130,240,370,1.8462,110,170,280,1.5455,90,120,210,1.3333,90,100,190,1.1111,138,65
600,170,430,150,370,520,2.4667,120,300,420,2.5,120,250,370,2.0833,100,180,280,1.8,90,130,220,1.4444,80,100,180,1.25,138,64
600,170,430,150,380,530,2.5333,130,300,430,2.3077,120,260,380,2.1667,110,180,290,1.6364,90,130,220,1.4444,80,100,180,1.25,138,64
600,170,420,160,360,520,2.25,130,290,420,2.2308,120,250,370,2.0833,110,180,290,1.6364,80,130,210,1.625,80,100,180,1.25,137,64
590,180,420,160,360,520,2.25,130,290,420,2.2308,120,250,370,2.0833,110,180,290,1.6364,90,130,220,1.4444,80,100,180,1.25,137,64
600,170,430,150,360,510,2.4,120,290,410,2.4167,110,250,360,2.2727,110,190,300,1.7273,90,140,230,1.5556,80,110,190,1.375,137,64
600,170,430,150,370,520,2.4667,130,290,420,2.2308,120,250,370,2.0833,110,190,300,1.7273,90,140,230,1.5556,80,110,190,1.375,137,64
590,170,430,150,370,520,2.4667,130,290,420,2.2308,120,250,370,2.0833,110,190,300,1.7273,90,140,230,1.5556,80,110,190,1.375,138,65
600,180,430,160,410,570,2.5625,130,320,450,2.4615,120,270,390,2.25,100,190,290,1.9,90,130,220,1.4444,80,110,190,1.375,139,65
600,170,430,150,370,520,2.4667,130,300,430,2.3077,120,260,380,2.1667,100,190,290,1.9,90,140,230,1.5556,80,120,200,1.5,145,67
600,170,430,150,360,510,2.4,140,290,430,2.0714,120,250,370,2.0833,100,190,290,1.9,100,130,230,1.3,80,110,190,1.375,145,67
600,170,420,170,360,530,2.1176,140,320,460,2.2857,130,270,400,2.0769,110,200,310,1.8182,100,140,240,1.4,90,120,210,1.3333,146,68
590,180,420,160,360,520,2.25,140,280,420,2.0,130,240,370,1.8462,110,180,290,1.6364,100,120,220,1.2,90,100,190,1.1111,146,68
600,170,430,160,370,530,2.3125,130,290,420,2.2308,130,250,380,1.9231,110,170,280,1.5455,90,130,220,1.4444,90,100,190,1.1111,146,68
600,170,420,150,370,520,2.4667,130,300,430,2.3077,130,250,380,1.9231,110,180,290,1.6364,90,130,220,1.4444,90,100,190,1.1111,145,67
600,180,420,160,400,560,2.5,130,320,450,2.4615,130,270,400,2.0769,110,190,300,1.7273,90,130,220,1.4444,90,110,200,1.2222,145,67
600,180,420,160,370,530,2.3125,140,300,440,2.1429,130,260,390,2.0,110,180,290,1.6364,90,130,220,1.4444,90,110,200,1.2222,144,67
600,180,410,160,360,520,2.25,140,290,430,2.0714,130,250,380,1.9231,110,180,290,1.6364,90,130,220,1.4444,90,110,200,1.2222,144,67
600,190,410,170,350,520,2.0588,150,280,430,1.8667,140,250,390,1.7857,120,190,310,1.5833,100,130,230,1.3,90,110,200,1.2222,143,66
590,190,410,170,350,520,2.0588,150,280,430,1.8667,140,250,390,1.7857,120,170,290,1.4167,100,130,230,1.3,90,100,190,1.1111,143,66
590,180,420,160,360,520,2.25,140,290,430,2.0714,130,250,380,1.9231,120,180,300,1.5,100,140,240,1.4,80,110,190,1.375,143,66
600,170,440,160,380,540,2.375,130,310,440,2.3846,120,270,390,2.25,110,190,300,1.7273,90,140,230,1.5556,80,110,190,1.375,143,66
610,160,430,150,390,540,2.6,120,310,430,2.5833,110,270,380,2.4545,100,190,290,1.9,80,140,220,1.75,70,110,180,1.5714,143,66
600,180,420,160,380,540,2.375,140,310,450,2.2143,130,270,400,2.0769,110,200,310,1.8182,90,140,230,1.5556,80,110,190,1.375,141,65
600,180,420,160,380,540,2.375,140,300,440,2.1429,130,260,390,2.0,120,190,310,1.5833,100,140,240,1.4,80,110,190,1.375,139,64
600,180,420,160,370,530,2.3125,140,310,450,2.2143,130,270,400,2.0769,120,210,330,1.75,100,140,240,1.4,80,110,190,1.375,139,64
610,180,420,160,370,530,2.3125,140,300,440,2.1429,130,260,390,2.0,120,180,300,1.5,100,140,240,1.4,80,110,190,1.375,139,64
590,190,410,170,350,520,2.0588,150,290,440,1.9333,140,250,390,1.7857,130,180,310,1.3846,110,130,240,1.1818,90,100,190,1.1111,139,64
600,180,420,190,380,570,2.0,150,300,450,2.0,140,260,400,1.8571,120,200,320,1.6667,100,140,240,1.4,90,110,200,1.2222,139,64
580,180,420,170,350,520,2.0588,150,280,430,1.8667,140,250,390,1.7857,120,180,300,1.5,100,130,230,1.3,90,100,190,1.1111,139,64
600,160,430,150,360,510,2.4,130,280,410,2.1538,120,250,370,2.0833,100,180,280,1.8,90,130,220,1.4444,70,110,180,1.5714,139,64
610,170,430,150,380,530,2.5333,130,310,440,2.3846,120,270,390,2.25,100,190,290,1.9,90,140,230,1.5556,80,110,190,1.375,138,64
620,180,450,160,380,540,2.375,140,310,450,2.2143,130,270,400,2.0769,120,200,320,1.6667,90,140,230,1.5556,80,120,200,1.5,134,62
630,170,440,160,400,560,2.5,140,300,440,2.1429,130,260,390,2.0,110,190,300,1.7273,90,130,220,1.4444,80,110,190,1.375,134,62
630,190,440,170,400,570,2.3529,140,320,460,2.2857,130,280,410,2.1538,120,200,320,1.6667,100,130,230,1.3,90,110,200,1.2222,133,62
590,190,420,170,390,560,2.2941,160,310,470,1.9375,140,270,410,1.9286,120,200,320,1.6667,110,140,250,1.2727,90,100,190,1.1111,132,61
620,200,430,170,390,560,2.2941,160,310,470,1.9375,150,270,420,1.8,130,200,330,1.5385,110,140,250,1.2727,90,110,200,1.2222,132,61
620,190,430,180,380,560,2.1111,150,310,460,2.0667,150,270,420,1.8,120,190,310,1.5833,110,140,250,1.2727,100,110,210,1.1,132,61
620,190,440,170,370,540,2.1765,150,300,450,2.0,140,270,410,1.9286,130,200,330,1.5385,100,140,240,1.4,90,120,210,1.3333,133,62
620,180,440,200,380,580,1.9,150,300,450,2.0,150,270,420,1.8,120,190,310,1.5833,110,140,250,1.2727,90,110,200,1.2222,132,62
630,180,440,160,370,530,2.3125,140,310,450,2.2143,130,260,390,2.0,110,190,300,1.7273,90,130,220,1.4444,90,110,200,1.2222,132,62
630,190,430,170,390,560,2.2941,150,310,460,2.0667,140,280,420,2.0,120,200,320,1.6667,110,140,250,1.2727,90,100,190,1.1111,132,61
620,200,430,170,430,600,2.5294,150,350,500,2.3333,150,300,450,2.0,130,190,320,1.4615,110,140,250,1.2727,100,110,210,1.1,131,61
640,190,440,170,380,550,2.2353,150,300,450,2.0,130,270,400,2.0769,120,200,320,1.6667,100,140,240,1.4,90,120,210,1.3333,131,61
630,200,430,180,380,560,2.1111,160,310,470,1.9375,150,270,420,1.8,130,200,330,1.5385,110,130,240,1.1818,100,110,210,1.1,131,61
620,200,420,190,370,560,1.9474,160,310,470,1.9375,150,270,420,1.8,130,200,330,1.5385,120,140,260,1.1667,100,110,210,1.1,131,61
630,200,440,180,370,550,2.0556,150,300,450,2.0,140,260,400,1.8571,130,200,330,1.5385,110,140,250,1.2727,100,120,220,1.2,132,61
620,190,430,170,370,540,2.1765,160,300,460,1.875,140,260,400,1.8571,130,190,320,1.4615,110,130,240,1.1818,90,110,200,1.2222,131,61
620,190,430,180,380,560,2.1111,150,310,460,2.0667,140,270,410,1.9286,120,190,310,1.5833,110,130,240,1.1818,100,110,210,1.1,131,61
640,190,440,170,410,580,2.4118,140,330,470,2.3571,130,290,420,2.2308,120,200,320,1.6667,100,140,240,1.4,90,110,200,1.2222,130,61
640,200,440,170,400,570,2.3529,150,330,480,2.2,140,280,420,2.0,130,210,340,1.6154,100,140,240,1.4,90,120,210,1.3333,129,60
630,200,430,180,380,560,2.1111,160,300,460,1.875,150,260,410,1.7333,130,190,320,1.4615,110,130,240,1.1818,100,110,210,1.1,129,60
620,200,430,180,380,560,2.1111,160,300,460,1.875,150,270,420,1.8,130,200,330,1.5385,120,140,260,1.1667,100,120,220,1.2,129,60
630,190,440,170,380,550,2.2353,150,310,460,2.0667,140,270,410,1.9286,120,200,320,1.6667,100,150,250,1.5,90,120,210,1.3333,129,60
640,190,440,170,390,560,2.2941,150,310,460,2.0667,140,280,420,2.0,130,210,340,1.6154,100,140,240,1.4,90,120,210,1.3333,129,60
600,200,420,180,360,540,2.0,160,280,440,1.75,150,250,400,1.6667,130,180,310,1.3846,110,130,240,1.1818,100,90,190,0.9,128,60
620,180,440,160,390,550,2.4375,140,310,450,2.2143,130,270,400,2.0769,110,200,310,1.8182,100,130,230,1.3,90,110,200,1.2222,128,60
640,180,450,170,390,560,2.2941,150,310,460,2.0667,140,270,410,1.9286,120,200,320,1.6667,100,140,240,1.4,90,110,200,1.2222,127,59
630,190,430,170,400,570,2.3529,150,310,460,2.0667,140,280,420,2.0,120,200,320,1.6667,110,150,260,1.3636,90,110,200,1.2222,127,59
630,200,440,180,370,550,2.0556,150,300,450,2.0,140,260,400,1.8571,130,190,320,1.4615,100,140,240,1.4,100,110,210,1.1,127,59
640,190,440,180,370,550,2.0556,160,300,460,1.875,140,260,400,1.8571,130,190,320,1.4615,100,130,230,1.3,90,110,200,1.2222,127,59
620,200,420,180,390,570,2.1667,160,310,470,1.9375,150,270,420,1.8,130,200,330,1.5385,120,140,260,1.1667,100,110,210,1.1,126,59
630,200,440,180,370,550,2.0556,150,310,460,2.0667,150,270,420,1.8,130,200,330,1.5385,110,150,260,1.3636,90,120,210,1.3333,126,59
620,190,430,180,370,550,2.0556,150,310,460,2.0667,140,270,410,1.9286,120,200,320,1.6667,100,140,240,1.4,100,120,220,1.2,125,58
630,190,430,170,380,550,2.2353,150,300,450,2.0,140,260,400,1.8571,120,180,300,1.5,100,130,230,1.3,90,100,190,1.1111,125,58
630,200,430,170,410,580,2.4118,150,330,480,2.2,150,280,430,1.8667,120,190,310,1.5833,110,130,240,1.1818,90,100,190,1.1111,124,58
640,200,440,180,390,570,2.1667,150,320,470,2.1333,140,280,420,2.0,120,200,320,1.6667,100,140,240,1.4,90,120,210,1.3333,124,58
630,200,430,180,370,550,2.0556,160,300,460,1.875,150,260,410,1.7333,130,190,320,1.4615,110,130,240,1.1818,100,110,210,1.1,124,58
630,200,440,180,370,550,2.0556,160,300,460,1.875,150,260,410,1.7333,130,200,330,1.5385,110,140,250,1.2727,90,110,200,1.2222,124,58
640,190,440,170,380,550,2.2353,160,300,460,1.875,150,260,410,1.7333,120,200,320,1.6667,110,140,250,1.2727,90,110,200,1.2222,124,58
630,200,440,180,380,560,2.1111,160,300,460,1.875,150,260,410,1.7333,130,200,330,1.5385,110,140,250,1.2727,100,110,210,1.1,124,58
620,190,430,170,380,550,2.2353,150,300,450,2.0,140,270,410,1.9286,120,190,310,1.5833,110,140,250,1.2727,90,110,200,1.2222,123,58
640,190,440,170,380,550,2.2353,150,310,460,2.0667,140,260,400,1.8571,120,190,310,1.5833,100,130,230,1.3,90,110,200,1.2222,123,58
640,200,440,180,390,570,2.1667,160,310,470,1.9375,150,270,420,1.8,130,190,320,1.4615,110,130,240,1.1818,100,100,200,1.0,123,57
640,200,430,180,380,560,2.1111,170,300,470,1.7647,150,260,410,1.7333,130,190,320,1.4615,120,130,250,1.0833,100,100,200,1.0,123,57
630,210,430,180,390,570,2.1667,170,310,480,1.8235,150,270,420,1.8,130,200,330,1.5385,120,130,250,1.0833,100,110,210,1.1,123,57
630,200,430,180,380,560,2.1111,160,300,460,1.875,150,260,410,1.7333,130,190,320,1.4615,120,140,260,1.1667,100,110,210,1.1,124,57
650,200,450,180,390,570,2.1667,150,310,460,2.0667,150,270,420,1.8,120,200,320,1.6667,110,150,260,1.3636,90,120,210,1.3333,125,58
640,200,440,200,370,570,1.85,160,300,460,1.875,160,260,420,1.625,130,180,310,1.3846,120,130,250,1.0833,100,100,200,1.0,125,58
610,200,430,190,370,560,1.9474,160,300,460,1.875,160,260,420,1.625,130,180,310,1.3846,120,140,260,1.1667,100,100,200,1.0,125,58
650,180,450,170,380,550,2.2353,140,310,450,2.2143,130,270,400,2.0769,120,190,310,1.5833,90,130,220,1.4444,90,110,200,1.2222,124,58
640,200,440,180,440,620,2.4444,160,350,510,2.1875,150,300,450,2.0,130,210,340,1.6154,110,130,240,1.1818,100,110,210,1.1,124,58
640,200,440,180,400,580,2.2222,160,320,480,2.0,150,280,430,1.8667,130,200,330,1.5385,110,140,250,1.2727,100,110,210,1.1,123,57
640,200,440,180,380,560,2.1111,160,300,460,1.875,150,270,420,1.8,130,200,330,1.5385,110,140,250,1.2727,100,120,220,1.2,123,57
650,200,440,180,380,560,2.1111,160,310,470,1.9375,150,280,430,1.8667,130,200,330,1.5385,110,150,260,1.3636,100,120,220,1.2,123,57
650,210,450,190,390,580,2.0526,170,310,480,1.8235,160,270,430,1.6875,140,210,350,1.5,110,150,260,1.3636,110,120,230,1.0909,123,57
640,200,450,180,380,560,2.1111,160,300,460,1.875,150,270,420,1.8,130,200,330,1.5385,120,140,260,1.1667,100,110,210,1.1,123,57
630,190,440,180,390,570,2.1667,160,310,470,1.9375,150,270,420,1.8,130,200,330,1.5385,110,140,250,1.2727,90,110,200,1.2222,123,57
640,190,440,180,390,570,2.1667,150,310,460,2.0667,150,270,420,1.8,120,190,310,1.5833,110,130,240,1.1818,100,110,210,1.1,122,57
660,200,450,170,400,570,2.3529,150,330,480,2.2,150,280,430,1.8667,120,210,330,1.75,110,150,260,1.3636,90,120,210,1.3333,122,57
640,210,430,190,380,570,2.0,170,300,470,1.7647,160,260,420,1.625,130,190,320,1.4615,120,130,250,1.0833,100,100,200,1.0,121,56
640,210,440,180,410,590,2.2778,160,330,490,2.0625,150,280,430,1.8667,130,200,330,1.5385,120,140,260,1.1667,100,120,220,1.2,121,56
650,200,440,180,380,560,2.1111,160,310,470,1.9375,150,270,420,1.8,130,200,330,1.5385,110,140,250,1.2727,90,120,210,1.3333,121,56
630,210,440,180,380,560,2.1111,160,310,470,1.9375,150,270,420,1.8,140,200,340,1.4286,110,140,250,1.2727,100,120,220,1.2,121,56
650,190,460,170,400,570,2.3529,150,320,470,2.1333,140,280,420,2.0,120,200,320,1.6667,90,150,240,1.6667,90,120,210,1.3333,121,56
650,190,450,180,390,570,2.1667,150,310,460,2.0667,140,270,410,1.9286,130,200,330,1.5385,100,140,240,1.4,100,110,210,1.1,121,56
650,200,440,180,390,570,2.1667,160,310,470,1.9375,150,270,420,1.8,130,190,320,1.4615,110,140,250,1.2727,100,110,210,1.1,120,56
650,210,440,180,420,600,2.3333,160,340,500,2.125,150,300,450,2.0,130,220,350,1.6923,120,150,270,1.25,100,110,210,1.1,120,56
650,210,450,200,380,580,1.9,170,300,470,1.7647,160,270,430,1.6875,140,200,340,1.4286,130,140,270,1.0769,110,110,220,1.0,120,55
640,200,440,180,390,570,2.1667,160,310,470,1.9375,150,270,420,1.8,130,200,330,1.5385,110,140,250,1.2727,100,120,220,1.2,120,55
650,200,450,180,380,560,2.1111,160,300,460,1.875,140,260,400,1.8571,130,190,320,1.4615,110,130,240,1.1818,100,110,210,1.1,120,55
660,200,450,180,410,590,2.2778,160,320,480,2.0,150,280,430,1.8667,130,200,330,1.5385,110,140,250,1.2727,100,110,210,1.1,119,55
650,210,450,180,390,570,2.1667,170,310,480,1.8235,160,270,430,1.6875,130,200,330,1.5385,120,140,260,1.1667,100,110,210,1.1,118,55
670,200,450,180,390,570,2.1667,160,300,460,1.875,140,260,400,1.8571,130,200,330,1.5385,100,140,240,1.4,100,120,220,1.2,118,55
650,220,450,190,400,590,2.1053,170,310,480,1.8235,160,270,430,1.6875,140,200,340,1.4286,120,130,250,1.0833,100,110,210,1.1,118,55
670,200,470,180,400,580,2.2222,160,320,480,2.0,150,280,430,1.8667,130,200,330,1.5385,110,150,260,1.3636,100,120,220,1.2,118,55
650,200,460,190,410,600,2.1579,170,330,500,1.9412,160,290,450,1.8125,130,210,340,1.6154,110,150,260,1.3636,100,120,220,1.2,118,55
660,190,460,170,400,570,2.3529,150,340,490,2.2667,140,280,420,2.0,120,200,320,1.6667,100,150,250,1.5,90,120,210,1.3333,118,55
650,200,450,180,380,560,2.1111,160,300,460,1.875,150,260,410,1.7333,130,180,310,1.3846,120,130,250,1.0833,100,100,200,1.0,117,54
680,200,460,170,410,580,2.4118,160,330,490,2.0625,140,280,420,2.0,130,210,340,1.6154,100,150,250,1.5,90,120,210,1.3333,117,54
660,220,450,180,390,570,2.1667,170,300,470,1.7647,150,270,420,1.8,130,190,320,1.4615,120,130,250,1.0833,100,110,210,1.1,117,54
660,210,450,190,390,580,2.0526,160,310,470,1.9375,150,270,420,1.8,140,190,330,1.3571,110,140,250,1.2727,100,110,210,1.1,117,54
680,210,460,180,410,590,2.2778,170,330,500,1.9412,150,280,430,1.8667,130,210,340,1.6154,110,150,260,1.3636,90,120,210,1.3333,117,54
650,220,450,200,380,580,1.9,170,300,470,1.7647,170,260,430,1.5294,150,190,340,1.2667,130,130,260,1.0,120,110,230,0.91667,117,54
650,200,460,190,400,590,2.1053,170,320,490,1.8824,160,280,440,1.75,140,200,340,1.4286,110,140,250,1.2727,100,120,220,1.2,116,54
650,190,460,170,390,560,2.2941,150,310,460,2.0667,140,270,410,1.9286,120,200,320,1.6667,100,150,250,1.5,90,110,200,1.2222,116,54
650,190,450,170,400,570,2.3529,160,310,470,1.9375,140,260,400,1.8571,120,190,310,1.5833,110,130,240,1.1818,90,100,190,1.1111,115,54
660,200,460,170,410,580,2.4118,160,330,490,2.0625,140,280,420,2.0,130,200,330,1.5385,110,140,250,1.2727,90,120,210,1.3333,115,54
660,200,460,180,390,570,2.1667,150,310,460,2.0667,150,270,420,1.8,130,200,330,1.5385,110,150,260,1.3636,100,110,210,1.1,115,54
660,200,450,180,410,590,2.2778,160,330,490,2.0625,150,290,440,1.9333,130,210,340,1.6154,110,160,270,1.4545,90,130,220,1.4444,115,53
670,210,460,190,390,580,2.0526,160,310,470,1.9375,150,270,420,1.8,140,190,330,1.3571,110,140,250,1.2727,100,110,210,1.1,115,53
650,210,450,190,390,580,2.0526,170,310,480,1.8235,160,270,430,1.6875,140,190,330,1.3571,120,140,260,1.1667,100,120,220,1.2,115,53
640,200,450,190,390,580,2.0526,160,300,460,1.875,150,260,410,1.7333,130,190,320,1.4615,110,150,260,1.3636,100,110,210,1.1,115,53
660,190,460,190,390,580,2.0526,150,310,460,2.0667,150,270,420,1.8,120,190,310,1.5833,110,140,250,1.2727,90,110,200,1.2222,115,53
660,200,450,180,410,590,2.2778,160,330,490,2.0625,150,280,430,1.8667,130,200,330,1.5385,110,140,250,1.2727,90,110,200,1.2222,113,53
670,210,460,180,460,640,2.5556,150,360,510,2.4,150,320,470,2.1333,130,200,330,1.5385,110,150,260,1.3636,100,110,210,1.1,113,53
650,210,440,190,390,580,2.0526,170,300,470,1.7647,160,260,420,1.625,140,190,330,1.3571,120,130,250,1.0833,100,110,210,1.1,113,53
670,210,460,180,400,580,2.2222,160,310,470,1.9375,150,270,420,1.8,130,200,330,1.5385,110,150,260,1.3636,100,110,210,1.1,113,53
670,210,460,200,390,590,1.95,180,310,490,1.7222,160,280,440,1.75,140,200,340,1.4286,120,140,260,1.1667,100,120,220,1.2,114,53
650,210,450,200,390,590,1.95,170,310,480,1.8235,170,270,440,1.5882,140,200,340,1.4286,120,130,250,1.0833,110,110,220,1.0,114,53
640,200,440,180,380,560,2.1111,160,300,460,1.875,150,270,420,1.8,130,190,320,1.4615,110,140,250,1.2727,100,110,210,1.1,113,53
670,200,460,180,400,580,2.2222,150,310,460,2.0667,140,270,410,1.9286,120,200,320,1.6667,100,130,230,1.3,100,110,210,1.1,112,53
660,210,450,190,400,590,2.1053,170,320,490,1.8824,160,270,430,1.6875,130,190,320,1.4615,120,130,250,1.0833,100,100,200,1.0,112,53
660,210,450,190,400,590,2.1053,160,310,470,1.9375,150,270,420,1.8,130,200,330,1.5385,110,150,260,1.3636,100,110,210,1.1,112,53
670,210,440,180,400,580,2.2222,170,310,480,1.8235,150,270,420,1.8,130,200,330,1.5385,110,140,250,1.2727,90,120,210,1.3333,112,53
670,230,460,200,390,590,1.95,170,310,480,1.8235,160,270,430,1.6875,140,200,340,1.4286,120,140,260,1.1667,110,110,220,1.0,112,53
670,210,460,190,390,580,2.0526,160,310,470,1.9375,150,280,430,1.8667,140,200,340,1.4286,110,150,260,1.3636,110,110,220,1.0,113,53
640,210,450,190,390,580,2.0526,180,320,500,1.7778,160,270,430,1.6875,140,200,340,1.4286,120,140,260,1.1667,100,120,220,1.2,112,53
670,190,470,200,400,600,2.0,150,320,470,2.1333,140,280,420,2.0,130,200,330,1.5385,100,150,250,1.5,100,120,220,1.2,112,53
660,200,470,170,390,560,2.2941,150,300,450,2.0,140,260,400,1.8571,130,190,320,1.4615,100,140,240,1.4,100,120,220,1.2,133,61
690,190,490,170,410,580,2.4118,150,310,460,2.0667,140,280,420,2.0,120,190,310,1.5833,110,140,250,1.2727,90,110,200,1.2222,134,61
680,200,480,180,430,610,2.3889,150,330,480,2.2,140,290,430,2.0714,130,210,340,1.6154,110,140,250,1.2727,100,110,210,1.1,134,61
670,200,470,180,450,630,2.5,160,330,490,2.0625,150,280,430,1.8667,130,200,330,1.5385,110,140,250,1.2727,100,120,220,1.2,136,62
680,200,470,170,390,560,2.2941,160,300,460,1.875,150,260,410,1.7333,120,190,310,1.5833,110,140,250,1.2727,90,120,210,1.3333,137,62
690,210,490,200,400,600,2.0,160,310,470,1.9375,160,270,430,1.6875,130,200,330,1.5385,120,140,260,1.1667,110,120,230,1.0909,137,62
680,200,480,190,400,590,2.1053,160,300,460,1.875,150,270,420,1.8,130,200,330,1.5385,120,140,260,1.1667,100,110,210,1.1,139,63
650,200,460,180,390,570,2.1667,160,300,460,1.875,150,260,410,1.7333,130,190,320,1.4615,110,130,240,1.1818,100,110,210,1.1,139,63
680,190,480,170,440,610,2.5882,140,330,470,2.3571,140,280,420,2.0,120,200,320,1.6667,100,150,250,1.5,90,120,210,1.3333,139,63
680,200,480,180,430,610,2.3889,150,330,480,2.2,140,280,420,2.0,130,200,330,1.5385,110,140,250,1.2727,100,110,210,1.1,139,62
680,200,480,180,420,600,2.3333,150,320,470,2.1333,140,280,420,2.0,130,200,330,1.5385,100,150,250,1.5,100,120,220,1.2,139,63
680,200,480,180,410,590,2.2778,150,330,480,2.2,140,290,430,2.0714,120,210,330,1.75,100,160,260,1.6,100,130,230,1.3,139,63
700,200,500,180,410,590,2.2778,150,320,470,2.1333,140,280,420,2.0,130,200,330,1.5385,100,150,250,1.5,100,120,220,1.2,139,63
680,200,480,180,420,600,2.3333,160,320,480,2.0,150,280,430,1.8667,130,210,340,1.6154,110,140,250,1.2727,100,120,220,1.2,139,63
680,200,490,190,410,600,2.1579,160,310,470,1.9375,150,270,420,1.8,120,190,310,1.5833,110,140,250,1.2727,90,100,190,1.1111,139,63
680,190,480,160,410,570,2.5625,150,320,470,2.1333,140,280,420,2.0,120,210,330,1.75,100,140,240,1.4,90,120,210,1.3333,137,62
680,200,480,180,400,580,2.2222,160,310,470,1.9375,150,270,420,1.8,130,190,320,1.4615,120,140,260,1.1667,100,100,200,1.0,136,62
690,200,490,170,440,610,2.5882,160,340,500,2.125,140,300,440,2.1429,120,220,340,1.8333,110,160,270,1.4545,100,130,230,1.3,136,61
680,200,480,190,400,590,2.1053,170,310,480,1.8235,150,270,420,1.8,130,200,330,1.5385,120,130,250,1.0833,100,110,210,1.1,136,61
680,200,480,180,420,600,2.3333,160,330,490,2.0625,150,290,440,1.9333,130,210,340,1.6154,110,140,250,1.2727,90,120,210,1.3333,136,61
690,200,490,190,410,600,2.1579,170,330,500,1.9412,150,280,430,1.8667,130,210,340,1.6154,110,150,260,1.3636,100,120,220,1.2,135,61
680,200,490,180,420,600,2.3333,150,330,480,2.2,140,280,420,2.0,130,220,350,1.6923,100,160,260,1.6,90,120,210,1.3333,135,61
680,190,490,170,420,590,2.4706,140,330,470,2.3571,140,290,430,2.0714,110,220,330,2.0,100,160,260,1.6,80,130,210,1.625,134,61
700,190,490,170,420,590,2.4706,140,320,460,2.2857,140,280,420,2.0,120,200,320,1.6667,100,140,240,1.4,90,110,200,1.2222,133,61
690,210,480,190,440,630,2.3158,160,340,500,2.125,160,300,460,1.875,130,210,340,1.6154,120,140,260,1.1667,110,110,220,1.0,133,61
710,210,480,190,410,600,2.1579,170,320,490,1.8824,150,280,430,1.8667,130,200,330,1.5385,120,140,260,1.1667,100,110,210,1.1,133,61
660,230,460,200,390,590,1.95,180,300,480,1.6667,170,260,430,1.5294,150,180,330,1.2,130,130,260,1.0,120,100,220,0.8333299999999999,132,61
720,200,510,180,440,620,2.4444,160,330,490,2.0625,140,290,430,2.0714,130,210,340,1.6154,110,160,270,1.4545,100,120,220,1.2,132,61
650,210,480,190,400,590,2.1053,170,320,490,1.8824,160,280,440,1.75,140,200,340,1.4286,120,140,260,1.1667,100,120,220,1.2,132,61
690,200,490,180,420,600,2.3333,160,330,490,2.0625,140,290,430,2.0714,130,210,340,1.6154,110,140,250,1.2727,90,120,210,1.3333,130,60
700,200,480,180,450,630,2.5,160,350,510,2.1875,140,300,440,2.1429,130,220,350,1.6923,100,160,260,1.6,100,120,220,1.2,130,60
690,220,480,190,440,630,2.3158,160,340,500,2.125,160,300,460,1.875,130,220,350,1.6923,110,140,250,1.2727,90,110,200,1.2222,129,60
690,210,480,180,420,600,2.3333,160,330,490,2.0625,150,290,440,1.9333,130,210,340,1.6154,110,150,260,1.3636,100,120,220,1.2,129,60
710,210,500,180,420,600,2.3333,160,330,490,2.0625,150,290,440,1.9333,130,210,340,1.6154,110,150,260,1.3636,100,120,220,1.2,129,60
690,210,490,190,410,600,2.1579,170,330,500,1.9412,160,290,450,1.8125,130,210,340,1.6154,120,150,270,1.25,100,130,230,1.3,128,59
680,200,480,180,410,590,2.2778,160,330,490,2.0625,150,290,440,1.9333,130,210,340,1.6154,110,160,270,1.4545,100,120,220,1.2,127,59
700,210,490,190,410,600,2.1579,160,320,480,2.0,150,280,430,1.8667,140,210,350,1.5,110,150,260,1.3636,110,110,220,1.0,126,59
700,210,490,190,410,600,2.1579,170,330,500,1.9412,160,290,450,1.8125,130,210,340,1.6154,120,150,270,1.25,100,120,220,1.2,126,59
710,210,500,190,420,610,2.2105,160,330,490,2.0625,150,290,440,1.9333,140,210,350,1.5,110,150,260,1.3636,110,110,220,1.0,126,59
700,210,490,180,440,620,2.4444,160,350,510,2.1875,150,300,450,2.0,140,230,370,1.6429,110,160,270,1.4545,100,130,230,1.3,126,59
700,210,500,200,430,630,2.15,160,340,500,2.125,160,300,460,1.875,130,220,350,1.6923,120,160,280,1.3333,100,130,230,1.3,126,59
690,200,480,180,410,590,2.2778,160,330,490,2.0625,150,280,430,1.8667,140,200,340,1.4286,110,150,260,1.3636,100,120,220,1.2,126,59
690,210,490,190,430,620,2.2632,160,340,500,2.125,150,290,440,1.9333,140,220,360,1.5714,110,150,260,1.3636,110,110,220,1.0,125,58
700,200,490,170,500,670,2.9412,160,370,530,2.3125,140,320,460,2.2857,120,230,350,1.9167,110,170,280,1.5455,90,140,230,1.5556,124,58
700,210,490,180,440,620,2.4444,160,340,500,2.125,150,300,450,2.0,130,220,350,1.6923,110,160,270,1.4545,100,130,230,1.3,124,58
700,210,490,190,420,610,2.2105,160,320,480,2.0,160,280,440,1.75,130,210,340,1.6154,120,140,260,1.1667,100,110,210,1.1,124,58
690,210,480,190,400,590,2.1053,170,350,520,2.0588,160,300,460,1.875,140,220,360,1.5714,110,160,270,1.4545,100,120,220,1.2,125,58
700,210,490,190,430,620,2.2632,160,340,500,2.125,150,290,440,1.9333,140,220,360,1.5714,110,160,270,1.4545,100,130,230,1.3,125,58
680,210,480,180,420,600,2.3333,160,330,490,2.0625,150,290,440,1.9333,130,220,350,1.6923,110,160,270,1.4545,100,130,230,1.3,124,58
720,200,490,170,440,610,2.5882,150,330,480,2.2,140,290,430,2.0714,130,210,340,1.6154,100,140,240,1.4,90,120,210,1.3333,123,58
690,230,480,200,450,650,2.25,170,360,530,2.1176,170,310,480,1.8235,150,220,370,1.4667,130,160,290,1.2308,110,130,240,1.1818,123,58
710,210,490,180,430,610,2.3889,160,340,500,2.125,150,300,450,2.0,130,230,360,1.7692,110,160,270,1.4545,100,130,230,1.3,123,58
720,220,490,190,470,660,2.4737,170,370,540,2.1765,160,330,490,2.0625,140,220,360,1.5714,120,160,280,1.3333,100,130,230,1.3,124,58
690,230,480,200,430,630,2.15,170,330,500,1.9412,170,290,460,1.7059,150,210,360,1.4,130,150,280,1.1538,110,120,230,1.0909,124,58
710,210,490,190,420,610,2.2105,170,330,500,1.9412,160,290,450,1.8125,140,220,360,1.5714,110,150,260,1.3636,100,120,220,1.2,124,58
680,220,460,210,400,610,1.9048,180,310,490,1.7222,170,260,430,1.5294,150,210,360,1.4,130,140,270,1.0769,110,120,230,1.0909,123,58
690,220,480,190,410,600,2.1579,170,330,500,1.9412,160,280,440,1.75,140,210,350,1.5,120,140,260,1.1667,100,110,210,1.1,123,57
710,210,490,180,440,620,2.4444,160,350,510,2.1875,150,310,460,2.0667,140,230,370,1.6429,110,160,270,1.4545,100,120,220,1.2,123,57
690,220,480,200,440,640,2.2,170,350,520,2.0588,170,310,480,1.8235,140,240,380,1.7143,130,140,270,1.0769,110,120,230,1.0909,123,57
700,210,480,180,430,610,2.3889,170,330,500,1.9412,150,290,440,1.9333,140,220,360,1.5714,110,160,270,1.4545,100,120,220,1.2,123,57
720,220,500,190,430,620,2.2632,160,340,500,2.125,160,300,460,1.875,140,220,360,1.5714,120,160,280,1.3333,100,130,230,1.3,123,57
700,220,490,200,420,620,2.1,170,320,490,1.8824,160,270,430,1.6875,140,190,330,1.3571,120,140,260,1.1667,110,120,230,1.0909,123,57
690,210,480,190,410,600,2.1579,170,320,490,1.8824,160,290,450,1.8125,140,210,350,1.5,110,150,260,1.3636,100,120,220,1.2,122,57
680,210,470,190,440,630,2.3158,170,350,520,2.0588,160,310,470,1.9375,140,220,360,1.5714,110,150,260,1.3636,110,110,220,1.0,122,57
710,210,490,190,430,620,2.2632,160,350,510,2.1875,150,310,460,2.0667,130,230,360,1.7692,110,170,280,1.5455,100,150,250,1.5,122,57
700,220,480,190,420,610,2.2105,170,330,500,1.9412,160,280,440,1.75,140,210,350,1.5,120,150,270,1.25,100,120,220,1.2,122,57
690,220,470,200,420,620,2.1,170,330,500,1.9412,160,280,440,1.75,140,210,350,1.5,120,140,260,1.1667,110,120,230,1.0909,122,57
720,220,490,190,420,610,2.2105,170,330,500,1.9412,160,280,440,1.75,140,210,350,1.5,120,140,260,1.1667,100,110,210,1.1,122,57
700,230,480,200,410,610,2.05,170,330,500,1.9412,170,290,460,1.7059,140,210,350,1.5,130,150,280,1.1538,110,120,230,1.0909,122,57
660,220,470,190,410,600,2.1579,170,330,500,1.9412,160,290,450,1.8125,140,210,350,1.5,120,150,270,1.25,110,120,230,1.0909,122,58
730,190,500,180,440,620,2.4444,150,350,500,2.3333,140,300,440,2.1429,120,220,340,1.8333,100,160,260,1.6,90,140,230,1.5556,122,58
710,230,480,200,440,640,2.2,180,340,520,1.8889,170,300,470,1.7647,140,210,350,1.5,120,150,270,1.25,110,120,230,1.0909,122,58
700,230,480,200,420,620,2.1,180,330,510,1.8333,170,290,460,1.7059,150,200,350,1.3333,130,140,270,1.0769,110,110,220,1.0,122,58
710,220,490,190,440,630,2.3158,170,350,520,2.0588,150,310,460,2.0667,130,220,350,1.6923,110,150,260,1.3636,100,120,220,1.2,122,58
720,220,510,190,430,620,2.2632,170,340,510,2.0,160,300,460,1.875,140,220,360,1.5714,120,160,280,1.3333,100,120,220,1.2,122,58
720,210,510,190,440,630,2.3158,170,350,520,2.0588,160,300,460,1.875,140,220,360,1.5714,120,160,280,1.3333,100,130,230,1.3,122,58
710,210,510,210,440,650,2.0952,170,350,520,2.0588,150,300,450,2.0,140,220,360,1.5714,110,160,270,1.4545,100,130,230,1.3,121,57
700,200,490,180,440,620,2.4444,160,340,500,2.125,150,290,440,1.9333,130,210,340,1.6154,110,150,260,1.3636,90,120,210,1.3333,121,57
720,210,500,180,430,610,2.3889,160,340,500,2.125,150,300,450,2.0,130,230,360,1.7692,110,150,260,1.3636,100,130,230,1.3,121,57
720,220,500,190,430,620,2.2632,170,340,510,2.0,160,300,460,1.875,140,220,360,1.5714,120,150,270,1.25,110,120,230,1.0909,121,57
720,220,500,190,430,620,2.2632,180,330,510,1.8333,160,290,450,1.8125,140,210,350,1.5,120,150,270,1.25,110,120,230,1.0909,121,57
740,220,510,200,430,630,2.15,170,350,520,2.0588,160,310,470,1.9375,140,220,360,1.5714,120,150,270,1.25,110,120,230,1.0909,121,57
730,230,500,200,440,640,2.2,170,340,510,2.0,170,300,470,1.7647,140,220,360,1.5714,130,160,290,1.2308,110,120,230,1.0909,121,57
690,230,480,210,410,620,1.9524,180,320,500,1.7778,180,280,460,1.5556,150,200,350,1.3333,130,150,280,1.1538,110,120,230,1.0909,120,57
730,210,510,190,430,620,2.2632,170,340,510,2.0,150,300,450,2.0,140,230,370,1.6429,110,150,260,1.3636,100,120,220,1.2,120,57
730,220,510,200,460,660,2.3,170,360,530,2.1176,160,310,470,1.9375,140,220,360,1.5714,120,160,280,1.3333,110,120,230,1.0909,120,57
730,220,500,200,440,640,2.2,170,340,510,2.0,170,300,470,1.7647,140,220,360,1.5714,130,150,280,1.1538,110,120,230,1.0909,120,56
740,230,510,200,460,660,2.3,180,360,540,2.0,170,320,490,1.8824,150,240,390,1.6,130,180,310,1.3846,110,140,250,1.2727,120,56
720,230,500,200,450,650,2.25,180,340,520,1.8889,170,300,470,1.7647,150,220,370,1.4667,130,150,280,1.1538,120,120,240,1.0,120,56
740,220,520,200,440,640,2.2,170,350,520,2.0588,160,300,460,1.875,140,230,370,1.6429,120,170,290,1.4167,100,140,240,1.4,119,56
720,220,510,220,440,660,2.0,180,340,520,1.8889,180,300,480,1.6667,150,220,370,1.4667,130,160,290,1.2308,120,120,240,1.0,119,56
730,220,510,200,430,630,2.15,180,330,510,1.8333,170,290,460,1.7059,140,210,350,1.5,130,160,290,1.2308,110,130,240,1.1818,118,56
740,220,510,200,440,640,2.2,180,370,550,2.0556,160,320,480,2.0,140,240,380,1.7143,120,160,280,1.3333,100,130,230,1.3,118,56
730,230,510,200,430,630,2.15,180,340,520,1.8889,170,300,470,1.7647,150,220,370,1.4667,120,160,280,1.3333,110,130,240,1.1818,118,56
720,220,500,200,430,630,2.15,170,330,500,1.9412,170,300,470,1.7647,140,220,360,1.5714,120,160,280,1.3333,110,130,240,1.1818,118,56
720,220,510,190,450,640,2.3684,170,340,510,2.0,160,290,450,1.8125,140,210,350,1.5,120,150,270,1.25,110,120,230,1.0909,117,55
760,210,520,190,460,650,2.4211,170,360,530,2.1176,160,320,480,2.0,130,230,360,1.7692,110,170,280,1.5455,90,130,220,1.4444,117,55
720,240,500,210,420,630,2.0,190,330,520,1.7368,180,290,470,1.6111,160,210,370,1.3125,140,140,280,1.0,120,110,230,0.91667,117,55
740,220,510,200,450,650,2.25,170,360,530,2.1176,170,310,480,1.8235,140,240,380,1.7143,120,170,290,1.4167,110,140,250,1.2727,117,55
740,230,510,200,440,640,2.2,180,350,530,1.9444,170,310,480,1.8235,150,230,380,1.5333,120,160,280,1.3333,110,130,240,1.1818,117,55
720,230,500,210,420,630,2.0,190,330,520,1.7368,170,290,460,1.7059,150,210,360,1.4,130,150,280,1.1538,120,120,240,1.0,117,55
720,220,510,210,440,650,2.0952,170,340,510,2.0,170,290,460,1.7059,140,220,360,1.5714,130,160,290,1.2308,110,130,240,1.1818,117,55
740,210,520,180,450,630,2.5,170,360,530,2.1176,160,320,480,2.0,130,240,370,1.8462,110,170,280,1.5455,90,130,220,1.4444,116,55
740,220,510,190,440,630,2.3158,180,340,520,1.8889,160,300,460,1.875,150,220,370,1.4667,120,150,270,1.25,110,120,230,1.0909,116,55
720,230,490,210,420,630,2.0,190,330,520,1.7368,170,290,460,1.7059,160,210,370,1.3125,130,140,270,1.0769,120,120,240,1.0,116,55
740,230,510,200,450,650,2.25,170,350,520,2.0588,170,310,480,1.8235,140,230,370,1.6429,130,160,290,1.2308,110,130,240,1.1818,116,55
730,230,510,200,440,640,2.2,180,350,530,1.9444,170,310,480,1.8235,150,230,380,1.5333,120,160,280,1.3333,110,120,230,1.0909,116,55
720,220,500,210,420,630,2.0,180,330,510,1.8333,170,290,460,1.7059,150,210,360,1.4,120,150,270,1.25,110,130,240,1.1818,116,55
710,220,500,190,430,620,2.2632,170,340,510,2.0,160,290,450,1.8125,140,210,350,1.5,120,140,260,1.1667,100,120,220,1.2,116,55
730,210,510,190,420,610,2.2105,160,320,480,2.0,150,280,430,1.8667,130,220,350,1.6923,110,150,260,1.3636,100,120,220,1.2,115,55
720,220,510,200,440,640,2.2,170,340,510,2.0,160,300,460,1.875,140,220,360,1.5714,120,150,270,1.25,110,120,230,1.0909,115,55
720,210,510,200,420,620,2.1,170,320,490,1.8824,160,280,440,1.75,140,200,340,1.4286,120,140,260,1.1667,110,110,220,1.0,115,55
700,210,500,180,460,640,2.5556,160,340,500,2.125,150,290,440,1.9333,130,210,340,1.6154,120,140,260,1.1667,100,120,220,1.2,115,55
710,200,530,160,450,610,2.8125,140,340,480,2.4286,140,290,430,2.0714,110,210,320,1.9091,100,160,260,1.6,80,130,210,1.625,115,55
710,190,520,180,420,600,2.3333,140,310,450,2.2143,140,250,390,1.7857,120,170,290,1.4167,100,120,220,1.2,100,100,200,1.0,116,55
720,190,520,170,430,600,2.5294,140,330,470,2.3571,130,280,410,2.1538,120,200,320,1.6667,100,140,240,1.4,90,120,210,1.3333,117,56
720,200,520,170,460,630,2.7059,140,350,490,2.5,130,290,420,2.2308,120,200,320,1.6667,100,140,240,1.4,90,120,210,1.3333,119,56
720,200,520,170,460,630,2.7059,140,340,480,2.4286,130,290,420,2.2308,120,210,330,1.75,90,150,240,1.6667,80,130,210,1.625,119,56
730,200,530,170,440,610,2.5882,150,340,490,2.2667,130,290,420,2.2308,120,210,330,1.75,100,160,260,1.6,90,130,220,1.4444,124,58
730,200,520,180,440,620,2.4444,150,330,480,2.2,140,280,420,2.0,120,210,330,1.75,100,150,250,1.5,100,130,230,1.3,126,59
720,210,530,200,430,630,2.15,160,330,490,2.0625,150,290,440,1.9333,130,210,340,1.6154,110,150,260,1.3636,100,130,230,1.3,130,61
720,190,520,170,440,610,2.5882,150,350,500,2.3333,140,290,430,2.0714,120,210,330,1.75,110,150,260,1.3636,90,130,220,1.4444,130,61
730,200,520,170,460,630,2.7059,150,330,480,2.2,140,280,420,2.0,120,210,330,1.75,100,150,250,1.5,90,120,210,1.3333,131,61
730,210,510,180,440,620,2.4444,160,340,500,2.125,150,300,450,2.0,130,210,340,1.6154,120,150,270,1.25,100,120,220,1.2,133,62
720,220,510,190,430,620,2.2632,170,330,500,1.9412,160,290,450,1.8125,130,210,340,1.6154,120,150,270,1.25,110,120,230,1.0909,133,62
730,210,520,180,440,620,2.4444,170,340,510,2.0,150,290,440,1.9333,130,210,340,1.6154,120,150,270,1.25,100,130,230,1.3,133,62
720,210,510,180,440,620,2.4444,160,350,510,2.1875,150,300,450,2.0,130,220,350,1.6923,110,160,270,1.4545,100,130,230,1.3,133,62
720,210,510,190,430,620,2.2632,170,330,500,1.9412,150,290,440,1.9333,140,210,350,1.5,110,150,260,1.3636,100,120,220,1.2,133,62
710,210,500,200,410,610,2.05,170,320,490,1.8824,160,270,430,1.6875,140,200,340,1.4286,120,150,270,1.25,110,120,230,1.0909,133,62
710,210,500,180,420,600,2.3333,160,330,490,2.0625,150,290,440,1.9333,130,210,340,1.6154,120,150,270,1.25,100,120,220,1.2,132,62
720,210,500,180,440,620,2.4444,160,340,500,2.125,150,300,450,2.0,130,220,350,1.6923,110,150,260,1.3636,100,130,230,1.3,132,61
710,220,490,190,440,630,2.3158,170,350,520,2.0588,160,300,460,1.875,140,230,370,1.6429,120,170,290,1.4167,110,140,250,1.2727,132,61
710,220,480,190,420,610,2.2105,170,320,490,1.8824,160,280,440,1.75,150,210,360,1.4,120,150,270,1.25,110,120,230,1.0909,132,61
700,230,480,200,490,690,2.45,180,350,530,1.9444,170,290,460,1.7059,140,210,350,1.5,130,150,280,1.1538,110,120,230,1.0909,132,61
720,220,500,240,400,640,1.6667,190,300,490,1.5789,170,260,430,1.5294,150,180,330,1.2,130,110,240,0.84615,120,90,210,0.75,131,61
700,220,490,200,410,610,2.05,170,310,480,1.8235,160,270,430,1.6875,140,190,330,1.3571,120,140,260,1.1667,110,110,220,1.0,131,61
700,210,490,180,410,590,2.2778,160,310,470,1.9375,150,280,430,1.8667,140,200,340,1.4286,120,130,250,1.0833,100,110,210,1.1,131,61
710,210,500,200,420,620,2.1,170,320,490,1.8824,160,280,440,1.75,140,200,340,1.4286,120,140,260,1.1667,110,110,220,1.0,130,61
710,210,490,190,430,620,2.2632,160,340,500,2.125,150,290,440,1.9333,140,210,350,1.5,110,150,260,1.3636,110,110,220,1.0,130,61
700,220,480,190,490,680,2.5789,170,360,530,2.1176,160,300,460,1.875,140,220,360,1.5714,120,160,280,1.3333,110,120,230,1.0909,131,61
700,220,490,190,480,670,2.5263,160,360,520,2.25,160,310,470,1.9375,140,220,360,1.5714,120,150,270,1.25,110,120,230,1.0909,131,62
710,210,510,230,420,650,1.8261,180,330,510,1.8333,170,280,450,1.6471,140,210,350,1.5,120,160,280,1.3333,100,120,220,1.2,130,62
710,200,500,190,420,610,2.2105,160,330,490,2.0625,150,280,430,1.8667,130,210,340,1.6154,110,140,250,1.2727,90,120,210,1.3333,130,62
710,230,490,190,450,640,2.3684,170,350,520,2.0588,160,300,460,1.875,140,220,360,1.5714,120,150,270,1.25,110,120,230,1.0909,130,63
680,220,470,200,480,680,2.4,180,400,580,2.2222,160,350,510,2.1875,140,250,390,1.7857,120,170,290,1.4167,110,130,240,1.1818,130,63
700,210,480,230,400,630,1.7391,190,360,550,1.8947,180,310,490,1.7222,150,220,370,1.4667,130,160,290,1.2308,110,120,230,1.0909,130,63
690,220,490,200,400,600,2.0,170,310,480,1.8235,160,270,430,1.6875,140,190,330,1.3571,120,140,260,1.1667,110,100,210,0.90909,129,63
700,200,490,180,410,590,2.2778,160,320,480,2.0,150,280,430,1.8667,130,200,330,1.5385,110,130,240,1.1818,100,110,210,1.1,128,62
710,210,490,190,420,610,2.2105,160,320,480,2.0,150,280,430,1.8667,130,200,330,1.5385,110,140,250,1.2727,100,110,210,1.1,127,61
690,220,480,190,400,590,2.1053,170,310,480,1.8235,160,270,430,1.6875,140,200,340,1.4286,120,130,250,1.0833,110,110,220,1.0,127,61
700,210,480,190,400,590,2.1053,160,310,470,1.9375,150,270,420,1.8,130,190,320,1.4615,110,130,240,1.1818,110,110,220,1.0,127,61
700,220,480,190,380,570,2.0,170,290,460,1.7059,160,260,420,1.625,140,190,330,1.3571,130,130,260,1.0,110,110,220,1.0,128,62
690,220,490,200,400,600,2.0,180,310,490,1.7222,160,270,430,1.6875,150,190,340,1.2667,130,140,270,1.0769,110,110,220,1.0,128,62
710,200,500,190,420,610,2.2105,160,320,480,2.0,150,280,430,1.8667,130,200,330,1.5385,120,140,260,1.1667,100,120,220,1.2,129,62
700,210,490,180,500,680,2.7778,150,370,520,2.4667,150,310,460,2.0667,130,190,320,1.4615,110,140,250,1.2727,110,110,220,1.0,131,63
700,210,490,180,420,600,2.3333,160,330,490,2.0625,150,280,430,1.8667,130,210,340,1.6154,110,140,250,1.2727,100,120,220,1.2,131,63
700,210,480,190,410,600,2.1579,160,310,470,1.9375,150,270,420,1.8,140,200,340,1.4286,110,150,260,1.3636,110,110,220,1.0,132,64
700,220,480,190,400,590,2.1053,170,320,490,1.8824,160,280,440,1.75,140,210,350,1.5,120,130,250,1.0833,110,110,220,1.0,135,65
700,220,470,190,410,600,2.1579,170,310,480,1.8235,160,270,430,1.6875,150,190,340,1.2667,120,140,260,1.1667,110,110,220,1.0,137,65
690,230,480,210,390,600,1.8571,180,300,480,1.6667,170,260,430,1.5294,150,190,340,1.2667,130,130,260,1.0,120,100,220,0.8333299999999999,137,65
700,210,480,200,400,600,2.0,180,300,480,1.6667,160,250,410,1.5625,140,180,320,1.2857,120,130,250,1.0833,110,120,230,1.0909,138,66
690,220,480,190,400,590,2.1053,160,300,460,1.875,160,260,420,1.625,140,190,330,1.3571,120,140,260,1.1667,110,100,210,0.90909,138,66
700,210,480,190,420,610,2.2105,170,330,500,1.9412,150,290,440,1.9333,130,210,340,1.6154,120,140,260,1.1667,100,120,220,1.2,138,66
690,220,470,190,420,610,2.2105,170,330,500,1.9412,160,290,450,1.8125,140,220,360,1.5714,120,160,280,1.3333,110,140,250,1.2727,138,66
690,220,470,200,410,610,2.05,170,310,480,1.8235,160,270,430,1.6875,140,200,340,1.4286,120,140,260,1.1667,110,110,220,1.0,138,66
690,220,470,190,400,590,2.1053,170,300,470,1.7647,160,260,420,1.625,140,190,330,1.3571,120,140,260,1.1667,110,110,220,1.0,138,66
710,220,490,200,400,600,2.0,180,300,480,1.6667,170,250,420,1.4706,140,180,320,1.2857,120,120,240,1.0,100,90,190,0.9,139,66
690,220,490,210,410,620,1.9524,180,310,490,1.7222,170,270,440,1.5882,140,200,340,1.4286,130,130,260,1.0,110,110,220,1.0,139,66
740,200,510,180,420,600,2.3333,160,330,490,2.0625,150,290,440,1.9333,130,220,350,1.6923,110,160,270,1.4545,100,120,220,1.2,138,66
680,230,460,210,470,680,2.2381,190,340,530,1.7895,170,300,470,1.7647,150,210,360,1.4,130,130,260,1.0,120,100,220,0.8333299999999999,138,66
700,220,490,190,420,610,2.2105,160,330,490,2.0625,160,280,440,1.75,130,210,340,1.6154,120,140,260,1.1667,100,120,220,1.2,138,65
710,210,480,190,400,590,2.1053,170,320,490,1.8824,160,280,440,1.75,140,200,340,1.4286,120,150,270,1.25,100,120,220,1.2,138,65
700,230,480,210,390,600,1.8571,180,300,480,1.6667,170,260,430,1.5294,150,190,340,1.2667,130,130,260,1.0,110,100,210,0.90909,138,65
700,220,480,200,400,600,2.0,180,310,490,1.7222,170,270,440,1.5882,150,200,350,1.3333,130,140,270,1.0769,110,110,220,1.0,138,65
690,220,480,200,400,600,2.0,170,310,480,1.8235,170,270,440,1.5882,140,200,340,1.4286,130,140,270,1.0769,110,120,230,1.0909,137,65
700,210,480,190,410,600,2.1579,170,320,490,1.8824,160,280,440,1.75,140,200,340,1.4286,120,150,270,1.25,100,120,220,1.2,137,65
700,220,490,200,410,610,2.05,170,310,480,1.8235,160,280,440,1.75,140,200,340,1.4286,120,140,260,1.1667,110,110,220,1.0,135,64
710,210,480,190,430,620,2.2632,170,330,500,1.9412,160,290,450,1.8125,140,210,350,1.5,120,160,280,1.3333,100,120,220,1.2,135,64
690,230,470,200,410,610,2.05,170,330,500,1.9412,170,280,450,1.6471,150,210,360,1.4,130,140,270,1.0769,110,120,230,1.0909,134,63
710,220,480,190,420,610,2.2105,170,320,490,1.8824,160,280,440,1.75,140,210,350,1.5,120,160,280,1.3333,100,120,220,1.2,134,63
690,230,490,210,410,620,1.9524,180,320,500,1.7778,170,280,450,1.6471,150,200,350,1.3333,130,140,270,1.0769,120,110,230,0.91667,134,63
700,200,480,200,400,600,2.0,180,320,500,1.7778,160,280,440,1.75,140,200,340,1.4286,120,150,270,1.25,110,120,230,1.0909,132,62
680,220,460,200,380,580,1.9,170,300,470,1.7647,160,260,420,1.625,140,190,330,1.3571,120,140,260,1.1667,110,110,220,1.0,132,62
690,220,470,200,410,610,2.05,170,320,490,1.8824,160,280,440,1.75,140,200,340,1.4286,120,140,260,1.1667,110,110,220,1.0,132,62
700,220,480,200,410,610,2.05,170,310,480,1.8235,160,270,430,1.6875,140,200,340,1.4286,120,140,260,1.1667,110,110,220,1.0,131,62
700,220,470,190,390,580,2.0526,170,300,470,1.7647,160,270,430,1.6875,140,190,330,1.3571,110,140,250,1.2727,110,110,220,1.0,131,62
690,230,460,210,380,590,1.8095,180,290,470,1.6111,170,260,430,1.5294,150,190,340,1.2667,130,120,250,0.92308,120,100,220,0.8333299999999999,131,62
700,230,470,200,390,590,1.95,180,300,480,1.6667,170,270,440,1.5882,150,200,350,1.3333,130,140,270,1.0769,110,110,220,1.0,132,62
700,230,470,210,390,600,1.8571,190,300,490,1.5789,170,260,430,1.5294,160,190,350,1.1875,130,140,270,1.0769,120,100,220,0.8333299999999999,132,63
690,230,470,200,400,600,2.0,180,280,460,1.5556,170,250,420,1.4706,150,180,330,1.2,130,120,250,0.92308,120,100,220,0.8333299999999999,132,63
700,220,470,190,390,580,2.0526,170,310,480,1.8235,160,270,430,1.6875,150,190,340,1.2667,120,130,250,1.0833,110,110,220,1.0,133,63
690,230,470,200,400,600,2.0,170,310,480,1.8235,170,260,430,1.5294,140,190,330,1.3571,130,130,260,1.0,110,100,210,0.90909,135,64
690,220,470,190,430,620,2.2632,170,340,510,2.0,160,270,430,1.6875,140,190,330,1.3571,130,130,260,1.0,110,110,220,1.0,135,64
710,220,480,190,400,590,2.1053,160,310,470,1.9375,150,270,420,1.8,140,200,340,1.4286,110,150,260,1.3636,110,110,220,1.0,137,65
710,230,480,190,400,590,2.1053,170,310,480,1.8235,160,280,440,1.75,140,200,340,1.4286,120,140,260,1.1667,100,120,220,1.2,139,66
690,230,480,210,390,600,1.8571,180,290,470,1.6111,170,260,430,1.5294,150,200,350,1.3333,130,140,270,1.0769,120,110,230,0.91667,139,66
710,210,500,190,410,600,2.1579,160,320,480,2.0,150,280,430,1.8667,140,200,340,1.4286,110,140,250,1.2727,100,120,220,1.2,140,67
710,210,490,190,410,600,2.1579,170,310,480,1.8235,160,270,430,1.6875,130,200,330,1.5385,120,140,260,1.1667,110,110,220,1.0,140,67
700,220,480,200,390,590,1.95,180,300,480,1.6667,160,260,420,1.625,150,190,340,1.2667,120,140,260,1.1667,110,120,230,1.0909,140,66
710,220,490,190,410,600,2.1579,170,330,500,1.9412,160,290,450,1.8125,130,210,340,1.6154,120,150,270,1.25,100,120,220,1.2,140,66
700,220,490,190,420,610,2.2105,170,330,500,1.9412,160,280,440,1.75,140,210,350,1.5,120,150,270,1.25,100,120,220,1.2,138,65
700,210,480,180,410,590,2.2778,170,320,490,1.8824,150,280,430,1.8667,140,200,340,1.4286,110,140,250,1.2727,100,120,220,1.2,137,64
710,220,490,190,430,620,2.2632,160,340,500,2.125,160,290,450,1.8125,140,220,360,1.5714,120,150,270,1.25,100,120,220,1.2,137,64
720,220,490,190,420,610,2.2105,170,330,500,1.9412,160,290,450,1.8125,140,210,350,1.5,110,150,260,1.3636,110,120,230,1.0909,136,63
710,230,480,200,410,610,2.05,180,310,490,1.7222,170,270,440,1.5882,150,200,350,1.3333,120,140,260,1.1667,110,110,220,1.0,135,63
710,230,480,210,410,620,1.9524,180,320,500,1.7778,170,280,450,1.6471,150,200,350,1.3333,130,140,270,1.0769,110,120,230,1.0909,135,62
700,230,480,210,400,610,1.9048,190,310,500,1.6316,170,270,440,1.5882,150,200,350,1.3333,130,140,270,1.0769,120,110,230,0.91667,135,62
710,220,490,210,420,630,2.0,180,320,500,1.7778,170,280,450,1.6471,150,210,360,1.4,130,150,280,1.1538,120,110,230,0.91667,133,62
700,220,480,190,410,600,2.1579,170,320,490,1.8824,160,280,440,1.75,140,200,340,1.4286,120,150,270,1.25,110,120,230,1.0909,133,62
710,220,490,190,430,620,2.2632,170,340,510,2.0,160,290,450,1.8125,140,220,360,1.5714,120,150,270,1.25,110,120,230,1.0909,133,62
720,220,500,190,450,640,2.3684,170,350,520,2.0588,160,310,470,1.9375,140,230,370,1.6429,110,160,270,1.4545,100,130,230,1.3,132,61
710,220,490,190,430,620,2.2632,170,330,500,1.9412,160,290,450,1.8125,150,220,370,1.4667,120,150,270,1.25,110,120,230,1.0909,132,60
720,220,500,200,440,640,2.2,180,340,520,1.8889,160,300,460,1.875,140,220,360,1.5714,120,160,280,1.3333,100,130,230,1.3,131,60
720,220,500,210,410,620,1.9524,180,320,500,1.7778,170,280,450,1.6471,140,200,340,1.4286,130,150,280,1.1538,110,120,230,1.0909,131,60
710,220,490,200,420,620,2.1,180,320,500,1.7778,170,280,450,1.6471,140,200,340,1.4286,130,150,280,1.1538,110,120,230,1.0909,130,60
720,220,500,200,410,610,2.05,170,320,490,1.8824,170,280,450,1.6471,140,210,350,1.5,130,140,270,1.0769,110,110,220,1.0,130,60
720,220,490,200,430,630,2.15,170,330,500,1.9412,170,290,460,1.7059,140,210,350,1.5,130,150,280,1.1538,110,120,230,1.0909,130,60
720,230,490,200,430,630,2.15,180,330,510,1.8333,170,290,460,1.7059,150,210,360,1.4,130,150,280,1.1538,110,120,230,1.0909,129,59
720,230,490,210,420,630,2.0,180,330,510,1.8333,170,290,460,1.7059,150,210,360,1.4,130,140,270,1.0769,110,120,230,1.0909,129,59
720,230,490,210,410,620,1.9524,180,330,510,1.8333,170,290,460,1.7059,150,210,360,1.4,130,150,280,1.1538,120,120,240,1.0,129,59
710,230,490,210,410,620,1.9524,180,320,500,1.7778,170,280,450,1.6471,150,200,350,1.3333,130,140,270,1.0769,120,110,230,0.91667,129,59
700,220,490,200,440,640,2.2,170,340,510,2.0,160,290,450,1.8125,140,200,340,1.4286,120,150,270,1.25,110,130,240,1.1818,128,59
730,210,510,180,440,620,2.4444,160,340,500,2.125,150,300,450,2.0,140,220,360,1.5714,110,160,270,1.4545,100,130,230,1.3,127,58
720,220,500,190,430,620,2.2632,180,340,520,1.8889,160,300,460,1.875,140,220,360,1.5714,120,150,270,1.25,110,120,230,1.0909,127,58
720,220,490,200,420,620,2.1,180,330,510,1.8333,170,300,470,1.7647,150,220,370,1.4667,120,160,280,1.3333,110,140,250,1.2727,127,58
710,230,490,200,420,620,2.1,180,320,500,1.7778,170,280,450,1.6471,150,200,350,1.3333,120,150,270,1.25,110,110,220,1.0,126,58
720,220,500,190,440,630,2.3158,170,340,510,2.0,160,300,460,1.875,140,220,360,1.5714,120,160,280,1.3333,100,130,230,1.3,126,58
720,220,500,210,430,640,2.0476,180,330,510,1.8333,170,290,460,1.7059,150,220,370,1.4667,130,160,290,1.2308,110,130,240,1.1818,126,58
720,220,500,200,420,620,2.1,180,330,510,1.8333,160,290,450,1.8125,140,210,350,1.5,120,160,280,1.3333,100,120,220,1.2,126,58
710,220,490,200,410,610,2.05,180,320,500,1.7778,170,280,450,1.6471,140,200,340,1.4286,130,140,270,1.0769,110,110,220,1.0,126,58
730,220,500,200,470,670,2.35,170,360,530,2.1176,170,310,480,1.8235,140,220,360,1.5714,120,160,280,1.3333,110,130,240,1.1818,126,58
710,230,490,200,430,630,2.15,180,330,510,1.8333,170,280,450,1.6471,140,210,350,1.5,130,150,280,1.1538,110,120,230,1.0909,125,58
730,220,500,190,440,630,2.3158,170,340,510,2.0,160,300,460,1.875,140,220,360,1.5714,120,160,280,1.3333,100,130,230,1.3,125,58
730,230,500,200,430,630,2.15,180,330,510,1.8333,170,290,460,1.7059,140,220,360,1.5714,120,160,280,1.3333,110,120,230,1.0909,126,58
720,230,500,210,420,630,2.0,190,320,510,1.6842,170,290,460,1.7059,150,210,360,1.4,130,150,280,1.1538,110,120,230,1.0909,126,58
720,220,500,200,420,620,2.1,180,330,510,1.8333,160,290,450,1.8125,150,220,370,1.4667,100,150,250,1.5,100,120,220,1.2,125,58
730,220,510,200,430,630,2.15,180,320,500,1.7778,160,280,440,1.75,150,210,360,1.4,120,150,270,1.25,110,110,220,1.0,125,58
730,220,500,200,430,630,2.15,170,340,510,2.0,160,300,460,1.875,140,220,360,1.5714,120,150,270,1.25,110,120,230,1.0909,125,58
720,230,500,200,490,690,2.45,170,380,550,2.2353,170,330,500,1.9412,140,250,390,1.7857,130,160,290,1.2308,110,130,240,1.1818,125,58
730,220,500,200,430,630,2.15,170,330,500,1.9412,170,290,460,1.7059,140,210,350,1.5,120,160,280,1.3333,100,130,230,1.3,125,58
740,230,510,200,440,640,2.2,180,340,520,1.8889,170,300,470,1.7647,140,220,360,1.5714,120,160,280,1.3333,100,120,220,1.2,125,58
730,230,500,210,420,630,2.0,190,320,510,1.6842,170,280,450,1.6471,150,200,350,1.3333,120,140,260,1.1667,120,100,220,0.8333299999999999,125,58
720,230,500,200,430,630,2.15,170,330,500,1.9412,170,290,460,1.7059,150,210,360,1.4,130,150,280,1.1538,110,120,230,1.0909,125,58
730,220,510,200,430,630,2.15,170,330,500,1.9412,160,290,450,1.8125,140,210,350,1.5,120,150,270,1.25,100,120,220,1.2,123,58
740,220,510,200,460,660,2.3,180,350,530,1.9444,160,310,470,1.9375,140,220,360,1.5714,110,160,270,1.4545,100,120,220,1.2,123,57
730,230,500,200,420,620,2.1,180,330,510,1.8333,170,290,460,1.7059,150,210,360,1.4,120,150,270,1.25,120,120,240,1.0,123,57
730,230,510,200,440,640,2.2,170,340,510,2.0,170,300,470,1.7647,150,220,370,1.4667,130,160,290,1.2308,110,130,240,1.1818,123,57
740,220,520,200,430,630,2.15,180,340,520,1.8889,160,300,460,1.875,140,220,360,1.5714,120,160,280,1.3333,100,130,230,1.3,122,57
730,220,500,200,430,630,2.15,180,340,520,1.8889,160,300,460,1.875,150,220,370,1.4667,120,160,280,1.3333,110,130,240,1.1818,122,57
730,230,520,200,430,630,2.15,170,330,500,1.9412,170,290,460,1.7059,140,220,360,1.5714,120,150,270,1.25,110,130,240,1.1818,122,57
750,210,520,190,440,630,2.3158,170,350,520,2.0588,160,300,460,1.875,140,220,360,1.5714,110,160,270,1.4545,100,120,220,1.2,120,56
710,230,510,210,450,660,2.1429,180,340,520,1.8889,170,300,470,1.7647,150,210,360,1.4,130,150,280,1.1538,110,120,230,1.0909,120,55
750,220,510,200,450,650,2.25,170,340,510,2.0,160,300,460,1.875,140,220,360,1.5714,120,160,280,1.3333,110,130,240,1.1818,120,55
720,240,510,210,430,640,2.0476,190,330,520,1.7368,180,300,480,1.6667,150,220,370,1.4667,130,150,280,1.1538,110,120,230,1.0909,119,55
750,210,530,200,450,650,2.25,170,350,520,2.0588,160,310,470,1.9375,140,230,370,1.6429,110,160,270,1.4545,100,130,230,1.3,118,55
740,220,510,200,440,640,2.2,180,340,520,1.8889,170,300,470,1.7647,140,220,360,1.5714,120,160,280,1.3333,100,120,220,1.2,118,55
730,230,510,200,420,620,2.1,180,330,510,1.8333,170,300,470,1.7647,150,220,370,1.4667,130,150,280,1.1538,120,120,240,1.0,117,54
750,220,520,200,470,670,2.35,170,360,530,2.1176,170,310,480,1.8235,140,230,370,1.6429,120,170,290,1.4167,110,130,240,1.1818,117,54
740,230,510,200,440,640,2.2,180,340,520,1.8889,170,300,470,1.7647,150,220,370,1.4667,120,150,270,1.25,110,130,240,1.1818,117,54
750,230,510,200,450,650,2.25,180,360,540,2.0,170,310,480,1.8235,140,240,380,1.7143,120,160,280,1.3333,110,130,240,1.1818,117,54
740,240,520,210,440,650,2.0952,180,340,520,1.8889,170,300,470,1.7647,150,220,370,1.4667,130,160,290,1.2308,120,130,250,1.0833,116,54
740,220,510,200,440,640,2.2,180,350,530,1.9444,170,300,470,1.7647,150,220,370,1.4667,120,160,280,1.3333,110,130,240,1.1818,116,53
750,230,520,200,440,640,2.2,170,330,500,1.9412,170,290,460,1.7059,140,210,350,1.5,130,150,280,1.1538,110,130,240,1.1818,115,53
760,230,520,200,450,650,2.25,180,340,520,1.8889,160,300,460,1.875,150,220,370,1.4667,120,150,270,1.25,110,120,230,1.0909,115,53
770,240,520,210,440,650,2.0952,200,340,540,1.7,180,300,480,1.6667,160,220,380,1.375,140,150,290,1.0714,120,120,240,1.0,115,53
730,250,490,230,430,660,1.8696,210,330,540,1.5714,190,290,480,1.5263,170,210,380,1.2353,150,140,290,0.93333,130,110,240,0.84615,115,53
750,240,520,210,450,660,2.1429,180,350,530,1.9444,180,310,490,1.7222,150,230,380,1.5333,130,160,290,1.2308,110,130,240,1.1818,115,53
750,230,520,210,440,650,2.0952,180,340,520,1.8889,170,290,460,1.7059,150,210,360,1.4,130,160,290,1.2308,120,130,250,1.0833,115,53
740,230,520,200,430,630,2.15,180,340,520,1.8889,170,300,470,1.7647,160,220,380,1.375,120,150,270,1.25,120,120,240,1.0,115,53
750,220,520,200,440,640,2.2,180,340,520,1.8889,170,300,470,1.7647,140,220,360,1.5714,120,150,270,1.25,110,120,230,1.0909,114,53
760,230,520,200,470,670,2.35,170,350,520,2.0588,170,300,470,1.7647,150,220,370,1.4667,130,150,280,1.1538,110,130,240,1.1818,114,53
750,240,510,210,450,660,2.1429,180,340,520,1.8889,170,290,460,1.7059,150,220,370,1.4667,130,160,290,1.2308,120,120,240,1.0,114,53
750,240,510,210,450,660,2.1429,190,340,530,1.7895,180,300,480,1.6667,160,220,380,1.375,130,150,280,1.1538,120,120,240,1.0,114,52
750,240,520,220,430,650,1.9545,190,330,520,1.7368,180,280,460,1.5556,150,200,350,1.3333,130,150,280,1.1538,110,130,240,1.1818,114,52
750,230,520,210,440,650,2.0952,180,350,530,1.9444,170,310,480,1.8235,140,230,370,1.6429,130,160,290,1.2308,110,130,240,1.1818,114,52
760,230,520,200,450,650,2.25,170,350,520,2.0588,170,300,470,1.7647,140,220,360,1.5714,130,160,290,1.2308,110,130,240,1.1818,114,52
750,230,520,200,450,650,2.25,180,350,530,1.9444,170,310,480,1.8235,150,230,380,1.5333,120,160,280,1.3333,110,130,240,1.1818,112,52
760,230,530,200,450,650,2.25,180,360,540,2.0,160,320,480,2.0,140,240,380,1.7143,120,160,280,1.3333,100,140,240,1.4,112,52
760,230,530,210,450,660,2.1429,180,360,540,2.0,170,310,480,1.8235,140,230,370,1.6429,130,160,290,1.2308,110,130,240,1.1818,112,52
750,230,520,210,440,650,2.0952,180,340,520,1.8889,170,300,470,1.7647,150,230,380,1.5333,130,160,290,1.2308,110,130,240,1.1818,112,52
760,230,520,210,450,660,2.1429,170,340,510,2.0,170,300,470,1.7647,140,220,360,1.5714,130,160,290,1.2308,110,130,240,1.1818,112,52
750,240,520,210,450,660,2.1429,180,340,520,1.8889,170,300,470,1.7647,150,220,370,1.4667,130,150,280,1.1538,110,120,230,1.0909,112,52
770,230,530,200,480,680,2.4,170,380,550,2.2353,170,330,500,1.9412,140,250,390,1.7857,120,180,300,1.5,110,150,260,1.3636,112,52
760,240,520,210,440,650,2.0952,190,330,520,1.7368,170,290,460,1.7059,160,210,370,1.3125,130,150,280,1.1538,120,120,240,1.0,113,52
760,240,530,210,450,660,2.1429,190,340,530,1.7895,170,300,470,1.7647,160,220,380,1.375,130,160,290,1.2308,120,130,250,1.0833,113,52
770,230,540,220,450,670,2.0455,190,350,540,1.8421,170,310,480,1.8235,150,220,370,1.4667,130,160,290,1.2308,120,130,250,1.0833,113,52
750,230,520,210,440,650,2.0952,180,340,520,1.8889,180,300,480,1.6667,150,220,370,1.4667,130,160,290,1.2308,110,120,230,1.0909,113,52
760,230,530,200,460,660,2.3,170,340,510,2.0,170,300,470,1.7647,140,220,360,1.5714,130,160,290,1.2308,110,130,240,1.1818,113,52
770,230,530,210,450,660,2.1429,180,350,530,1.9444,170,300,470,1.7647,150,210,360,1.4,130,160,290,1.2308,110,120,230,1.0909,112,52
750,240,520,210,450,660,2.1429,180,350,530,1.9444,180,300,480,1.6667,150,220,370,1.4667,130,160,290,1.2308,110,120,230,1.0909,112,52
770,230,540,210,450,660,2.1429,170,360,530,2.1176,170,310,480,1.8235,140,230,370,1.6429,130,170,300,1.3077,110,130,240,1.1818,112,52
790,220,550,190,470,660,2.4737,170,360,530,2.1176,160,320,480,2.0,140,240,380,1.7143,110,170,280,1.5455,100,140,240,1.4,111,52
760,240,550,260,530,790,2.0385,220,450,670,2.0455,200,380,580,1.9,170,270,440,1.5882,140,180,320,1.2857,130,140,270,1.0769,111,51
770,210,540,200,440,640,2.2,180,350,530,1.9444,170,300,470,1.7647,140,220,360,1.5714,120,160,280,1.3333,100,130,230,1.3,111,51
770,230,540,200,450,650,2.25,190,350,540,1.8421,170,310,480,1.8235,150,220,370,1.4667,130,150,280,1.1538,110,130,240,1.1818,111,51
780,230,550,210,460,670,2.1905,180,370,550,2.0556,170,320,490,1.8824,150,230,380,1.5333,130,160,290,1.2308,120,130,250,1.0833,111,51
770,230,550,210,460,670,2.1905,180,360,540,2.0,170,310,480,1.8235,150,230,380,1.5333,130,160,290,1.2308,110,120,230,1.0909,110,50
790,220,540,200,460,660,2.3,180,350,530,1.9444,170,310,480,1.8235,150,230,380,1.5333,120,150,270,1.25,110,120,230,1.0909,110,50
760,250,530,220,500,720,2.2727,190,380,570,2.0,180,320,500,1.7778,160,230,390,1.4375,140,160,300,1.1429,120,120,240,1.0,109,50
770,240,530,210,450,660,2.1429,190,350,540,1.8421,180,300,480,1.6667,160,220,380,1.375,130,160,290,1.2308,120,130,250,1.0833,109,50
760,240,540,210,450,660,2.1429,180,350,530,1.9444,180,310,490,1.7222,150,230,380,1.5333,130,160,290,1.2308,110,130,240,1.1818,108,50
770,220,540,200,450,650,2.25,180,350,530,1.9444,160,300,460,1.875,140,230,370,1.6429,120,160,280,1.3333,100,130,230,1.3,108,50
770,230,530,200,450,650,2.25,180,350,530,1.9444,170,310,480,1.8235,150,220,370,1.4667,120,150,270,1.25,110,120,230,1.0909,107,49
780,240,530,210,460,670,2.1905,190,340,530,1.7895,170,300,470,1.7647,160,220,380,1.375,130,150,280,1.1538,120,120,240,1.0,107,49
760,250,530,220,460,680,2.0909,190,360,550,1.8947,180,310,490,1.7222,160,230,390,1.4375,130,160,290,1.2308,100,120,220,1.2,107,49
770,230,540,200,460,660,2.3,180,360,540,2.0,170,310,480,1.8235,140,230,370,1.6429,120,160,280,1.3333,110,130,240,1.1818,107,49
770,230,540,220,480,700,2.1818,190,370,560,1.9474,180,320,500,1.7778,150,240,390,1.6,130,170,300,1.3077,110,140,250,1.2727,107,49
760,230,530,200,450,650,2.25,180,350,530,1.9444,170,310,480,1.8235,150,220,370,1.4667,120,160,280,1.3333,110,130,240,1.1818,107,49
770,230,540,200,450,650,2.25,180,350,530,1.9444,170,300,470,1.7647,150,220,370,1.4667,120,170,290,1.4167,110,120,230,1.0909,106,49
760,230,530,210,490,700,2.3333,180,370,550,2.0556,170,330,500,1.9412,150,220,370,1.4667,130,160,290,1.2308,110,130,240,1.1818,106,49
770,230,540,200,460,660,2.3,170,360,530,2.1176,170,320,490,1.8824,140,230,370,1.6429,120,160,280,1.3333,100,130,230,1.3,106,49
750,230,530,210,460,670,2.1905,180,360,540,2.0,170,310,480,1.8235,140,230,370,1.6429,130,160,290,1.2308,110,130,240,1.1818,106,49
780,220,550,190,460,650,2.4211,170,360,530,2.1176,160,320,480,2.0,130,240,370,1.8462,110,170,280,1.5455,100,140,240,1.4,106,49
770,230,540,210,460,670,2.1905,190,350,540,1.8421,180,310,490,1.7222,150,230,380,1.5333,130,160,290,1.2308,110,130,240,1.1818,106,49
760,230,530,200,460,660,2.3,180,360,540,2.0,170,300,470,1.7647,150,230,380,1.5333,120,160,280,1.3333,110,130,240,1.1818,106,49
740,230,520,200,460,660,2.3,190,350,540,1.8421,170,300,470,1.7647,160,220,380,1.375,130,150,280,1.1538,120,120,240,1.0,106,49
750,220,520,190,450,640,2.3684,170,360,530,2.1176,160,310,470,1.9375,140,230,370,1.6429,110,160,270,1.4545,100,120,220,1.2,105,49
750,230,520,200,440,640,2.2,170,340,510,2.0,170,290,460,1.7059,140,210,350,1.5,120,160,280,1.3333,110,120,230,1.0909,105,49
760,230,530,200,450,650,2.25,180,350,530,1.9444,170,300,470,1.7647,150,230,380,1.5333,120,160,280,1.3333,110,130,240,1.1818,105,49
760,230,530,210,450,660,2.1429,180,350,530,1.9444,170,300,470,1.7647,150,220,370,1.4667,130,160,290,1.2308,120,130,250,1.0833,106,49
740,230,520,220,430,650,1.9545,190,330,520,1.7368,180,290,470,1.6111,160,200,360,1.25,130,140,270,1.0769,120,100,220,0.8333299999999999,106,49
750,220,520,200,440,640,2.2,180,340,520,1.8889,160,290,450,1.8125,140,210,350,1.5,120,160,280,1.3333,100,120,220,1.2,106,50
750,230,520,200,440,640,2.2,180,330,510,1.8333,170,290,460,1.7059,140,210,350,1.5,130,150,280,1.1538,110,120,230,1.0909,106,50
750,230,520,200,470,670,2.35,170,360,530,2.1176,160,310,470,1.9375,150,230,380,1.5333,120,160,280,1.3333,110,130,240,1.1818,108,50
750,230,520,200,430,630,2.15,190,340,530,1.7895,170,300,470,1.7647,150,220,370,1.4667,130,150,280,1.1538,110,120,230,1.0909,110,51
760,230,520,200,440,640,2.2,180,350,530,1.9444,170,300,470,1.7647,140,230,370,1.6429,120,160,280,1.3333,100,130,230,1.3,112,52
740,240,520,220,440,660,2.0,180,330,510,1.8333,180,290,470,1.6111,150,210,360,1.4,130,160,290,1.2308,120,120,240,1.0,112,52
760,220,540,200,460,660,2.3,170,350,520,2.0588,160,310,470,1.9375,140,230,370,1.6429,120,170,290,1.4167,100,140,240,1.4,114,53
740,220,520,200,460,660,2.3,180,350,530,1.9444,160,300,460,1.875,140,220,360,1.5714,120,150,270,1.25,110,120,230,1.0909,115,54
770,220,540,190,460,650,2.4211,170,360,530,2.1176,150,320,470,2.1333,140,240,380,1.7143,110,170,280,1.5455,100,140,240,1.4,117,54
760,230,520,210,430,640,2.0476,190,340,530,1.7895,170,300,470,1.7647,150,220,370,1.4667,130,150,280,1.1538,110,120,230,1.0909,117,54
750,240,520,210,450,660,2.1429,190,350,540,1.8421,180,310,490,1.7222,150,220,370,1.4667,130,150,280,1.1538,110,120,230,1.0909,118,55
770,230,530,200,440,640,2.2,180,350,530,1.9444,170,300,470,1.7647,140,230,370,1.6429,130,160,290,1.2308,110,130,240,1.1818,119,55
740,240,510,220,430,650,1.9545,200,340,540,1.7,180,300,480,1.6667,150,220,370,1.4667,130,150,280,1.1538,120,120,240,1.0,120,56
760,230,530,200,450,650,2.25,170,340,510,2.0,170,300,470,1.7647,140,230,370,1.6429,120,160,280,1.3333,100,130,230,1.3,120,56
740,230,520,210,440,650,2.0952,180,340,520,1.8889,170,300,470,1.7647,150,220,370,1.4667,130,160,290,1.2308,110,130,240,1.1818,120,56
770,220,540,190,470,660,2.4737,170,370,540,2.1765,160,330,490,2.0625,140,230,370,1.6429,120,170,290,1.4167,110,140,250,1.2727,120,56
760,230,520,200,460,660,2.3,180,350,530,1.9444,170,300,470,1.7647,150,220,370,1.4667,120,160,280,1.3333,120,130,250,1.0833,120,55
760,240,530,210,450,660,2.1429,190,340,530,1.7895,180,300,480,1.6667,160,220,380,1.375,130,160,290,1.2308,120,130,250,1.0833,120,55
770,230,530,220,440,660,2.0,190,340,530,1.7895,180,290,470,1.6111,160,200,360,1.25,130,140,270,1.0769,120,100,220,0.8333299999999999,120,55
740,240,520,210,430,640,2.0476,200,330,530,1.65,180,290,470,1.6111,160,210,370,1.3125,130,150,280,1.1538,130,120,250,0.92308,119,55
770,220,530,200,450,650,2.25,180,350,530,1.9444,170,310,480,1.8235,150,230,380,1.5333,120,160,280,1.3333,110,130,240,1.1818,118,55
760,240,520,210,460,670,2.1905,190,350,540,1.8421,180,300,480,1.6667,160,220,380,1.375,130,150,280,1.1538,120,120,240,1.0,118,54
750,240,520,210,450,660,2.1429,190,340,530,1.7895,180,300,480,1.6667,160,220,380,1.375,130,160,290,1.2308,120,130,250,1.0833,118,54
770,230,530,210,440,650,2.0952,190,350,540,1.8421,170,310,480,1.8235,150,230,380,1.5333,130,160,290,1.2308,110,130,240,1.1818,117,54
760,240,520,210,440,650,2.0952,200,340,540,1.7,180,300,480,1.6667,160,220,380,1.375,130,160,290,1.2308,120,120,240,1.0,117,54
760,240,520,220,440,660,2.0,200,340,540,1.7,180,300,480,1.6667,160,220,380,1.375,130,150,280,1.1538,120,130,250,1.0833,117,54
750,240,520,210,440,650,2.0952,190,340,530,1.7895,180,290,470,1.6111,160,210,370,1.3125,130,140,270,1.0769,120,120,240,1.0,117,54
760,230,530,200,450,650,2.25,180,350,530,1.9444,170,310,480,1.8235,150,230,380,1.5333,120,160,280,1.3333,110,130,240,1.1818,116,54
780,230,540,200,460,660,2.3,180,360,540,2.0,170,310,480,1.8235,150,230,380,1.5333,120,160,280,1.3333,110,130,240,1.1818,115,53
770,240,520,220,440,660,2.0,190,330,520,1.7368,180,290,470,1.6111,160,210,370,1.3125,130,150,280,1.1538,120,120,240,1.0,115,53
770,240,540,210,450,660,2.1429,180,360,540,2.0,180,320,500,1.7778,150,240,390,1.6,130,170,300,1.3077,110,140,250,1.2727,115,53
760,230,530,210,450,660,2.1429,190,350,540,1.8421,180,310,490,1.7222,150,230,380,1.5333,130,160,290,1.2308,110,130,240,1.1818,114,53
750,230,520,200,440,640,2.2,180,350,530,1.9444,170,300,470,1.7647,150,220,370,1.4667,120,150,270,1.25,110,120,230,1.0909,114,53
770,230,530,210,460,670,2.1905,180,360,540,2.0,170,320,490,1.8824,150,240,390,1.6,130,160,290,1.2308,110,120,230,1.0909,114,53
760,240,520,220,470,690,2.1364,190,360,550,1.8947,180,310,490,1.7222,150,230,380,1.5333,130,160,290,1.2308,120,120,240,1.0,113,52
750,240,520,220,450,670,2.0455,190,350,540,1.8421,180,310,490,1.7222,160,230,390,1.4375,130,160,290,1.2308,120,130,250,1.0833,113,52
760,230,520,220,440,660,2.0,180,350,530,1.9444,180,310,490,1.7222,150,230,380,1.5333,130,160,290,1.2308,110,130,240,1.1818,113,52
750,240,520,220,440,660,2.0,180,350,530,1.9444,180,300,480,1.6667,150,220,370,1.4667,130,160,290,1.2308,110,120,230,1.0909,113,52
750,230,520,210,450,660,2.1429,180,360,540,2.0,170,310,480,1.8235,150,240,390,1.6,130,170,300,1.3077,110,130,240,1.1818,112,52
750,230,520,200,440,640,2.2,180,340,520,1.8889,170,300,470,1.7647,150,220,370,1.4667,120,160,280,1.3333,110,130,240,1.1818,112,52
760,230,520,200,440,640,2.2,180,350,530,1.9444,170,310,480,1.8235,150,230,380,1.5333,130,160,290,1.2308,110,130,240,1.1818,112,52
750,240,520,210,460,670,2.1905,190,360,550,1.8947,180,320,500,1.7778,150,220,370,1.4667,130,150,280,1.1538,110,120,230,1.0909,112,52
760,230,530,200,440,640,2.2,180,350,530,1.9444,170,310,480,1.8235,150,230,380,1.5333,130,160,290,1.2308,110,130,240,1.1818,115,53
760,230,520,210,440,650,2.0952,180,350,530,1.9444,170,310,480,1.8235,150,230,380,1.5333,130,160,290,1.2308,110,130,240,1.1818,116,54
750,240,520,210,440,650,2.0952,180,340,520,1.8889,180,300,480,1.6667,150,220,370,1.4667,130,160,290,1.2308,110,120,230,1.0909,117,54
760,230,530,200,450,650,2.25,170,340,510,2.0,170,300,470,1.7647,140,220,360,1.5714,130,160,290,1.2308,110,130,240,1.1818,118,55
750,230,520,210,440,650,2.0952,180,340,520,1.8889,170,300,470,1.7647,150,210,360,1.4,130,150,280,1.1538,120,120,240,1.0,118,55
770,230,530,200,470,670,2.35,170,370,540,2.1765,160,320,480,2.0,150,240,390,1.6,120,170,290,1.4167,110,140,250,1.2727,119,55
760,240,520,210,440,650,2.0952,190,340,530,1.7895,170,290,460,1.7059,160,210,370,1.3125,130,160,290,1.2308,120,120,240,1.0,119,55
760,240,520,210,440,650,2.0952,190,350,540,1.8421,180,310,490,1.7222,160,230,390,1.4375,130,160,290,1.2308,120,130,250,1.0833,119,55
760,240,520,210,440,650,2.0952,190,340,530,1.7895,170,290,460,1.7059,160,220,380,1.375,130,160,290,1.2308,120,130,250,1.0833,119,55
740,240,520,210,430,640,2.0476,190,340,530,1.7895,180,300,480,1.6667,160,220,380,1.375,130,160,290,1.2308,120,130,250,1.0833,119,55
780,220,540,210,460,670,2.1905,180,360,540,2.0,170,310,480,1.8235,150,230,380,1.5333,120,170,290,1.4167,110,150,260,1.3636,119,55
760,240,520,210,450,660,2.1429,190,350,540,1.8421,170,300,470,1.7647,160,220,380,1.375,130,160,290,1.2308,120,120,240,1.0,117,54
760,240,520,210,440,650,2.0952,190,340,530,1.7895,180,300,480,1.6667,160,210,370,1.3125,130,150,280,1.1538,120,120,240,1.0,117,54
760,240,520,210,460,670,2.1905,190,360,550,1.8947,170,310,480,1.8235,150,230,380,1.5333,130,160,290,1.2308,120,130,250,1.0833,117,54
760,240,520,210,440,650,2.0952,190,340,530,1.7895,180,300,480,1.6667,160,220,380,1.375,130,160,290,1.2308,120,130,250,1.0833,117,54
760,240,530,220,440,660,2.0,190,360,550,1.8947,180,320,500,1.7778,160,240,400,1.5,130,170,300,1.3077,120,130,250,1.0833,116,54
750,230,520,210,450,660,2.1429,180,350,530,1.9444,170,300,470,1.7647,150,230,380,1.5333,130,160,290,1.2308,120,130,250,1.0833,116,54
770,230,540,200,450,650,2.25,170,350,520,2.0588,160,310,470,1.9375,140,230,370,1.6429,120,160,280,1.3333,110,130,240,1.1818,116,54
770,230,530,210,480,690,2.2857,180,370,550,2.0556,170,330,500,1.9412,150,250,400,1.6667,130,170,300,1.3077,110,130,240,1.1818,116,54
760,240,520,220,440,660,2.0,190,340,530,1.7895,180,290,470,1.6111,160,220,380,1.375,140,160,300,1.1429,120,120,240,1.0,115,53
760,240,520,220,440,660,2.0,190,350,540,1.8421,180,310,490,1.7222,160,230,390,1.4375,140,160,300,1.1429,120,120,240,1.0,115,53
770,240,530,210,450,660,2.1429,180,360,540,2.0,180,320,500,1.7778,150,240,390,1.6,130,170,300,1.3077,120,140,260,1.1667,115,53
770,240,530,220,450,670,2.0455,190,350,540,1.8421,180,300,480,1.6667,150,230,380,1.5333,130,160,290,1.2308,120,130,250,1.0833,113,53
750,240,530,210,440,650,2.0952,190,350,540,1.8421,180,310,490,1.7222,150,230,380,1.5333,130,160,290,1.2308,120,130,250,1.0833,113,53
790,220,550,190,460,650,2.4211,170,360,530,2.1176,160,320,480,2.0,140,230,370,1.6429,110,160,270,1.4545,100,130,230,1.3,113,53
770,240,530,210,470,680,2.2381,180,360,540,2.0,170,310,480,1.8235,150,230,380,1.5333,130,160,290,1.2308,120,130,250,1.0833,112,52
780,240,540,210,450,660,2.1429,180,350,530,1.9444,180,300,480,1.6667,150,230,380,1.5333,130,160,290,1.2308,110,130,240,1.1818,112,52
780,240,540,210,460,670,2.1905,190,350,540,1.8421,180,310,490,1.7222,160,230,390,1.4375,130,160,290,1.2308,120,130,250,1.0833,112,52
780,240,550,210,460,670,2.1905,180,350,530,1.9444,180,310,490,1.7222,150,230,380,1.5333,130,170,300,1.3077,110,140,250,1.2727,112,52
780,230,540,200,460,660,2.3,180,360,540,2.0,170,310,480,1.8235,150,230,380,1.5333,120,170,290,1.4167,110,140,250,1.2727,112,52
770,240,540,210,450,660,2.1429,180,350,530,1.9444,180,300,480,1.6667,150,220,370,1.4667,130,160,290,1.2308,120,120,240,1.0,111,52
790,230,540,200,480,680,2.4,180,370,550,2.0556,170,320,490,1.8824,150,230,380,1.5333,120,170,290,1.4167,110,130,240,1.1818,110,52
770,250,530,220,450,670,2.0455,190,350,540,1.8421,180,310,490,1.7222,160,220,380,1.375,140,160,300,1.1429,120,120,240,1.0,110,51
780,240,540,210,460,670,2.1905,190,350,540,1.8421,180,310,490,1.7222,150,230,380,1.5333,130,160,290,1.2308,110,130,240,1.1818,110,51
790,230,550,210,460,670,2.1905,190,350,540,1.8421,170,310,480,1.8235,150,230,380,1.5333,130,170,300,1.3077,110,140,250,1.2727,109,51
770,240,530,220,450,670,2.0455,190,340,530,1.7895,180,300,480,1.6667,160,210,370,1.3125,140,150,290,1.0714,120,120,240,1.0,108,50
790,240,550,200,470,670,2.35,180,350,530,1.9444,170,310,480,1.8235,150,230,380,1.5333,120,160,280,1.3333,110,130,240,1.1818,108,50
780,240,540,220,470,690,2.1364,190,360,550,1.8947,180,310,490,1.7222,160,230,390,1.4375,130,160,290,1.2308,120,120,240,1.0,107,50
780,240,550,200,480,680,2.4,190,370,560,1.9474,170,320,490,1.8824,150,230,380,1.5333,130,170,300,1.3077,110,140,250,1.2727,107,50
790,230,550,200,470,670,2.35,180,360,540,2.0,170,320,490,1.8824,140,230,370,1.6429,130,160,290,1.2308,110,130,240,1.1818,107,49
790,240,550,220,450,670,2.0455,190,350,540,1.8421,180,300,480,1.6667,160,240,400,1.5,130,170,300,1.3077,120,130,250,1.0833,106,49
780,240,550,210,460,670,2.1905,190,360,550,1.8947,170,310,480,1.8235,160,230,390,1.4375,130,160,290,1.2308,120,130,250,1.0833,106,49
790,230,550,210,470,680,2.2381,180,360,540,2.0,170,310,480,1.8235,150,220,370,1.4667,130,160,290,1.2308,110,120,230,1.0909,105,49
790,240,550,210,490,700,2.3333,180,370,550,2.0556,170,330,500,1.9412,150,240,390,1.6,130,170,300,1.3077,110,130,240,1.1818,105,49
790,240,540,210,470,680,2.2381,190,360,550,1.8947,180,310,490,1.7222,160,220,380,1.375,130,160,290,1.2308,110,130,240,1.1818,105,49
790,250,550,220,460,680,2.0909,190,360,550,1.8947,190,310,500,1.6316,160,230,390,1.4375,140,160,300,1.1429,120,130,250,1.0833,104,48
790,240,550,210,480,690,2.2857,180,360,540,2.0,180,320,500,1.7778,150,240,390,1.6,130,160,290,1.2308,110,130,240,1.1818,104,48
800,240,560,210,470,680,2.2381,190,370,560,1.9474,170,320,490,1.8824,150,240,390,1.6,130,170,300,1.3077,110,130,240,1.1818,104,48
790,240,560,210,470,680,2.2381,190,360,550,1.8947,170,310,480,1.8235,160,220,380,1.375,130,150,280,1.1538,120,120,240,1.0,104,48
810,230,570,200,480,680,2.4,180,370,550,2.0556,170,330,500,1.9412,150,230,380,1.5333,120,160,280,1.3333,110,130,240,1.1818,103,48
800,240,550,210,490,700,2.3333,180,370,550,2.0556,170,320,490,1.8824,150,230,380,1.5333,130,170,300,1.3077,110,130,240,1.1818,103,48
800,250,560,210,480,690,2.2857,190,370,560,1.9474,180,320,500,1.7778,160,230,390,1.4375,130,170,300,1.3077,120,130,250,1.0833,102,48
800,240,560,210,470,680,2.2381,190,360,550,1.8947,180,310,490,1.7222,160,230,390,1.4375,130,170,300,1.3077,120,130,250,1.0833,102,48
800,240,560,230,460,690,2.0,200,350,550,1.75,180,300,480,1.6667,160,220,380,1.375,130,170,300,1.3077,120,130,250,1.0833,102,48
800,240,560,210,470,680,2.2381,190,360,550,1.8947,170,320,490,1.8824,160,230,390,1.4375,130,160,290,1.2308,120,130,250,1.0833,101,47
800,240,560,210,480,690,2.2857,190,360,550,1.8947,170,320,490,1.8824,160,230,390,1.4375,130,160,290,1.2308,120,130,250,1.0833,101,47
810,240,560,210,500,710,2.381,180,380,560,2.1111,170,330,500,1.9412,150,240,390,1.6,130,170,300,1.3077,110,130,240,1.1818,101,47
800,250,550,220,480,700,2.1818,190,360,550,1.8947,180,320,500,1.7778,150,230,380,1.5333,130,160,290,1.2308,120,120,240,1.0,101,47
810,250,560,220,470,690,2.1364,190,350,540,1.8421,180,310,490,1.7222,150,240,390,1.6,130,170,300,1.3077,110,130,240,1.1818,101,47
810,250,570,220,470,690,2.1364,190,360,550,1.8947,190,310,500,1.6316,150,230,380,1.5333,130,170,300,1.3077,120,130,250,1.0833,101,47
810,240,570,210,470,680,2.2381,190,370,560,1.9474,180,310,490,1.7222,160,230,390,1.4375,130,170,300,1.3077,120,130,250,1.0833,101,47
810,240,570,210,480,690,2.2857,190,370,560,1.9474,170,320,490,1.8824,160,230,390,1.4375,130,160,290,1.2308,120,130,250,1.0833,100,47
800,240,560,220,480,700,2.1818,180,360,540,2.0,180,320,500,1.7778,150,230,380,1.5333,130,160,290,1.2308,120,130,250,1.0833,100,47
810,240,570,210,490,700,2.3333,180,380,560,2.1111,170,320,490,1.8824,140,240,380,1.7143,130,170,300,1.3077,80,140,220,1.75,99,47
820,240,580,210,480,690,2.2857,190,370,560,1.9474,170,330,500,1.9412,150,240,390,1.6,130,170,300,1.3077,110,140,250,1.2727,99,46
810,240,570,220,480,700,2.1818,190,370,560,1.9474,180,330,510,1.8333,160,240,400,1.5,130,170,300,1.3077,120,140,260,1.1667,99,46
810,240,570,210,480,690,2.2857,190,370,560,1.9474,180,320,500,1.7778,150,240,390,1.6,130,170,300,1.3077,110,140,250,1.2727,99,46
810,240,570,210,470,680,2.2381,190,360,550,1.8947,170,310,480,1.8235,150,230,380,1.5333,120,160,280,1.3333,110,130,240,1.1818,99,46
810,240,570,210,500,710,2.381,190,380,570,2.0,170,330,500,1.9412,150,240,390,1.6,130,170,300,1.3077,120,130,250,1.0833,98,46
810,240,560,210,470,680,2.2381,190,360,550,1.8947,170,300,470,1.7647,160,220,380,1.375,130,160,290,1.2308,120,130,250,1.0833,98,46
800,250,560,220,480,700,2.1818,190,370,560,1.9474,180,320,500,1.7778,160,240,400,1.5,140,160,300,1.1429,120,130,250,1.0833,98,46
830,240,590,220,490,710,2.2273,180,380,560,2.1111,170,330,500,1.9412,150,230,380,1.5333,130,160,290,1.2308,110,120,230,1.0909,98,46
810,240,570,210,480,690,2.2857,190,370,560,1.9474,170,330,500,1.9412,150,240,390,1.6,130,170,300,1.3077,110,140,250,1.2727,98,46
820,240,570,210,500,710,2.381,180,360,540,2.0,170,320,490,1.8824,140,240,380,1.7143,120,160,280,1.3333,100,130,230,1.3,97,45
820,250,570,210,490,700,2.3333,190,370,560,1.9474,180,320,500,1.7778,160,230,390,1.4375,130,160,290,1.2308,120,130,250,1.0833,96,45
810,250,570,220,490,710,2.2273,190,370,560,1.9474,180,320,500,1.7778,150,240,390,1.6,140,160,300,1.1429,120,130,250,1.0833,96,45
820,240,580,210,490,700,2.3333,190,380,570,2.0,170,330,500,1.9412,150,250,400,1.6667,130,180,310,1.3846,110,150,260,1.3636,96,45
820,240,580,210,490,700,2.3333,190,370,560,1.9474,170,330,500,1.9412,150,240,390,1.6,130,170,300,1.3077,110,130,240,1.1818,96,45
820,240,580,230,480,710,2.087,190,390,580,2.0526,180,340,520,1.8889,150,240,390,1.6,130,180,310,1.3846,110,140,250,1.2727,96,45
810,240,580,210,490,700,2.3333,190,370,560,1.9474,170,320,490,1.8824,150,230,380,1.5333,130,170,300,1.3077,110,130,240,1.1818,95,45
850,230,580,200,490,690,2.45,180,370,550,2.0556,160,320,480,2.0,140,240,380,1.7143,120,160,280,1.3333,100,130,230,1.3,95,45
750,270,530,240,470,710,1.9583,220,350,570,1.5909,200,310,510,1.55,180,210,390,1.1667,160,140,300,0.875,150,110,260,0.73333,95,45
830,220,590,190,490,680,2.5789,170,370,540,2.1765,150,330,480,2.2,140,240,380,1.7143,120,170,290,1.4167,100,140,240,1.4,95,45
830,240,350,210,360,570,1.7143,180,360,540,2.0,170,330,500,1.9412,150,240,390,1.6,130,170,300,1.3077,110,130,240,1.1818,94,44
820,240,580,210,490,700,2.3333,180,370,550,2.0556,170,320,490,1.8824,150,230,380,1.5333,130,170,300,1.3077,110,130,240,1.1818,94,44
820,240,570,210,530,740,2.5238,190,390,580,2.0526,170,350,520,2.0588,150,240,390,1.6,130,170,300,1.3077,110,140,250,1.2727,94,44
800,250,560,210,490,700,2.3333,190,370,560,1.9474,180,320,500,1.7778,160,230,390,1.4375,130,160,290,1.2308,120,130,250,1.0833,94,44
800,240,560,210,470,680,2.2381,190,370,560,1.9474,180,330,510,1.8333,160,240,400,1.5,130,170,300,1.3077,120,130,250,1.0833,93,44
810,240,570,210,490,700,2.3333,180,370,550,2.0556,170,330,500,1.9412,150,250,400,1.6667,130,170,300,1.3077,110,140,250,1.2727,93,44
810,240,560,220,480,700,2.1818,190,360,550,1.8947,180,320,500,1.7778,160,240,400,1.5,140,160,300,1.1429,120,130,250,1.0833,93,44
790,250,550,230,470,700,2.0435,200,350,550,1.75,190,310,500,1.6316,160,210,370,1.3125,140,150,290,1.0714,120,110,230,0.91667,93,44
800,240,560,210,470,680,2.2381,180,360,540,2.0,180,320,500,1.7778,150,230,380,1.5333,120,160,280,1.3333,110,130,240,1.1818,93,44
820,240,570,200,480,680,2.4,180,370,550,2.0556,170,320,490,1.8824,140,230,370,1.6429,120,160,280,1.3333,110,130,240,1.1818,92,44
800,250,560,210,460,670,2.1905,190,350,540,1.8421,180,300,480,1.6667,160,220,380,1.375,130,150,280,1.1538,120,120,240,1.0,92,44
810,240,570,210,470,680,2.2381,190,360,550,1.8947,180,310,490,1.7222,160,220,380,1.375,130,160,290,1.2308,120,130,250,1.0833,93,44
810,240,570,220,470,690,2.1364,190,360,550,1.8947,180,300,480,1.6667,160,210,370,1.3125,130,160,290,1.2308,120,130,250,1.0833,95,45
800,240,570,220,470,690,2.1364,180,360,540,2.0,180,310,490,1.7222,150,220,370,1.4667,130,160,290,1.2308,120,120,240,1.0,97,46
800,230,570,210,480,690,2.2857,180,360,540,2.0,170,320,490,1.8824,140,230,370,1.6429,130,160,290,1.2308,110,120,230,1.0909,97,46
800,230,560,210,520,730,2.4762,180,390,570,2.1667,170,340,510,2.0,140,240,380,1.7143,130,170,300,1.3077,110,140,250,1.2727,99,47
820,240,570,200,480,680,2.4,180,370,550,2.0556,170,320,490,1.8824,140,240,380,1.7143,120,170,290,1.4167,100,140,240,1.4,100,47
790,250,560,210,470,680,2.2381,190,350,540,1.8421,180,310,490,1.7222,160,230,390,1.4375,130,160,290,1.2308,120,130,250,1.0833,102,48
820,230,580,200,480,680,2.4,180,380,560,2.1111,160,330,490,2.0625,150,250,400,1.6667,120,180,300,1.5,110,150,260,1.3636,103,48
800,240,560,210,480,690,2.2857,190,370,560,1.9474,170,330,500,1.9412,160,240,400,1.5,130,170,300,1.3077,120,130,250,1.0833,103,48
800,240,560,210,470,680,2.2381,190,360,550,1.8947,180,320,500,1.7778,160,230,390,1.4375,130,160,290,1.2308,120,130,250,1.0833,103,48
800,240,560,210,490,700,2.3333,180,370,550,2.0556,170,330,500,1.9412,150,240,390,1.6,130,170,300,1.3077,110,130,240,1.1818,102,48
800,240,550,220,460,680,2.0909,190,370,560,1.9474,180,320,500,1.7778,160,230,390,1.4375,130,160,290,1.2308,120,130,250,1.0833,102,48
790,250,540,220,460,680,2.0909,200,360,560,1.8,190,320,510,1.6842,170,230,400,1.3529,140,160,300,1.1429,130,130,260,1.0,102,48
770,250,560,220,460,680,2.0909,190,360,550,1.8947,180,320,500,1.7778,160,230,390,1.4375,130,170,300,1.3077,120,140,260,1.1667,102,48
790,240,550,210,470,680,2.2381,190,360,550,1.8947,180,320,500,1.7778,150,230,380,1.5333,130,170,300,1.3077,110,140,250,1.2727,102,48
790,240,560,210,500,710,2.381,180,370,550,2.0556,170,320,490,1.8824,150,240,390,1.6,130,170,300,1.3077,110,140,250,1.2727,102,48
800,230,560,210,470,680,2.2381,180,370,550,2.0556,170,320,490,1.8824,150,240,390,1.6,130,170,300,1.3077,110,130,240,1.1818,102,48
800,240,550,210,470,680,2.2381,190,370,560,1.9474,170,320,490,1.8824,160,240,400,1.5,130,170,300,1.3077,120,130,250,1.0833,102,48
790,250,550,220,460,680,2.0909,190,360,550,1.8947,180,310,490,1.7222,160,230,390,1.4375,130,170,300,1.3077,120,130,250,1.0833,102,48
800,240,560,220,470,690,2.1364,190,370,560,1.9474,180,310,490,1.7222,160,230,390,1.4375,130,170,300,1.3077,120,140,260,1.1667,102,48
780,240,550,210,460,670,2.1905,190,360,550,1.8947,180,310,490,1.7222,160,230,390,1.4375,130,160,290,1.2308,120,130,250,1.0833,103,48
800,230,560,210,490,700,2.3333,180,380,560,2.1111,170,320,490,1.8824,140,240,380,1.7143,130,170,300,1.3077,110,140,250,1.2727,103,48
790,240,550,220,470,690,2.1364,190,360,550,1.8947,180,310,490,1.7222,150,230,380,1.5333,140,160,300,1.1429,120,120,240,1.0,103,48
800,240,550,210,470,680,2.2381,190,370,560,1.9474,170,320,490,1.8824,150,230,380,1.5333,130,170,300,1.3077,120,130,250,1.0833,103,48
800,250,550,220,460,680,2.0909,200,360,560,1.8,180,310,490,1.7222,160,220,380,1.375,130,160,290,1.2308,130,130,260,1.0,103,48
800,250,550,220,460,680,2.0909,200,350,550,1.75,180,310,490,1.7222,160,220,380,1.375,140,160,300,1.1429,130,130,260,1.0,103,48
790,250,550,230,460,690,2.0,200,350,550,1.75,190,300,490,1.5789,170,220,390,1.2941,140,160,300,1.1429,130,130,260,1.0,103,48
810,240,570,210,470,680,2.2381,190,360,550,1.8947,170,310,480,1.8235,150,230,380,1.5333,130,160,290,1.2308,120,130,250,1.0833,102,48
800,240,560,210,490,700,2.3333,190,380,570,2.0,180,310,490,1.7222,160,220,380,1.375,130,160,290,1.2308,120,130,250,1.0833,102,48
800,240,550,210,470,680,2.2381,190,360,550,1.8947,180,310,490,1.7222,160,230,390,1.4375,130,160,290,1.2308,120,130,250,1.0833,101,48
770,250,560,220,480,700,2.1818,200,370,570,1.85,180,320,500,1.7778,160,230,390,1.4375,130,170,300,1.3077,120,130,250,1.0833,101,48
840,210,600,190,500,690,2.6316,160,400,560,2.5,150,350,500,2.3333,130,260,390,2.0,100,200,300,2.0,90,160,250,1.7778,101,48
800,240,560,220,470,690,2.1364,190,360,550,1.8947,180,320,500,1.7778,160,230,390,1.4375,140,160,300,1.1429,120,130,250,1.0833,101,48
800,240,560,220,470,690,2.1364,180,350,530,1.9444,180,300,480,1.6667,150,220,370,1.4667,140,160,300,1.1429,120,120,240,1.0,100,47
800,240,560,220,480,700,2.1818,180,370,550,2.0556,180,320,500,1.7778,150,240,390,1.6,130,160,290,1.2308,120,130,250,1.0833,100,47
800,240,560,210,480,690,2.2857,180,370,550,2.0556,180,320,500,1.7778,150,240,390,1.6,130,170,300,1.3077,110,140,250,1.2727,99,47
820,240,570,210,490,700,2.3333,180,370,550,2.0556,170,330,500,1.9412,150,240,390,1.6,130,170,300,1.3077,110,130,240,1.1818,98,46
820,250,560,270,480,750,1.7778,200,380,580,1.9,190,340,530,1.7895,160,260,420,1.625,140,190,330,1.3571,120,170,290,1.4167,97,46
810,260,560,230,470,700,2.0435,200,360,560,1.8,180,310,490,1.7222,160,220,380,1.375,140,160,300,1.1429,130,130,260,1.0,97,46
800,250,560,220,480,700,2.1818,200,360,560,1.8,180,320,500,1.7778,160,230,390,1.4375,140,160,300,1.1429,130,130,260,1.0,96,47
810,240,570,220,480,700,2.1818,190,360,550,1.8947,180,320,500,1.7778,150,240,390,1.6,130,170,300,1.3077,110,140,250,1.2727,97,46
810,240,580,210,480,690,2.2857,180,370,550,2.0556,170,330,500,1.9412,150,240,390,1.6,120,170,290,1.4167,110,140,250,1.2727,96,46
820,230,580,200,510,710,2.55,180,380,560,2.1111,170,340,510,2.0,150,240,390,1.6,120,170,290,1.4167,110,140,250,1.2727,95,45
820,240,570,210,500,710,2.381,180,370,550,2.0556,180,320,500,1.7778,150,240,390,1.6,130,170,300,1.3077,110,130,240,1.1818,95,45
820,250,570,220,490,710,2.2273,190,370,560,1.9474,180,320,500,1.7778,160,230,390,1.4375,130,170,300,1.3077,120,130,250,1.0833,95,45
810,250,570,220,480,700,2.1818,190,360,550,1.8947,180,320,500,1.7778,160,230,390,1.4375,140,160,300,1.1429,120,130,250,1.0833,95,45
810,240,580,220,490,710,2.2273,190,370,560,1.9474,180,320,500,1.7778,150,230,380,1.5333,140,170,310,1.2143,120,140,260,1.1667,95,45
820,230,580,200,490,690,2.45,180,370,550,2.0556,160,330,490,2.0625,150,230,380,1.5333,120,180,300,1.5,110,140,250,1.2727,94,45
830,240,570,210,490,700,2.3333,180,370,550,2.0556,170,320,490,1.8824,150,240,390,1.6,120,160,280,1.3333,110,130,240,1.1818,94,45
810,260,570,220,490,710,2.2273,200,370,570,1.85,180,320,500,1.7778,160,230,390,1.4375,130,170,300,1.3077,120,130,250,1.0833,93,45
820,240,570,220,480,700,2.1818,180,360,540,2.0,180,320,500,1.7778,150,230,380,1.5333,130,160,290,1.2308,110,130,240,1.1818,93,45
820,250,580,220,490,710,2.2273,190,370,560,1.9474,180,330,510,1.8333,160,240,400,1.5,130,170,300,1.3077,120,140,260,1.1667,93,45
830,240,580,220,480,700,2.1818,190,360,550,1.8947,180,320,500,1.7778,160,220,380,1.375,140,170,310,1.2143,110,140,250,1.2727,93,45
810,250,570,210,490,700,2.3333,190,360,550,1.8947,180,310,490,1.7222,160,230,390,1.4375,130,170,300,1.3077,120,130,250,1.0833,93,45
820,240,570,210,490,700,2.3333,180,370,550,2.0556,170,320,490,1.8824,140,240,380,1.7143,120,160,280,1.3333,110,130,240,1.1818,93,45
820,250,580,210,500,710,2.381,190,380,570,2.0,170,340,510,2.0,150,240,390,1.6,120,170,290,1.4167,110,140,250,1.2727,92,44
830,240,570,210,490,700,2.3333,180,380,560,2.1111,180,330,510,1.8333,150,240,390,1.6,130,170,300,1.3077,110,140,250,1.2727,92,44
810,260,560,220,460,680,2.0909,200,350,550,1.75,190,300,490,1.5789,170,210,380,1.2353,140,160,300,1.1429,130,130,260,1.0,92,44
830,250,590,220,490,710,2.2273,190,380,570,2.0,180,330,510,1.8333,150,240,390,1.6,130,180,310,1.3846,110,140,250,1.2727,92,44
820,240,580,220,480,700,2.1818,200,370,570,1.85,180,320,500,1.7778,160,240,400,1.5,130,170,300,1.3077,120,130,250,1.0833,92,44
810,240,580,210,480,690,2.2857,190,370,560,1.9474,170,310,480,1.8235,150,230,380,1.5333,130,160,290,1.2308,110,130,240,1.1818,91,44
820,230,580,200,500,700,2.5,180,380,560,2.1111,160,340,500,2.125,150,250,400,1.6667,120,180,300,1.5,110,140,250,1.2727,91,44
830,240,570,210,510,720,2.4286,180,400,580,2.2222,170,340,510,2.0,150,260,410,1.7333,120,190,310,1.5833,100,140,240,1.4,91,44
810,260,570,220,480,700,2.1818,200,370,570,1.85,190,320,510,1.6842,160,230,390,1.4375,130,170,300,1.3077,120,130,250,1.0833,91,44
830,240,590,220,490,710,2.2273,190,380,570,2.0,180,330,510,1.8333,150,240,390,1.6,130,180,310,1.3846,110,140,250,1.2727,91,44
820,240,580,210,490,700,2.3333,190,370,560,1.9474,170,330,500,1.9412,160,240,400,1.5,130,170,300,1.3077,120,130,250,1.0833,91,44
830,240,580,210,480,690,2.2857,190,370,560,1.9474,170,320,490,1.8824,150,230,380,1.5333,120,170,290,1.4167,110,140,250,1.2727,91,44
830,250,580,210,520,730,2.4762,180,400,580,2.2222,180,350,530,1.9444,150,250,400,1.6667,130,190,320,1.4615,110,130,240,1.1818,91,44
810,250,570,220,480,700,2.1818,190,370,560,1.9474,180,310,490,1.7222,160,230,390,1.4375,130,160,290,1.2308,120,130,250,1.0833,91,44
850,240,600,200,520,720,2.6,180,400,580,2.2222,170,350,520,2.0588,140,260,400,1.8571,120,190,310,1.5833,100,160,260,1.6,91,44
830,250,590,220,490,710,2.2273,190,380,570,2.0,190,320,510,1.6842,150,230,380,1.5333,130,170,300,1.3077,120,140,260,1.1667,91,44
830,240,590,220,490,710,2.2273,180,380,560,2.1111,180,330,510,1.8333,150,240,390,1.6,130,170,300,1.3077,110,140,250,1.2727,91,44
830,240,580,210,490,700,2.3333,180,370,550,2.0556,170,320,490,1.8824,150,230,380,1.5333,130,160,290,1.2308,110,130,240,1.1818,91,44
830,250,580,210,500,710,2.381,190,380,570,2.0,180,330,510,1.8333,150,240,390,1.6,120,170,290,1.4167,120,140,260,1.1667,91,44
830,250,590,210,510,720,2.4286,190,380,570,2.0,170,330,500,1.9412,150,240,390,1.6,130,170,300,1.3077,110,140,250,1.2727,91,44
850,240,590,210,520,730,2.4762,180,390,570,2.1667,180,340,520,1.8889,150,250,400,1.6667,130,180,310,1.3846,110,150,260,1.3636,91,43
830,260,580,230,500,730,2.1739,200,380,580,1.9,190,330,520,1.7368,160,240,400,1.5,140,170,310,1.2143,120,140,260,1.1667,91,43
830,250,590,230,480,710,2.087,200,360,560,1.8,180,310,490,1.7222,160,210,370,1.3125,140,150,290,1.0714,120,110,230,0.91667,91,43
830,240,580,210,490,700,2.3333,190,370,560,1.9474,180,330,510,1.8333,160,230,390,1.4375,130,170,300,1.3077,120,130,250,1.0833,90,43
830,250,580,210,510,720,2.4286,190,380,570,2.0,180,330,510,1.8333,160,240,400,1.5,130,180,310,1.3846,120,140,260,1.1667,90,43
830,250,580,220,490,710,2.2273,190,380,570,2.0,180,330,510,1.8333,150,240,390,1.6,130,170,300,1.3077,110,140,250,1.2727,89,43
830,250,580,220,490,710,2.2273,190,380,570,2.0,180,330,510,1.8333,160,240,400,1.5,140,170,310,1.2143,120,140,260,1.1667,89,43
830,250,590,230,490,720,2.1304,200,380,580,1.9,190,330,520,1.7368,170,250,420,1.4706,130,170,300,1.3077,130,140,270,1.0769,90,43
820,240,580,210,510,720,2.4286,180,370,550,2.0556,170,320,490,1.8824,150,240,390,1.6,130,160,290,1.2308,110,130,240,1.1818,90,43
830,240,580,210,500,710,2.381,190,380,570,2.0,170,330,500,1.9412,160,240,400,1.5,130,170,300,1.3077,110,140,250,1.2727,90,43
830,250,580,220,510,730,2.3182,190,380,570,2.0,180,330,510,1.8333,150,230,380,1.5333,130,170,300,1.3077,110,130,240,1.1818,90,43
820,250,570,220,480,700,2.1818,190,370,560,1.9474,180,320,500,1.7778,150,240,390,1.6,130,170,300,1.3077,110,130,240,1.1818,90,43
840,250,590,220,500,720,2.2727,190,380,570,2.0,180,340,520,1.8889,160,250,410,1.5625,130,180,310,1.3846,120,140,260,1.1667,90,43
820,250,580,220,480,700,2.1818,200,360,560,1.8,180,330,510,1.8333,160,240,400,1.5,130,170,300,1.3077,120,140,260,1.1667,91,43
830,240,590,210,490,700,2.3333,180,370,550,2.0556,180,320,500,1.7778,150,240,390,1.6,130,170,300,1.3077,110,130,240,1.1818,91,44
830,240,580,210,490,700,2.3333,180,370,550,2.0556,170,330,500,1.9412,150,240,390,1.6,130,170,300,1.3077,110,130,240,1.1818,91,44
820,250,570,210,510,720,2.4286,190,380,570,2.0,180,340,520,1.8889,150,240,390,1.6,120,170,290,1.4167,120,140,260,1.1667,90,44
840,250,590,220,480,700,2.1818,180,370,550,2.0556,180,320,500,1.7778,150,240,390,1.6,130,170,300,1.3077,110,140,250,1.2727,91,44
830,250,580,220,480,700,2.1818,190,360,550,1.8947,180,310,490,1.7222,160,240,400,1.5,140,170,310,1.2143,120,140,260,1.1667,91,44
820,250,570,220,480,700,2.1818,190,370,560,1.9474,180,320,500,1.7778,160,240,400,1.5,130,170,300,1.3077,120,130,250,1.0833,91,44
830,250,580,220,480,700,2.1818,190,370,560,1.9474,180,320,500,1.7778,150,230,380,1.5333,130,170,300,1.3077,110,130,240,1.1818,91,44
810,250,570,220,510,730,2.3182,190,390,580,2.0526,180,330,510,1.8333,160,240,400,1.5,140,160,300,1.1429,120,130,250,1.0833,91,44
830,240,580,210,490,700,2.3333,190,370,560,1.9474,170,320,490,1.8824,150,230,380,1.5333,130,160,290,1.2308,110,130,240,1.1818,90,43
830,250,570,220,490,710,2.2273,190,370,560,1.9474,180,320,500,1.7778,160,240,400,1.5,140,170,310,1.2143,120,140,260,1.1667,90,43
830,260,580,220,490,710,2.2273,200,370,570,1.85,180,320,500,1.7778,160,230,390,1.4375,130,170,300,1.3077,120,130,250,1.0833,90,43
820,250,580,230,480,710,2.087,200,370,570,1.85,190,320,510,1.6842,160,230,390,1.4375,140,160,300,1.1429,120,130,250,1.0833,91,43
840,240,580,220,490,710,2.2273,180,370,550,2.0556,180,320,500,1.7778,150,240,390,1.6,130,170,300,1.3077,110,130,240,1.1818,90,43
830,260,580,220,500,720,2.2727,190,380,570,2.0,180,320,500,1.7778,160,240,400,1.5,140,160,300,1.1429,120,130,250,1.0833,90,43
820,250,580,220,490,710,2.2273,190,380,570,2.0,180,330,510,1.8333,160,250,410,1.5625,130,170,300,1.3077,120,130,250,1.0833,90,43
840,240,590,210,500,710,2.381,190,380,570,2.0,170,340,510,2.0,150,250,400,1.6667,130,180,310,1.3846,110,150,260,1.3636,90,43
830,250,600,230,500,730,2.1739,190,380,570,2.0,190,330,520,1.7368,160,240,400,1.5,130,170,300,1.3077,120,140,260,1.1667,90,43
820,230,590,220,480,700,2.1818,190,370,560,1.9474,180,320,500,1.7778,150,240,390,1.6,130,170,300,1.3077,110,140,250,1.2727,90,43
840,230,590,210,500,710,2.381,180,380,560,2.1111,170,340,510,2.0,150,250,400,1.6667,120,180,300,1.5,110,140,250,1.2727,89,43
820,250,570,220,520,740,2.3636,200,390,590,1.95,180,340,520,1.8889,160,250,410,1.5625,130,180,310,1.3846,120,130,250,1.0833,89,43
790,250,560,220,490,710,2.2273,190,370,560,1.9474,180,320,500,1.7778,150,230,380,1.5333,130,160,290,1.2308,110,120,230,1.0909,89,43
830,230,580,200,490,690,2.45,170,380,550,2.2353,170,330,500,1.9412,140,250,390,1.7857,120,170,290,1.4167,100,140,240,1.4,89,43
830,250,580,210,500,710,2.381,190,380,570,2.0,180,340,520,1.8889,160,240,400,1.5,130,180,310,1.3846,110,140,250,1.2727,89,43
830,250,580,230,480,710,2.087,190,370,560,1.9474,190,320,510,1.6842,150,230,380,1.5333,130,170,300,1.3077,110,140,250,1.2727,89,43
810,250,570,220,480,700,2.1818,190,360,550,1.8947,180,310,490,1.7222,160,220,380,1.375,140,160,300,1.1429,120,120,240,1.0,90,43
830,240,590,200,500,700,2.5,180,390,570,2.1667,170,340,510,2.0,150,250,400,1.6667,120,180,300,1.5,110,140,250,1.2727,89,43
830,240,580,210,490,700,2.3333,180,370,550,2.0556,180,320,500,1.7778,150,240,390,1.6,130,170,300,1.3077,110,140,250,1.2727,89,43
830,250,580,210,490,700,2.3333,190,370,560,1.9474,180,330,510,1.8333,150,240,390,1.6,130,170,300,1.3077,120,130,250,1.0833,89,43
840,250,580,220,500,720,2.2727,190,380,570,2.0,180,330,510,1.8333,160,240,400,1.5,130,180,310,1.3846,120,140,260,1.1667,89,43
820,260,580,240,470,710,1.9583,200,350,550,1.75,190,300,490,1.5789,160,220,380,1.375,140,140,280,1.0,120,110,230,0.91667,89,43
830,240,590,210,490,700,2.3333,180,370,550,2.0556,180,320,500,1.7778,140,240,380,1.7143,130,170,300,1.3077,110,140,250,1.2727,89,43
840,240,590,210,490,700,2.3333,180,370,550,2.0556,170,320,490,1.8824,150,240,390,1.6,130,170,300,1.3077,110,130,240,1.1818,89,43
840,250,570,220,490,710,2.2273,190,370,560,1.9474,180,330,510,1.8333,160,240,400,1.5,130,170,300,1.3077,120,130,250,1.0833,89,43
820,270,580,230,500,730,2.1739,200,380,580,1.9,190,330,520,1.7368,170,230,400,1.3529,140,170,310,1.2143,130,130,260,1.0,89,43
860,240,610,210,510,720,2.4286,190,380,570,2.0,170,320,490,1.8824,150,230,380,1.5333,120,160,280,1.3333,110,130,240,1.1818,89,43
840,250,590,230,490,720,2.1304,200,370,570,1.85,190,320,510,1.6842,170,230,400,1.3529,130,170,300,1.3077,120,130,250,1.0833,89,43
830,250,590,220,490,710,2.2273,200,370,570,1.85,180,330,510,1.8333,160,240,400,1.5,130,170,300,1.3077,120,130,250,1.0833,89,43
850,240,580,210,500,710,2.381,190,370,560,1.9474,180,330,510,1.8333,160,230,390,1.4375,130,160,290,1.2308,120,130,250,1.0833,88,43
830,270,580,220,500,720,2.2727,200,370,570,1.85,190,330,520,1.7368,170,230,400,1.3529,140,170,310,1.2143,130,130,260,1.0,88,43
850,250,590,210,510,720,2.4286,190,380,570,2.0,170,340,510,2.0,150,240,390,1.6,120,180,300,1.5,110,140,250,1.2727,88,43
840,260,600,220,500,720,2.2727,200,380,580,1.9,180,330,510,1.8333,160,240,400,1.5,130,170,300,1.3077,120,130,250,1.0833,88,42
840,250,590,220,530,750,2.4091,190,400,590,2.1053,180,350,530,1.9444,160,250,410,1.5625,130,180,310,1.3846,110,140,250,1.2727,87,42
850,250,600,220,500,720,2.2727,190,380,570,2.0,180,330,510,1.8333,150,240,390,1.6,130,170,300,1.3077,120,140,260,1.1667,87,42
840,250,590,220,500,720,2.2727,190,360,550,1.8947,190,310,500,1.6316,160,220,380,1.375,130,160,290,1.2308,110,140,250,1.2727,87,42
850,250,600,220,500,720,2.2727,190,390,580,2.0526,180,330,510,1.8333,150,240,390,1.6,130,180,310,1.3846,110,150,260,1.3636,87,42
850,250,600,210,500,710,2.381,190,380,570,2.0,180,330,510,1.8333,160,240,400,1.5,130,170,300,1.3077,120,140,260,1.1667,87,42
840,250,590,220,500,720,2.2727,200,370,570,1.85,180,330,510,1.8333,160,240,400,1.5,130,170,300,1.3077,120,130,250,1.0833,87,42
870,250,590,220,510,730,2.3182,190,380,570,2.0,180,330,510,1.8333,160,240,400,1.5,130,170,300,1.3077,120,130,250,1.0833,86,42
820,280,570,240,490,730,2.0417,220,370,590,1.6818,200,310,510,1.55,180,220,400,1.2222,160,150,310,0.9375,140,120,260,0.85714,86,42
860,250,600,220,520,740,2.3636,180,390,570,2.1667,180,340,520,1.8889,150,250,400,1.6667,130,180,310,1.3846,110,150,260,1.3636,86,42
830,260,590,240,490,730,2.0417,200,380,580,1.9,190,340,530,1.7895,160,250,410,1.5625,140,180,320,1.2857,120,140,260,1.1667,86,42
860,240,600,210,510,720,2.4286,180,390,570,2.1667,170,340,510,2.0,150,250,400,1.6667,120,180,300,1.5,110,150,260,1.3636,86,42
850,260,610,210,530,740,2.5238,190,400,590,2.1053,180,340,520,1.8889,150,240,390,1.6,130,170,300,1.3077,120,130,250,1.0833,85,41
860,240,600,210,560,770,2.6667,180,420,600,2.3333,170,360,530,2.1176,140,260,400,1.8571,120,190,310,1.5833,100,150,250,1.5,85,41
850,260,600,230,500,730,2.1739,200,380,580,1.9,190,330,520,1.7368,160,230,390,1.4375,140,170,310,1.2143,120,140,260,1.1667,85,41
850,250,600,230,490,720,2.1304,200,350,550,1.75,190,300,490,1.5789,170,220,390,1.2941,140,170,310,1.2143,120,140,260,1.1667,85,41
840,250,600,230,490,720,2.1304,200,370,570,1.85,180,320,500,1.7778,160,240,400,1.5,140,160,300,1.1429,120,130,250,1.0833,85,41
860,240,610,210,510,720,2.4286,180,380,560,2.1111,180,330,510,1.8333,150,240,390,1.6,130,170,300,1.3077,110,140,250,1.2727,85,41
850,250,600,220,510,730,2.3182,190,380,570,2.0,180,340,520,1.8889,160,240,400,1.5,130,170,300,1.3077,120,140,260,1.1667,84,41
850,250,610,210,510,720,2.4286,190,390,580,2.0526,180,330,510,1.8333,160,250,410,1.5625,130,170,300,1.3077,110,140,250,1.2727,84,41
870,240,610,220,520,740,2.3636,180,400,580,2.2222,170,340,510,2.0,150,250,400,1.6667,130,180,310,1.3846,110,150,260,1.3636,84,41
860,260,610,220,510,730,2.3182,200,390,590,1.95,190,330,520,1.7368,160,250,410,1.5625,130,170,300,1.3077,120,140,260,1.1667,84,41
860,250,610,230,500,730,2.1739,190,380,570,2.0,190,340,530,1.7895,160,240,400,1.5,140,180,320,1.2857,120,140,260,1.1667,84,41
850,250,600,220,500,720,2.2727,200,370,570,1.85,180,330,510,1.8333,160,230,390,1.4375,130,160,290,1.2308,120,130,250,1.0833,84,41
860,250,610,220,520,740,2.3636,190,400,590,2.1053,180,340,520,1.8889,150,240,390,1.6,130,170,300,1.3077,110,140,250,1.2727,83,40
860,250,600,210,540,750,2.5714,180,400,580,2.2222,170,350,520,2.0588,160,260,420,1.625,130,180,310,1.3846,120,140,260,1.1667,83,40
840,260,600,220,520,740,2.3636,200,390,590,1.95,180,330,510,1.8333,160,240,400,1.5,140,170,310,1.2143,120,140,260,1.1667,83,40
870,240,630,220,510,730,2.3182,180,370,550,2.0556,180,320,500,1.7778,140,230,370,1.6429,120,190,310,1.5833,100,160,260,1.6,83,40
860,240,610,220,510,730,2.3182,190,390,580,2.0526,180,340,520,1.8889,150,250,400,1.6667,130,170,300,1.3077,120,140,260,1.1667,83,40
860,250,620,210,560,770,2.6667,190,390,580,2.0526,180,340,520,1.8889,150,240,390,1.6,120,170,290,1.4167,110,140,250,1.2727,82,40
870,240,610,210,530,740,2.5238,190,400,590,2.1053,170,340,510,2.0,150,250,400,1.6667,130,170,300,1.3077,110,140,250,1.2727,82,40
820,260,600,230,510,740,2.2174,200,380,580,1.9,190,330,520,1.7368,160,240,400,1.5,140,170,310,1.2143,120,130,250,1.0833,82,40
900,220,640,190,530,720,2.7895,170,400,570,2.3529,150,350,500,2.3333,130,260,390,2.0,100,190,290,1.9,90,160,250,1.7778,82,40
860,260,610,240,500,740,2.0833,200,380,580,1.9,200,340,540,1.7,170,240,410,1.4118,150,180,330,1.2,130,140,270,1.0769,82,40
850,250,610,220,510,730,2.3182,190,380,570,2.0,180,330,510,1.8333,160,240,400,1.5,140,170,310,1.2143,120,130,250,1.0833,82,40
870,240,620,210,510,720,2.4286,190,390,580,2.0526,170,340,510,2.0,150,240,390,1.6,120,170,290,1.4167,110,140,250,1.2727,81,40
860,250,600,220,520,740,2.3636,200,400,600,2.0,180,340,520,1.8889,160,240,400,1.5,140,170,310,1.2143,120,130,250,1.0833,81,40
860,260,600,230,530,760,2.3043,200,390,590,1.95,190,340,530,1.7895,160,240,400,1.5,140,170,310,1.2143,120,140,260,1.1667,81,40
860,260,600,230,490,720,2.1304,200,370,570,1.85,190,320,510,1.6842,170,230,400,1.3529,140,160,300,1.1429,130,130,260,1.0,81,39
850,260,610,250,500,750,2.0,210,360,570,1.7143,200,310,510,1.55,170,220,390,1.2941,140,140,280,1.0,120,120,240,1.0,81,39
860,240,610,210,510,720,2.4286,190,380,570,2.0,170,330,500,1.9412,150,250,400,1.6667,130,170,300,1.3077,110,140,250,1.2727,81,39
850,250,600,220,560,780,2.5455,190,380,570,2.0,190,320,510,1.6842,150,230,380,1.5333,140,160,300,1.1429,120,130,250,1.0833,80,39
860,250,610,220,530,750,2.4091,190,400,590,2.1053,180,340,520,1.8889,160,250,410,1.5625,130,180,310,1.3846,120,140,260,1.1667,80,39
850,250,600,220,520,740,2.3636,190,390,580,2.0526,180,340,520,1.8889,160,240,400,1.5,140,170,310,1.2143,120,140,260,1.1667,80,39
860,250,610,220,510,730,2.3182,190,390,580,2.0526,190,330,520,1.7368,160,240,400,1.5,140,180,320,1.2857,120,140,260,1.1667,80,39
860,250,610,230,510,740,2.2174,200,380,580,1.9,180,330,510,1.8333,160,250,410,1.5625,130,170,300,1.3077,120,140,260,1.1667,80,39
860,240,610,210,530,740,2.5238,190,390,580,2.0526,170,340,510,2.0,150,250,400,1.6667,120,180,300,1.5,110,140,250,1.2727,80,39
860,250,600,220,520,740,2.3636,190,390,580,2.0526,180,330,510,1.8333,150,240,390,1.6,130,170,300,1.3077,110,140,250,1.2727,79,39
850,260,600,220,520,740,2.3636,200,390,590,1.95,180,340,520,1.8889,160,250,410,1.5625,130,180,310,1.3846,120,140,260,1.1667,79,39
850,250,610,220,500,720,2.2727,190,380,570,2.0,180,330,510,1.8333,160,250,410,1.5625,130,170,300,1.3077,120,140,260,1.1667,80,39
850,240,610,230,500,730,2.1739,190,370,560,1.9474,180,320,500,1.7778,160,230,390,1.4375,130,160,290,1.2308,110,120,230,1.0909,80,39
860,240,610,210,510,720,2.4286,190,390,580,2.0526,170,340,510,2.0,150,250,400,1.6667,120,180,300,1.5,110,140,250,1.2727,79,39
850,250,600,220,550,770,2.5,190,390,580,2.0526,180,330,510,1.8333,160,240,400,1.5,130,170,300,1.3077,120,130,250,1.0833,79,39
870,250,610,220,530,750,2.4091,190,400,590,2.1053,180,350,530,1.9444,150,250,400,1.6667,120,180,300,1.5,100,150,250,1.5,79,39
860,260,600,220,510,730,2.3182,200,390,590,1.95,190,330,520,1.7368,160,240,400,1.5,130,170,300,1.3077,120,130,250,1.0833,79,39
860,260,610,230,500,730,2.1739,210,390,600,1.8571,190,330,520,1.7368,170,240,410,1.4118,150,170,320,1.1333,140,140,280,1.0,79,39
850,250,610,230,500,730,2.1739,200,380,580,1.9,180,330,510,1.8333,160,240,400,1.5,130,170,300,1.3077,120,130,250,1.0833,79,39
860,240,620,210,520,730,2.4762,180,400,580,2.2222,170,330,500,1.9412,140,240,380,1.7143,120,170,290,1.4167,100,140,240,1.4,79,39
870,240,610,210,540,750,2.5714,190,400,590,2.1053,170,350,520,2.0588,150,260,410,1.7333,120,180,300,1.5,110,140,250,1.2727,78,39
860,260,600,230,510,740,2.2174,190,390,580,2.0526,180,340,520,1.8889,150,240,390,1.6,130,170,300,1.3077,120,140,260,1.1667,78,38
850,260,610,220,520,740,2.3636,200,390,590,1.95,180,330,510,1.8333,160,250,410,1.5625,130,170,300,1.3077,120,130,250,1.0833,78,38
870,240,620,220,520,740,2.3636,180,400,580,2.2222,170,350,520,2.0588,140,260,400,1.8571,120,190,310,1.5833,100,160,260,1.6,78,38
860,250,610,220,500,720,2.2727,200,370,570,1.85,180,320,500,1.7778,160,220,380,1.375,130,150,280,1.1538,120,120,240,1.0,78,38
860,250,610,220,510,730,2.3182,190,380,570,2.0,180,330,510,1.8333,150,230,380,1.5333,130,160,290,1.2308,110,130,240,1.1818,78,38
860,250,610,220,560,780,2.5455,190,430,620,2.2632,180,340,520,1.8889,160,250,410,1.5625,130,170,300,1.3077,120,130,250,1.0833,78,38
850,250,600,220,520,740,2.3636,190,390,580,2.0526,180,340,520,1.8889,150,240,390,1.6,130,170,300,1.3077,110,140,250,1.2727,77,38
870,250,620,210,530,740,2.5238,190,400,590,2.1053,170,340,510,2.0,150,260,410,1.7333,120,180,300,1.5,110,150,260,1.3636,77,38
870,250,620,240,510,750,2.125,210,390,600,1.8571,190,340,530,1.7895,160,240,400,1.5,140,180,320,1.2857,120,140,260,1.1667,78,38
850,250,610,220,510,730,2.3182,200,380,580,1.9,180,330,510,1.8333,160,240,400,1.5,140,170,310,1.2143,120,130,250,1.0833,77,38
870,240,620,210,540,750,2.5714,190,400,590,2.1053,170,350,520,2.0588,150,250,400,1.6667,120,170,290,1.4167,110,140,250,1.2727,77,38
870,250,610,220,520,740,2.3636,190,400,590,2.1053,180,340,520,1.8889,160,240,400,1.5,140,170,310,1.2143,120,140,260,1.1667,77,38
600,260,390,230,400,630,1.7391,210,400,610,1.9048,190,330,520,1.7368,170,240,410,1.4118,140,170,310,1.2143,130,130,260,1.0,77,38
1080,210,800,230,580,810,2.5217,230,420,650,1.8261,230,350,580,1.5217,170,250,420,1.4706,140,170,310,1.2143,120,130,250,1.0833,77,38
880,240,630,210,570,780,2.7143,190,430,620,2.2632,170,370,540,2.1765,160,270,430,1.6875,130,190,320,1.4615,130,150,280,1.1538,77,38
870,250,610,230,510,740,2.2174,200,380,580,1.9,180,330,510,1.8333,160,230,390,1.4375,130,160,290,1.2308,120,130,250,1.0833,77,38
860,260,610,240,520,760,2.1667,200,410,610,2.05,190,360,550,1.8947,160,270,430,1.6875,140,180,320,1.2857,120,140,260,1.1667,77,38
860,250,610,220,530,750,2.4091,190,400,590,2.1053,180,350,530,1.9444,150,250,400,1.6667,130,180,310,1.3846,110,150,260,1.3636,76,38
880,250,620,230,540,770,2.3478,200,410,610,2.05,180,350,530,1.9444,160,260,420,1.625,130,180,310,1.3846,120,140,260,1.1667,76,38
860,260,610,240,510,750,2.125,200,380,580,1.9,190,330,520,1.7368,160,230,390,1.4375,140,170,310,1.2143,120,140,260,1.1667,77,38
880,250,610,220,520,740,2.3636,190,390,580,2.0526,180,330,510,1.8333,150,240,390,1.6,130,170,300,1.3077,110,140,250,1.2727,77,38
840,270,590,230,530,760,2.3043,210,390,600,1.8571,190,340,530,1.7895,170,240,410,1.4118,140,160,300,1.1429,140,120,260,0.85714,76,38
870,250,620,220,520,740,2.3636,190,400,590,2.1053,180,340,520,1.8889,150,240,390,1.6,130,170,300,1.3077,110,140,250,1.2727,76,38
860,250,610,220,530,750,2.4091,190,410,600,2.1579,180,350,530,1.9444,160,250,410,1.5625,130,180,310,1.3846,110,140,250,1.2727,76,38
870,250,620,230,520,750,2.2609,190,400,590,2.1053,190,350,540,1.8421,150,260,410,1.7333,130,180,310,1.3846,110,150,260,1.3636,76,38
860,250,620,220,520,740,2.3636,190,390,580,2.0526,180,330,510,1.8333,150,250,400,1.6667,130,170,300,1.3077,110,140,250,1.2727,76,38
870,240,620,210,530,740,2.5238,190,390,580,2.0526,170,340,510,2.0,150,240,390,1.6,120,170,290,1.4167,110,140,250,1.2727,76,38
870,250,610,220,520,740,2.3636,190,390,580,2.0526,180,340,520,1.8889,150,240,390,1.6,130,170,300,1.3077,110,140,250,1.2727,76,38
870,260,610,220,520,740,2.3636,200,400,600,2.0,180,350,530,1.9444,160,260,420,1.625,140,200,340,1.4286,120,160,280,1.3333,76,38
860,260,610,220,530,750,2.4091,200,400,600,2.0,190,340,530,1.7895,170,250,420,1.4706,130,170,300,1.3077,120,140,260,1.1667,76,38
870,250,620,240,510,750,2.125,200,400,600,2.0,190,350,540,1.8421,160,260,420,1.625,140,180,320,1.2857,120,150,270,1.25,76,38
850,250,610,230,500,730,2.1739,200,380,580,1.9,190,320,510,1.6842,160,240,400,1.5,140,170,310,1.2143,120,130,250,1.0833,76,38
870,250,610,220,560,780,2.5455,180,410,590,2.2778,180,360,540,2.0,150,250,400,1.6667,130,170,300,1.3077,120,140,260,1.1667,76,38
870,260,610,220,540,760,2.4545,200,410,610,2.05,180,350,530,1.9444,160,260,420,1.625,130,180,310,1.3846,120,150,270,1.25,75,38
860,260,620,230,500,730,2.1739,200,370,570,1.85,190,310,500,1.6316,160,220,380,1.375,130,180,310,1.3846,120,140,260,1.1667,75,38
880,240,630,220,520,740,2.3636,190,400,590,2.1053,180,350,530,1.9444,150,250,400,1.6667,130,190,320,1.4615,110,150,260,1.3636,76,38
880,250,630,220,520,740,2.3636,190,400,590,2.1053,180,340,520,1.8889,150,250,400,1.6667,130,180,310,1.3846,110,140,250,1.2727,76,38
870,250,620,220,520,740,2.3636,190,400,590,2.1053,180,340,520,1.8889,160,240,400,1.5,140,170,310,1.2143,120,130,250,1.0833,75,38
870,250,620,210,530,740,2.5238,190,400,590,2.1053,180,340,520,1.8889,160,250,410,1.5625,130,170,300,1.3077,120,130,250,1.0833,75,37
870,250,620,220,550,770,2.5,190,420,610,2.2105,170,350,520,2.0588,150,260,410,1.7333,120,180,300,1.5,100,140,240,1.4,75,37
860,250,610,220,510,730,2.3182,190,390,580,2.0526,180,330,510,1.8333,150,230,380,1.5333,130,170,300,1.3077,110,140,250,1.2727,75,37
860,250,620,260,500,760,1.9231,200,370,570,1.85,190,320,510,1.6842,160,230,390,1.4375,130,180,310,1.3846,120,140,260,1.1667,75,38
860,240,620,210,510,720,2.4286,190,390,580,2.0526,170,340,510,2.0,150,240,390,1.6,120,170,290,1.4167,110,140,250,1.2727,75,38
870,240,610,210,540,750,2.5714,190,390,580,2.0526,170,330,500,1.9412,150,240,390,1.6,130,170,300,1.3077,110,130,240,1.1818,75,37
860,260,610,220,530,750,2.4091,200,400,600,2.0,190,340,530,1.7895,160,250,410,1.5625,130,180,310,1.3846,120,140,260,1.1667,75,37
850,250,610,220,530,750,2.4091,190,400,590,2.1053,180,340,520,1.8889,160,250,410,1.5625,140,170,310,1.2143,110,140,250,1.2727,75,37
880,240,630,210,510,720,2.4286,190,380,570,2.0,170,320,490,1.8824,150,230,380,1.5333,120,150,270,1.25,110,110,220,1.0,75,37
860,250,620,230,510,740,2.2174,190,390,580,2.0526,190,340,530,1.7895,150,250,400,1.6667,130,180,310,1.3846,110,150,260,1.3636,75,37
870,240,620,210,520,730,2.4762,190,390,580,2.0526,170,330,500,1.9412,150,250,400,1.6667,130,170,300,1.3077,110,140,250,1.2727,75,37
860,250,610,220,530,750,2.4091,200,390,590,1.95,180,340,520,1.8889,160,240,400,1.5,130,170,300,1.3077,120,130,250,1.0833,74,37
850,250,600,220,520,740,2.3636,200,400,600,2.0,180,330,510,1.8333,160,240,400,1.5,140,170,310,1.2143,120,130,250,1.0833,74,37
870,250,600,220,540,760,2.4545,190,400,590,2.1053,180,350,530,1.9444,150,260,410,1.7333,130,190,320,1.4615,110,150,260,1.3636,74,37
850,270,600,230,500,730,2.1739,200,370,570,1.85,190,320,510,1.6842,160,240,400,1.5,140,160,300,1.1429,130,130,260,1.0,74,37
870,250,610,270,510,780,1.8889,200,370,570,1.85,190,320,510,1.6842,160,230,390,1.4375,140,150,290,1.0714,120,130,250,1.0833,74,37
870,260,610,230,510,740,2.2174,200,390,590,1.95,190,330,520,1.7368,150,240,390,1.6,130,160,290,1.2308,120,130,250,1.0833,74,37
860,260,610,220,580,800,2.6364,200,380,580,1.9,180,330,510,1.8333,160,230,390,1.4375,130,170,300,1.3077,120,130,250,1.0833,74,37
860,250,610,220,530,750,2.4091,190,390,580,2.0526,190,340,530,1.7895,160,240,400,1.5,130,170,300,1.3077,110,140,250,1.2727,74,37
880,250,610,210,530,740,2.5238,190,400,590,2.1053,170,340,510,2.0,150,250,400,1.6667,130,180,310,1.3846,110,140,250,1.2727,74,37
860,270,590,230,500,730,2.1739,210,370,580,1.7619,200,320,520,1.6,170,230,400,1.3529,150,170,320,1.1333,130,130,260,1.0,74,37
860,270,610,230,510,740,2.2174,200,390,590,1.95,190,330,520,1.7368,160,240,400,1.5,140,170,310,1.2143,120,140,260,1.1667,74,37
880,250,620,230,520,750,2.2609,200,380,580,1.9,180,330,510,1.8333,160,240,400,1.5,130,180,310,1.3846,120,150,270,1.25,74,37
860,260,610,240,510,750,2.125,210,380,590,1.8095,190,330,520,1.7368,170,240,410,1.4118,140,170,310,1.2143,130,130,260,1.0,74,37
860,250,620,220,560,780,2.5455,190,390,580,2.0526,180,340,520,1.8889,150,240,390,1.6,130,170,300,1.3077,110,140,250,1.2727,74,37
880,240,630,210,540,750,2.5714,180,410,590,2.2778,170,350,520,2.0588,140,250,390,1.7857,130,180,310,1.3846,100,150,250,1.5,74,37
870,250,610,220,520,740,2.3636,200,390,590,1.95,180,330,510,1.8333,160,240,400,1.5,130,170,300,1.3077,120,130,250,1.0833,74,37
870,260,610,230,510,740,2.2174,200,390,590,1.95,190,340,530,1.7895,160,240,400,1.5,130,170,300,1.3077,120,140,260,1.1667,74,37
870,260,620,230,520,750,2.2609,190,390,580,2.0526,190,350,540,1.8421,160,250,410,1.5625,130,180,310,1.3846,110,150,260,1.3636,74,37
880,250,620,230,500,730,2.1739,200,370,570,1.85,180,320,500,1.7778,160,250,410,1.5625,140,180,320,1.2857,120,140,260,1.1667,74,37
870,260,610,240,510,750,2.125,210,390,600,1.8571,190,340,530,1.7895,170,250,420,1.4706,140,170,310,1.2143,130,140,270,1.0769,74,37
870,260,620,220,510,730,2.3182,200,380,580,1.9,180,330,510,1.8333,160,240,400,1.5,130,170,300,1.3077,120,130,250,1.0833,74,37
870,250,620,220,520,740,2.3636,200,390,590,1.95,180,340,520,1.8889,160,240,400,1.5,130,170,300,1.3077,120,140,260,1.1667,74,37
880,250,620,220,550,770,2.5,190,400,590,2.1053,180,350,530,1.9444,150,240,390,1.6,130,170,300,1.3077,110,140,250,1.2727,73,37
870,260,610,230,540,770,2.3478,190,400,590,2.1053,180,350,530,1.9444,150,250,400,1.6667,130,180,310,1.3846,110,140,250,1.2727,73,37
870,260,610,220,510,730,2.3182,200,380,580,1.9,180,320,500,1.7778,160,240,400,1.5,140,170,310,1.2143,120,130,250,1.0833,74,37
880,260,620,230,520,750,2.2609,210,390,600,1.8571,190,330,520,1.7368,170,260,430,1.5294,140,180,320,1.2857,120,150,270,1.25,74,37
880,260,620,230,520,750,2.2609,200,380,580,1.9,180,330,510,1.8333,160,250,410,1.5625,130,170,300,1.3077,120,140,260,1.1667,74,37
880,260,620,240,490,730,2.0417,210,370,580,1.7619,200,330,530,1.65,170,240,410,1.4118,140,170,310,1.2143,130,130,260,1.0,73,37
870,260,610,220,520,740,2.3636,200,390,590,1.95,180,340,520,1.8889,160,240,400,1.5,140,170,310,1.2143,120,140,260,1.1667,73,37
860,260,610,240,490,730,2.0417,210,370,580,1.7619,200,330,530,1.65,170,250,420,1.4706,140,170,310,1.2143,130,140,270,1.0769,73,37
870,250,620,230,510,740,2.2174,190,390,580,2.0526,190,340,530,1.7895,160,250,410,1.5625,140,180,320,1.2857,110,150,260,1.3636,73,37
880,250,620,220,520,740,2.3636,200,390,590,1.95,180,330,510,1.8333,160,240,400,1.5,140,170,310,1.2143,120,140,260,1.1667,73,37
870,260,620,240,520,760,2.1667,210,390,600,1.8571,190,330,520,1.7368,170,240,410,1.4118,140,170,310,1.2143,130,130,260,1.0,73,37
880,250,620,210,530,740,2.5238,190,390,580,2.0526,180,330,510,1.8333,160,240,400,1.5,130,170,300,1.3077,110,130,240,1.1818,73,37
870,260,610,220,580,800,2.6364,200,440,640,2.2,180,370,550,2.0556,160,270,430,1.6875,130,190,320,1.4615,120,150,270,1.25,72,37
880,260,620,230,530,760,2.3043,200,400,600,2.0,180,340,520,1.8889,160,250,410,1.5625,130,180,310,1.3846,120,140,260,1.1667,72,37
870,260,610,230,510,740,2.2174,200,380,580,1.9,190,340,530,1.7895,160,250,410,1.5625,140,180,320,1.2857,120,140,260,1.1667,73,37
870,260,620,220,520,740,2.3636,200,390,590,1.95,190,340,530,1.7895,160,240,400,1.5,140,180,320,1.2857,120,140,260,1.1667,73,37
870,250,620,220,520,740,2.3636,190,400,590,2.1053,180,340,520,1.8889,160,250,410,1.5625,130,180,310,1.3846,110,150,260,1.3636,73,37
850,250,600,220,500,720,2.2727,190,380,570,2.0,170,330,500,1.9412,150,250,400,1.6667,130,170,300,1.3077,120,140,260,1.1667,72,37
850,250,610,220,520,740,2.3636,190,360,550,1.8947,180,310,490,1.7222,160,230,390,1.4375,130,160,290,1.2308,110,130,240,1.1818,72,37
840,240,590,260,490,750,1.8846,200,350,550,1.75,190,300,490,1.5789,150,200,350,1.3333,130,130,260,1.0,110,80,190,0.72727,72,37
840,250,580,220,520,740,2.3636,190,390,580,2.0526,180,330,510,1.8333,150,230,380,1.5333,130,160,290,1.2308,110,130,240,1.1818,72,36
830,260,580,230,540,770,2.3478,200,390,590,1.95,190,320,510,1.6842,150,230,380,1.5333,130,170,300,1.3077,110,130,240,1.1818,72,36
810,250,560,220,490,710,2.2273,190,370,560,1.9474,180,320,500,1.7778,160,240,400,1.5,140,160,300,1.1429,120,130,250,1.0833,73,37
830,250,580,220,490,710,2.2273,190,380,570,2.0,180,330,510,1.8333,150,240,390,1.6,130,170,300,1.3077,110,150,260,1.3636,73,37
830,250,570,230,480,710,2.087,200,360,560,1.8,190,310,500,1.6316,170,220,390,1.2941,140,150,290,1.0714,120,120,240,1.0,73,37
810,260,570,220,490,710,2.2273,200,370,570,1.85,190,320,510,1.6842,160,230,390,1.4375,130,170,300,1.3077,120,130,250,1.0833,73,37
810,240,570,220,500,720,2.2727,190,390,580,2.0526,180,340,520,1.8889,150,240,390,1.6,130,180,310,1.3846,110,150,260,1.3636,73,37
840,240,590,220,510,730,2.3182,190,390,580,2.0526,170,340,510,2.0,150,240,390,1.6,120,180,300,1.5,110,150,260,1.3636,73,37
830,250,580,210,510,720,2.4286,190,390,580,2.0526,180,330,510,1.8333,150,240,390,1.6,120,170,290,1.4167,110,140,250,1.2727,73,37
810,250,570,220,550,770,2.5,190,420,610,2.2105,180,360,540,2.0,150,260,410,1.7333,130,180,310,1.3846,120,150,270,1.25,75,38
810,240,570,210,510,720,2.4286,190,390,580,2.0526,170,340,510,2.0,150,250,400,1.6667,130,180,310,1.3846,110,140,250,1.2727,75,38
820,240,570,220,500,720,2.2727,190,390,580,2.0526,170,340,510,2.0,150,250,400,1.6667,120,180,300,1.5,110,140,250,1.2727,75,38
810,250,560,220,470,690,2.1364,190,360,550,1.8947,180,320,500,1.7778,160,230,390,1.4375,140,160,300,1.1429,120,130,250,1.0833,76,39
820,250,560,230,480,710,2.087,190,370,560,1.9474,190,320,510,1.6842,160,230,390,1.4375,140,160,300,1.1429,120,130,250,1.0833,77,40
810,260,560,230,470,700,2.0435,210,370,580,1.7619,190,310,500,1.6316,170,220,390,1.2941,140,150,290,1.0714,130,120,250,0.92308,78,40
820,250,570,220,480,700,2.1818,200,380,580,1.9,180,320,500,1.7778,160,240,400,1.5,140,160,300,1.1429,120,130,250,1.0833,79,41
810,250,580,230,490,720,2.1304,200,380,580,1.9,190,340,530,1.7895,160,240,400,1.5,140,170,310,1.2143,120,130,250,1.0833,79,41
820,230,580,200,500,700,2.5,170,390,560,2.2941,170,340,510,2.0,140,250,390,1.7857,130,170,300,1.3077,100,140,240,1.4,80,41
820,240,570,200,490,690,2.45,190,380,570,2.0,170,330,500,1.9412,150,230,380,1.5333,120,160,280,1.3333,110,120,230,1.0909,82,42
810,250,570,210,530,740,2.5238,190,420,610,2.2105,180,370,550,2.0556,160,270,430,1.6875,130,200,330,1.5385,120,160,280,1.3333,85,43
810,240,580,210,490,700,2.3333,180,380,560,2.1111,170,320,490,1.8824,150,240,390,1.6,130,160,290,1.2308,110,130,240,1.1818,86,44
810,230,570,210,500,710,2.381,190,390,580,2.0526,170,330,500,1.9412,150,230,380,1.5333,130,160,290,1.2308,110,130,240,1.1818,88,45
810,240,580,210,490,700,2.3333,190,380,570,2.0,170,320,490,1.8824,150,220,370,1.4667,130,160,290,1.2308,120,130,250,1.0833,88,45
820,230,590,200,490,690,2.45,170,380,550,2.2353,170,330,500,1.9412,140,250,390,1.7857,120,170,290,1.4167,110,140,250,1.2727,89,46
650,230,450,200,460,660,2.3,180,390,570,2.1667,170,340,510,2.0,150,240,390,1.6,120,160,280,1.3333,110,140,250,1.2727,89,46
980,200,730,220,550,770,2.5,220,420,640,1.9091,200,360,560,1.8,160,250,410,1.5625,130,170,300,1.3077,120,140,260,1.1667,92,47
820,250,550,210,560,770,2.6667,180,450,630,2.5,180,380,560,2.1111,150,260,410,1.7333,130,170,300,1.3077,110,130,240,1.1818,92,47
810,270,580,240,550,790,2.2917,180,420,600,2.3333,170,350,520,2.0588,150,230,380,1.5333,120,160,280,1.3333,110,120,230,1.0909,93,48
810,230,580,200,500,700,2.5,170,380,550,2.2353,160,330,490,2.0625,140,220,360,1.5714,120,160,280,1.3333,110,130,240,1.1818,95,48
810,220,590,240,500,740,2.0833,180,380,560,2.1111,170,330,500,1.9412,150,230,380,1.5333,120,170,290,1.4167,110,140,250,1.2727,105,53
820,220,600,190,500,690,2.6316,160,380,540,2.375,160,320,480,2.0,130,220,350,1.6923,120,160,280,1.3333,100,130,230,1.3,105,54
800,220,590,190,490,680,2.5789,170,370,540,2.1765,150,320,470,2.1333,140,210,350,1.5,110,150,260,1.3636,100,120,220,1.2,107,54
810,210,600,180,570,750,3.1667,160,400,560,2.5,150,350,500,2.3333,130,240,370,1.8462,110,160,270,1.4545,100,130,230,1.3,107,54
810,210,590,190,510,700,2.6842,160,380,540,2.375,150,330,480,2.2,130,230,360,1.7692,110,160,270,1.4545,90,130,220,1.4444,109,54
810,220,590,190,490,680,2.5789,160,370,530,2.3125,150,320,470,2.1333,130,230,360,1.7692,110,170,280,1.5455,90,140,230,1.5556,110,55
810,220,590,190,490,680,2.5789,170,370,540,2.1765,160,320,480,2.0,130,220,350,1.6923,110,160,270,1.4545,100,130,230,1.3,110,55
820,220,600,180,510,690,2.8333,160,380,540,2.375,150,330,480,2.2,130,240,370,1.8462,110,160,270,1.4545,100,140,240,1.4,110,55
810,220,590,200,500,700,2.5,170,380,550,2.2353,160,320,480,2.0,140,220,360,1.5714,120,160,280,1.3333,110,130,240,1.1818,110,55
820,220,600,200,500,700,2.5,170,380,550,2.2353,160,320,480,2.0,130,230,360,1.7692,120,160,280,1.3333,100,130,230,1.3,111,55
820,220,610,190,510,700,2.6842,160,380,540,2.375,150,320,470,2.1333,130,230,360,1.7692,110,160,270,1.4545,100,130,230,1.3,111,55
830,210,600,180,500,680,2.7778,160,380,540,2.375,140,330,470,2.3571,130,230,360,1.7692,100,160,260,1.6,90,130,220,1.4444,111,55
810,230,590,190,500,690,2.6316,160,380,540,2.375,160,320,480,2.0,130,220,350,1.6923,120,150,270,1.25,100,120,220,1.2,112,55
810,220,590,190,520,710,2.7368,170,390,560,2.2941,150,330,480,2.2,130,230,360,1.7692,120,160,280,1.3333,100,130,230,1.3,112,55
820,220,590,190,490,680,2.5789,160,370,530,2.3125,150,320,470,2.1333,130,230,360,1.7692,110,160,270,1.4545,100,130,230,1.3,113,55
810,230,590,200,480,680,2.4,180,350,530,1.9444,160,310,470,1.9375,150,220,370,1.4667,120,150,270,1.25,110,130,240,1.1818,113,55
810,220,590,190,500,690,2.6316,170,380,550,2.2353,160,330,490,2.0625,130,230,360,1.7692,120,170,290,1.4167,100,130,230,1.3,113,55
830,220,600,180,500,680,2.7778,160,380,540,2.375,150,330,480,2.2,130,240,370,1.8462,110,170,280,1.5455,100,140,240,1.4,112,55
830,230,610,200,490,690,2.45,170,370,540,2.1765,160,320,480,2.0,140,230,370,1.6429,120,160,280,1.3333,100,130,230,1.3,112,55
830,220,610,200,500,700,2.5,160,380,540,2.375,160,330,490,2.0625,130,230,360,1.7692,120,170,290,1.4167,100,140,240,1.4,112,55
830,220,600,190,520,710,2.7368,170,390,560,2.2941,150,330,480,2.2,140,230,370,1.6429,110,150,260,1.3636,100,130,230,1.3,112,55
830,230,600,190,520,710,2.7368,170,380,550,2.2353,160,330,490,2.0625,140,230,370,1.6429,110,160,270,1.4545,100,130,230,1.3,112,55
820,230,600,200,490,690,2.45,170,370,540,2.1765,170,320,490,1.8824,140,220,360,1.5714,130,150,280,1.1538,110,130,240,1.1818,112,55
820,220,590,190,510,700,2.6842,170,380,550,2.2353,160,320,480,2.0,140,230,370,1.6429,120,160,280,1.3333,110,130,240,1.1818,112,55
820,230,590,200,490,690,2.45,170,370,540,2.1765,170,320,490,1.8824,140,230,370,1.6429,130,160,290,1.2308,110,130,240,1.1818,112,54
830,230,590,200,490,690,2.45,180,360,540,2.0,160,310,470,1.9375,150,240,390,1.6,120,170,290,1.4167,110,140,250,1.2727,112,54
830,240,600,210,490,700,2.3333,180,370,550,2.0556,170,320,490,1.8824,140,230,370,1.6429,130,160,290,1.2308,110,130,240,1.1818,111,54
840,230,610,200,500,700,2.5,170,380,550,2.2353,170,330,500,1.9412,140,240,380,1.7143,120,170,290,1.4167,110,140,250,1.2727,111,54
840,230,610,210,500,710,2.381,170,380,550,2.2353,170,330,500,1.9412,140,230,370,1.6429,120,170,290,1.4167,100,130,230,1.3,111,53
840,230,610,200,510,710,2.55,170,380,550,2.2353,160,330,490,2.0625,140,240,380,1.7143,120,170,290,1.4167,110,130,240,1.1818,111,53
850,230,610,200,560,760,2.8,170,420,590,2.4706,160,360,520,2.25,140,250,390,1.7857,120,170,290,1.4167,100,130,230,1.3,111,53
820,240,590,210,510,720,2.4286,180,380,560,2.1111,170,320,490,1.8824,150,230,380,1.5333,130,160,290,1.2308,110,120,230,1.0909,111,53
840,230,610,200,530,730,2.65,180,400,580,2.2222,160,340,500,2.125,150,250,400,1.6667,120,180,300,1.5,110,140,250,1.2727,111,53
840,230,600,200,500,700,2.5,180,380,560,2.1111,170,330,500,1.9412,150,230,380,1.5333,120,170,290,1.4167,110,140,250,1.2727,111,53
820,240,590,210,500,710,2.381,190,380,570,2.0,170,320,490,1.8824,150,230,380,1.5333,130,170,300,1.3077,120,130,250,1.0833,110,53
830,230,600,200,490,690,2.45,180,370,550,2.0556,160,320,480,2.0,150,230,380,1.5333,120,160,280,1.3333,100,130,230,1.3,110,53
830,230,600,200,490,690,2.45,170,370,540,2.1765,160,330,490,2.0625,130,230,360,1.7692,120,170,290,1.4167,100,130,230,1.3,110,53
820,230,590,210,490,700,2.3333,180,370,550,2.0556,170,340,510,2.0,150,230,380,1.5333,130,160,290,1.2308,120,130,250,1.0833,110,53
850,230,610,200,510,710,2.55,180,380,560,2.1111,160,330,490,2.0625,140,240,380,1.7143,120,170,290,1.4167,100,140,240,1.4,110,52
860,240,590,210,510,720,2.4286,190,380,570,2.0,170,330,500,1.9412,150,230,380,1.5333,130,160,290,1.2308,110,130,240,1.1818,110,52
810,270,560,230,500,730,2.1739,210,370,580,1.7619,200,320,520,1.6,170,220,390,1.2941,150,150,300,1.0,130,110,240,0.84615,110,52
840,250,590,220,490,710,2.2273,190,370,560,1.9474,180,320,500,1.7778,160,230,390,1.4375,140,160,300,1.1429,120,130,250,1.0833,110,52
850,230,600,200,520,720,2.6,180,400,580,2.2222,160,350,510,2.1875,150,260,410,1.7333,120,180,300,1.5,110,140,250,1.2727,108,52
830,250,590,220,490,710,2.2273,200,370,570,1.85,180,320,500,1.7778,170,230,400,1.3529,140,160,300,1.1429,130,130,260,1.0,108,52
850,240,600,220,500,720,2.2727,190,380,570,2.0,180,330,510,1.8333,150,240,390,1.6,130,170,300,1.3077,120,130,250,1.0833,108,52
820,250,570,220,490,710,2.2273,200,370,570,1.85,180,320,500,1.7778,170,230,400,1.3529,140,160,300,1.1429,130,130,260,1.0,109,52
850,250,610,210,510,720,2.4286,190,390,580,2.0526,180,350,530,1.9444,150,250,400,1.6667,130,180,310,1.3846,110,140,250,1.2727,108,51
840,240,590,220,510,730,2.3182,200,390,590,1.95,180,340,520,1.8889,160,250,410,1.5625,140,170,310,1.2143,120,140,260,1.1667,108,51
820,250,590,220,490,710,2.2273,200,380,580,1.9,180,330,510,1.8333,160,240,400,1.5,130,170,300,1.3077,120,130,250,1.0833,108,51
830,230,600,210,490,700,2.3333,180,390,570,2.1667,170,330,500,1.9412,140,240,380,1.7143,130,170,300,1.3077,110,130,240,1.1818,108,51
820,230,590,210,530,740,2.5238,180,410,590,2.2778,170,350,520,2.0588,150,250,400,1.6667,130,180,310,1.3846,110,140,250,1.2727,107,51
830,230,580,200,510,710,2.55,180,390,570,2.1667,170,340,510,2.0,150,250,400,1.6667,120,170,290,1.4167,110,140,250,1.2727,107,51
800,250,560,220,480,700,2.1818,190,370,560,1.9474,180,320,500,1.7778,160,230,390,1.4375,140,160,300,1.1429,120,130,250,1.0833,107,51
770,240,540,210,470,680,2.2381,190,360,550,1.8947,180,320,500,1.7778,160,230,390,1.4375,130,160,290,1.2308,120,120,240,1.0,107,51
770,230,540,200,460,660,2.3,180,360,540,2.0,170,310,480,1.8235,150,230,380,1.5333,130,160,290,1.2308,110,140,250,1.2727,107,51
780,230,550,210,460,670,2.1905,180,370,550,2.0556,170,320,490,1.8824,150,230,380,1.5333,120,170,290,1.4167,120,140,260,1.1667,107,51
800,230,560,200,480,680,2.4,180,370,550,2.0556,170,320,490,1.8824,140,240,380,1.7143,120,170,290,1.4167,110,140,250,1.2727,106,51
790,240,560,220,470,690,2.1364,190,360,550,1.8947,180,320,500,1.7778,150,230,380,1.5333,130,160,290,1.2308,110,130,240,1.1818,106,50
770,230,540,210,500,710,2.381,180,390,570,2.1667,170,330,500,1.9412,150,240,390,1.6,130,170,300,1.3077,110,130,240,1.1818,106,50
770,230,550,190,470,660,2.4737,170,360,530,2.1176,160,320,480,2.0,140,230,370,1.6429,120,160,280,1.3333,100,130,230,1.3,106,50
780,220,550,190,470,660,2.4737,170,370,540,2.1765,160,320,480,2.0,140,230,370,1.6429,120,160,280,1.3333,110,130,240,1.1818,106,50
700,230,480,210,400,610,1.9048,190,310,500,1.6316,190,270,460,1.4211,170,190,360,1.1176,150,130,280,0.86667,130,100,230,0.76923,162,76
700,220,490,210,410,620,1.9524,180,320,500,1.7778,180,270,450,1.5,170,200,370,1.1765,140,130,270,0.92857,130,100,230,0.76923,161,75
710,210,500,190,410,600,2.1579,180,310,490,1.7222,170,270,440,1.5882,150,200,350,1.3333,140,130,270,0.92857,130,110,240,0.84615,161,75
720,210,500,190,480,670,2.5263,180,350,530,1.9444,170,300,470,1.7647,150,210,360,1.4,140,140,280,1.0,130,110,240,0.84615,161,75
710,220,490,200,420,620,2.1,180,320,500,1.7778,180,280,460,1.5556,160,190,350,1.1875,140,120,260,0.85714,140,100,240,0.71429,161,75
690,220,480,210,420,630,2.0,190,330,520,1.7368,180,280,460,1.5556,170,200,370,1.1765,140,130,270,0.92857,130,100,230,0.76923,161,75
710,210,490,220,400,620,1.8182,180,310,490,1.7222,180,270,450,1.5,160,190,350,1.1875,140,130,270,0.92857,130,110,240,0.84615,161,75
700,220,480,210,410,620,1.9524,180,310,490,1.7222,180,270,450,1.5,170,190,360,1.1176,150,130,280,0.86667,130,100,230,0.76923,161,75
700,220,490,200,410,610,2.05,190,310,500,1.6316,180,270,450,1.5,160,190,350,1.1875,150,130,280,0.86667,130,110,240,0.84615,161,75
700,210,490,210,410,620,1.9524,180,320,500,1.7778,170,280,450,1.6471,170,200,370,1.1765,150,130,280,0.86667,130,100,230,0.76923,161,75
700,210,500,190,410,600,2.1579,170,310,480,1.8235,160,270,430,1.6875,150,190,340,1.2667,140,130,270,0.92857,130,110,240,0.84615,160,74
720,200,510,180,450,630,2.5,170,330,500,1.9412,160,290,450,1.8125,140,200,340,1.4286,130,130,260,1.0,120,110,230,0.91667,160,74
720,210,510,190,440,630,2.3158,170,330,500,1.9412,170,290,460,1.7059,150,210,360,1.4,130,130,260,1.0,130,110,240,0.84615,160,74
720,210,510,190,420,610,2.2105,170,320,490,1.8824,170,280,450,1.6471,160,200,360,1.25,130,130,260,1.0,130,100,230,0.76923,160,74
720,210,510,200,420,620,2.1,180,330,510,1.8333,170,290,460,1.7059,160,200,360,1.25,140,130,270,0.92857,130,110,240,0.84615,160,74
730,210,510,200,410,610,2.05,180,320,500,1.7778,170,280,450,1.6471,160,200,360,1.25,140,130,270,0.92857,130,100,230,0.76923,161,74
710,220,480,210,440,650,2.0952,180,320,500,1.7778,180,280,460,1.5556,170,200,370,1.1765,140,130,270,0.92857,140,100,240,0.71429,161,74
720,230,490,210,400,610,1.9048,190,300,490,1.5789,180,250,430,1.3889,170,200,370,1.1765,150,130,280,0.86667,130,110,240,0.84615,161,74
700,230,480,210,400,610,1.9048,200,310,510,1.55,190,260,450,1.3684,170,190,360,1.1176,160,130,290,0.8125,140,100,240,0.71429,161,74
710,220,490,200,400,600,2.0,190,310,500,1.6316,180,270,450,1.5,160,190,350,1.1875,150,130,280,0.86667,130,110,240,0.84615,161,74
710,220,500,200,410,610,2.05,180,310,490,1.7222,180,270,450,1.5,160,200,360,1.25,140,120,260,0.85714,140,90,230,0.64286,161,74
720,210,490,200,490,690,2.45,180,340,520,1.8889,170,290,460,1.7059,160,210,370,1.3125,140,130,270,0.92857,130,100,230,0.76923,161,74
680,230,480,210,490,700,2.3333,200,370,570,1.85,190,310,500,1.6316,170,210,380,1.2353,150,130,280,0.86667,140,100,240,0.71429,160,74
710,200,500,220,410,630,1.8636,180,310,490,1.7222,170,270,440,1.5882,160,190,350,1.1875,140,130,270,0.92857,130,100,230,0.76923,160,74
720,210,500,200,410,610,2.05,180,300,480,1.6667,170,270,440,1.5882,160,190,350,1.1875,140,130,270,0.92857,120,100,220,0.8333299999999999,161,74
710,220,490,200,430,630,2.15,190,320,510,1.6842,180,270,450,1.5,160,190,350,1.1875,150,130,280,0.86667,140,100,240,0.71429,161,74
690,220,480,230,400,630,1.7391,190,310,500,1.6316,190,270,460,1.4211,170,190,360,1.1176,150,120,270,0.8,140,100,240,0.71429,161,74
700,210,500,200,420,620,2.1,170,310,480,1.8235,170,270,440,1.5882,160,190,350,1.1875,140,130,270,0.92857,130,100,230,0.76923,161,74
730,200,510,180,440,620,2.4444,170,330,500,1.9412,160,280,440,1.75,140,200,340,1.4286,130,140,270,1.0769,120,110,230,0.91667,161,74
710,220,500,190,440,630,2.3158,180,330,510,1.8333,170,280,450,1.6471,150,200,350,1.3333,140,130,270,0.92857,130,110,240,0.84615,161,75
720,210,500,190,410,600,2.1579,180,320,500,1.7778,170,280,450,1.6471,150,200,350,1.3333,140,130,270,0.92857,130,110,240,0.84615,161,75
710,220,480,200,410,610,2.05,180,310,490,1.7222,180,270,450,1.5,160,190,350,1.1875,140,120,260,0.85714,140,100,240,0.71429,160,75
700,230,470,210,430,640,2.0476,200,310,510,1.55,190,270,460,1.4211,170,180,350,1.0588,150,120,270,0.8,140,90,230,0.64286,160,75
700,230,470,210,400,610,1.9048,190,310,500,1.6316,190,270,460,1.4211,170,190,360,1.1176,150,130,280,0.86667,140,100,240,0.71429,160,75
690,230,480,250,410,660,1.64,210,320,530,1.5238,200,280,480,1.4,170,200,370,1.1765,160,130,290,0.8125,140,100,240,0.71429,160,74
690,210,480,230,400,630,1.7391,180,310,490,1.7222,180,270,450,1.5,160,200,360,1.25,140,130,270,0.92857,130,110,240,0.84615,159,74
700,210,500,190,410,600,2.1579,170,310,480,1.8235,160,270,430,1.6875,150,190,340,1.2667,140,130,270,0.92857,120,100,220,0.8333299999999999,159,74
710,200,420,190,430,620,2.2632,170,320,490,1.8824,170,280,450,1.6471,150,200,350,1.3333,130,130,260,1.0,120,100,220,0.8333299999999999,159,74
700,290,490,200,460,660,2.3,180,340,520,1.8889,170,290,460,1.7059,160,200,360,1.25,140,140,280,1.0,130,100,230,0.76923,159,73
710,210,490,190,400,590,2.1053,180,310,490,1.7222,170,270,440,1.5882,150,190,340,1.2667,140,130,270,0.92857,120,110,230,0.91667,159,74
710,220,490,210,410,620,1.9524,190,330,520,1.7368,170,280,450,1.6471,160,200,360,1.25,140,130,270,0.92857,130,100,230,0.76923,159,74
700,220,490,200,400,600,2.0,180,300,480,1.6667,170,260,430,1.5294,160,180,340,1.125,140,130,270,0.92857,130,100,230,0.76923,160,75
700,210,480,200,400,600,2.0,180,310,490,1.7222,180,270,450,1.5,160,190,350,1.1875,140,130,270,0.92857,130,110,240,0.84615,160,75
700,220,490,200,390,590,1.95,190,310,500,1.6316,180,270,450,1.5,160,190,350,1.1875,150,140,290,0.93333,130,100,230,0.76923,160,75
700,210,480,200,400,600,2.0,180,310,490,1.7222,180,270,450,1.5,160,190,350,1.1875,140,130,270,0.92857,130,100,230,0.76923,160,75
690,220,480,200,390,590,1.95,180,300,480,1.6667,170,260,430,1.5294,160,180,340,1.125,150,120,270,0.8,130,100,230,0.76923,159,74
700,210,490,190,450,640,2.3684,170,350,520,2.0588,170,290,460,1.7059,150,190,340,1.2667,130,130,260,1.0,130,100,230,0.76923,159,74
700,210,480,190,410,600,2.1579,180,310,490,1.7222,170,270,440,1.5882,150,190,340,1.2667,140,130,270,0.92857,130,100,230,0.76923,159,74
690,220,480,200,400,600,2.0,180,300,480,1.6667,170,260,430,1.5294,160,180,340,1.125,140,130,270,0.92857,130,90,220,0.69231,160,74
710,210,480,190,400,590,2.1053,180,310,490,1.7222,170,270,440,1.5882,150,190,340,1.2667,140,130,270,0.92857,130,110,240,0.84615,160,74
690,230,480,210,400,610,1.9048,190,300,490,1.5789,180,260,440,1.4444,170,180,350,1.0588,150,130,280,0.86667,130,90,220,0.69231,160,74
710,210,490,200,400,600,2.0,180,320,500,1.7778,170,280,450,1.6471,150,200,350,1.3333,140,140,280,1.0,130,110,240,0.84615,160,74
680,220,480,210,380,590,1.8095,190,290,480,1.5263,180,250,430,1.3889,170,170,340,1.0,150,130,280,0.86667,140,90,230,0.64286,160,74
690,200,480,190,400,590,2.1053,170,300,470,1.7647,170,270,440,1.5882,150,190,340,1.2667,130,130,260,1.0,130,100,230,0.76923,160,74
700,210,480,190,400,590,2.1053,170,310,480,1.8235,170,270,440,1.5882,150,190,340,1.2667,140,120,260,0.85714,130,100,230,0.76923,160,74
680,220,470,200,390,590,1.95,180,290,470,1.6111,180,260,440,1.4444,160,180,340,1.125,140,120,260,0.85714,130,100,230,0.76923,161,74
710,210,480,190,400,590,2.1053,180,300,480,1.6667,170,250,420,1.4706,150,170,320,1.1333,140,120,260,0.85714,130,110,240,0.84615,161,74
690,230,470,210,400,610,1.9048,200,300,500,1.5,190,260,450,1.3684,170,180,350,1.0588,160,120,280,0.75,140,90,230,0.64286,161,74
680,220,470,210,390,600,1.8571,190,300,490,1.5789,180,260,440,1.4444,170,180,350,1.0588,150,120,270,0.8,140,90,230,0.64286,161,74
690,210,480,200,400,600,2.0,180,310,490,1.7222,180,260,440,1.4444,160,190,350,1.1875,140,120,260,0.85714,130,100,230,0.76923,161,74
690,210,480,190,400,590,2.1053,180,310,490,1.7222,170,270,440,1.5882,150,190,340,1.2667,140,120,260,0.85714,130,100,230,0.76923,161,74
700,210,490,190,420,610,2.2105,170,320,490,1.8824,160,270,430,1.6875,150,190,340,1.2667,140,130,270,0.92857,120,100,220,0.8333299999999999,161,74
700,210,480,190,440,630,2.3158,180,340,520,1.8889,170,300,470,1.7647,160,220,380,1.375,140,160,300,1.1429,130,120,250,0.92308,161,74
700,220,490,200,420,620,2.1,180,310,490,1.7222,170,270,440,1.5882,160,180,340,1.125,150,130,280,0.86667,130,100,230,0.76923,163,74
700,210,490,200,410,610,2.05,180,320,500,1.7778,180,270,450,1.5,160,190,350,1.1875,140,130,270,0.92857,140,110,250,0.78571,163,74
700,210,490,190,400,590,2.1053,170,300,470,1.7647,160,260,420,1.625,160,180,340,1.125,140,120,260,0.85714,120,100,220,0.8333299999999999,164,75
700,210,490,190,410,600,2.1579,180,320,500,1.7778,170,270,440,1.5882,160,200,360,1.25,140,130,270,0.92857,130,110,240,0.84615,165,75
680,210,490,200,410,610,2.05,180,310,490,1.7222,170,270,440,1.5882,160,190,350,1.1875,140,130,270,0.92857,130,100,230,0.76923,166,76
700,190,500,170,420,590,2.4706,160,320,480,2.0,160,280,440,1.75,140,200,340,1.4286,120,140,260,1.1667,120,110,230,0.91667,166,76
700,200,500,180,420,600,2.3333,160,320,480,2.0,150,280,430,1.8667,140,200,340,1.4286,130,140,270,1.0769,110,110,220,1.0,166,76
700,200,500,180,420,600,2.3333,160,320,480,2.0,160,280,440,1.75,140,200,340,1.4286,120,140,260,1.1667,120,110,230,0.91667,166,76
700,200,510,180,440,620,2.4444,160,340,500,2.125,150,280,430,1.8667,140,200,340,1.4286,120,140,260,1.1667,100,120,220,1.2,166,76
700,190,500,170,420,590,2.4706,160,320,480,2.0,150,280,430,1.8667,140,200,340,1.4286,120,140,260,1.1667,110,120,230,1.0909,166,75
700,200,500,180,420,600,2.3333,160,320,480,2.0,150,280,430,1.8667,140,200,340,1.4286,120,150,270,1.25,110,120,230,1.0909,166,75
690,200,490,190,410,600,2.1579,160,310,470,1.9375,160,270,430,1.6875,150,190,340,1.2667,130,140,270,1.0769,120,110,230,0.91667,166,75
700,200,500,180,410,590,2.2778,160,330,490,2.0625,150,280,430,1.8667,140,210,350,1.5,130,150,280,1.1538,110,120,230,1.0909,165,74
690,200,500,180,410,590,2.2778,160,310,470,1.9375,150,270,420,1.8,140,190,330,1.3571,130,140,270,1.0769,110,110,220,1.0,164,74
690,190,500,170,420,590,2.4706,160,310,470,1.9375,150,270,420,1.8,140,190,330,1.3571,120,140,260,1.1667,120,100,220,0.8333299999999999,164,74
700,190,510,170,420,590,2.4706,150,320,470,2.1333,150,280,430,1.8667,130,200,330,1.5385,120,130,250,1.0833,110,110,220,1.0,162,72
700,190,500,170,430,600,2.5294,150,320,470,2.1333,150,280,430,1.8667,140,190,330,1.3571,120,140,260,1.1667,110,110,220,1.0,161,72
700,200,500,170,420,590,2.4706,160,320,480,2.0,150,280,430,1.8667,130,200,330,1.5385,130,140,270,1.0769,110,110,220,1.0,160,71
700,200,500,180,410,590,2.2778,160,310,470,1.9375,150,270,420,1.8,140,190,330,1.3571,120,140,260,1.1667,110,110,220,1.0,160,71
700,200,500,180,450,630,2.5,170,330,500,1.9412,160,290,450,1.8125,140,210,350,1.5,130,140,270,1.0769,120,110,230,0.91667,160,71
700,200,500,180,410,590,2.2778,160,310,470,1.9375,150,270,420,1.8,140,200,340,1.4286,130,140,270,1.0769,110,110,220,1.0,158,70
690,200,490,180,410,590,2.2778,170,310,480,1.8235,160,270,430,1.6875,140,200,340,1.4286,130,140,270,1.0769,120,110,230,0.91667,158,70
690,200,500,180,410,590,2.2778,160,310,470,1.9375,150,280,430,1.8667,140,200,340,1.4286,120,140,260,1.1667,110,110,220,1.0,157,70
680,190,500,170,410,580,2.4118,150,310,460,2.0667,150,270,420,1.8,130,190,320,1.4615,110,140,250,1.2727,110,110,220,1.0,156,69
710,180,510,160,430,590,2.6875,140,330,470,2.3571,140,290,430,2.0714,120,200,320,1.6667,110,150,260,1.3636,100,110,210,1.1,156,69
700,200,500,180,440,620,2.4444,160,320,480,2.0,150,280,430,1.8667,140,200,340,1.4286,130,140,270,1.0769,110,110,220,1.0,155,69
700,200,510,180,410,590,2.2778,160,310,470,1.9375,160,270,430,1.6875,140,190,330,1.3571,120,140,260,1.1667,120,110,230,0.91667,155,68
690,190,490,170,410,580,2.4118,150,310,460,2.0667,140,280,420,2.0,140,200,340,1.4286,120,140,260,1.1667,110,110,220,1.0,155,68
710,200,500,190,400,590,2.1053,160,310,470,1.9375,150,290,440,1.9333,140,200,340,1.4286,120,150,270,1.25,110,110,220,1.0,155,68
690,210,490,190,400,590,2.1053,180,310,490,1.7222,170,270,440,1.5882,150,200,350,1.3333,140,130,270,0.92857,130,110,240,0.84615,154,68
700,200,510,180,430,610,2.3889,160,320,480,2.0,150,280,430,1.8667,140,200,340,1.4286,120,150,270,1.25,110,110,220,1.0,153,68
700,190,510,170,430,600,2.5294,160,330,490,2.0625,150,280,430,1.8667,130,200,330,1.5385,120,140,260,1.1667,110,110,220,1.0,153,68
700,190,510,170,430,600,2.5294,150,320,470,2.1333,150,280,430,1.8667,130,200,330,1.5385,120,140,260,1.1667,110,110,220,1.0,153,68
700,190,510,170,440,610,2.5882,150,330,480,2.2,150,290,440,1.9333,130,210,340,1.6154,120,140,260,1.1667,110,120,230,1.0909,153,68
710,190,510,170,440,610,2.5882,150,340,490,2.2667,150,300,450,2.0,130,220,350,1.6923,110,150,260,1.3636,110,120,230,1.0909,153,68
710,200,510,180,430,610,2.3889,160,320,480,2.0,150,280,430,1.8667,140,200,340,1.4286,120,150,270,1.25,110,120,230,1.0909,153,68
710,200,500,180,410,590,2.2778,170,320,490,1.8824,160,270,430,1.6875,140,200,340,1.4286,130,140,270,1.0769,120,110,230,0.91667,153,68
700,210,500,200,400,600,2.0,170,300,470,1.7647,160,260,420,1.625,160,180,340,1.125,130,130,260,1.0,120,110,230,0.91667,153,68
710,200,510,180,410,590,2.2778,170,320,490,1.8824,160,280,440,1.75,140,200,340,1.4286,130,140,270,1.0769,110,120,230,1.0909,153,68
690,200,500,190,410,600,2.1579,170,310,480,1.8235,170,280,450,1.6471,140,200,340,1.4286,130,130,260,1.0,120,110,230,0.91667,152,67
710,190,510,170,440,610,2.5882,150,330,480,2.2,150,290,440,1.9333,130,210,340,1.6154,110,150,260,1.3636,100,120,220,1.2,152,67
710,200,510,170,420,590,2.4706,160,320,480,2.0,150,280,430,1.8667,130,200,330,1.5385,120,130,250,1.0833,110,110,220,1.0,152,67
720,200,510,180,420,600,2.3333,160,310,470,1.9375,150,270,420,1.8,140,190,330,1.3571,120,140,260,1.1667,110,110,220,1.0,152,67
680,200,470,180,370,550,2.0556,160,280,440,1.75,150,240,390,1.6,140,160,300,1.1429,120,120,240,1.0,110,100,210,0.90909,173,89
670,210,460,200,360,560,1.8,180,260,440,1.4444,170,220,390,1.2941,150,150,300,1.0,140,110,250,0.78571,120,90,210,0.75,173,89
640,210,430,190,370,560,1.9474,170,250,420,1.4706,170,210,380,1.2353,150,130,280,0.86667,130,90,220,0.69231,120,80,200,0.66667,173,89
660,210,450,180,360,540,2.0,170,260,430,1.5294,160,220,380,1.375,140,150,290,1.0714,130,110,240,0.84615,110,90,200,0.81818,173,89
660,210,460,190,360,550,1.8947,170,270,440,1.5882,160,230,390,1.4375,150,150,300,1.0,130,110,240,0.84615,110,100,210,0.90909,173,89
670,200,450,180,350,530,1.9444,170,260,430,1.5294,160,220,380,1.375,140,150,290,1.0714,120,110,230,0.91667,110,90,200,0.81818,172,89
660,220,440,200,340,540,1.7,180,260,440,1.4444,170,220,390,1.2941,160,140,300,0.875,140,100,240,0.71429,120,90,210,0.75,171,89
660,220,430,200,360,560,1.8,180,260,440,1.4444,180,220,400,1.2222,150,150,300,1.0,140,110,250,0.78571,130,90,220,0.69231,171,89
650,230,430,210,340,550,1.619,190,250,440,1.3158,180,220,400,1.2222,160,140,300,0.875,150,100,250,0.66667,130,90,220,0.69231,171,88
650,220,430,200,360,560,1.8,180,260,440,1.4444,170,220,390,1.2941,160,150,310,0.9375,140,110,250,0.78571,130,90,220,0.69231,170,88
650,220,430,200,340,540,1.7,180,260,440,1.4444,180,220,400,1.2222,150,150,300,1.0,140,110,250,0.78571,120,90,210,0.75,170,88
660,220,430,190,380,570,2.0,180,270,450,1.5,170,230,400,1.3529,150,150,300,1.0,130,110,240,0.84615,120,100,220,0.8333299999999999,170,88
640,230,430,210,330,540,1.5714,190,250,440,1.3158,180,210,390,1.1667,160,140,300,0.875,140,100,240,0.71429,130,90,220,0.69231,171,88
650,210,430,190,350,540,1.8421,170,260,430,1.5294,170,220,390,1.2941,150,150,300,1.0,130,110,240,0.84615,120,90,210,0.75,171,88
640,220,430,200,350,550,1.75,180,260,440,1.4444,180,220,400,1.2222,150,140,290,0.93333,140,100,240,0.71429,120,80,200,0.66667,172,89
660,210,430,190,350,540,1.8421,180,260,440,1.4444,170,230,400,1.3529,150,160,310,1.0667,130,110,240,0.84615,120,90,210,0.75,173,89
640,230,420,210,330,540,1.5714,200,250,450,1.25,190,210,400,1.1053,160,140,300,0.875,150,100,250,0.66667,130,90,220,0.69231,173,89
650,220,420,200,340,540,1.7,180,250,430,1.3889,170,210,380,1.2353,160,140,300,0.875,130,100,230,0.76923,120,90,210,0.75,176,91
640,220,410,210,330,540,1.5714,190,250,440,1.3158,180,210,390,1.1667,160,140,300,0.875,140,100,240,0.71429,130,90,220,0.69231,179,93
630,230,400,210,330,540,1.5714,190,240,430,1.2632,180,200,380,1.1111,160,140,300,0.875,150,100,250,0.66667,130,80,210,0.61538,179,93
630,230,410,200,330,530,1.65,190,240,430,1.2632,180,210,390,1.1667,160,140,300,0.875,150,110,260,0.73333,130,90,220,0.69231,180,93
630,220,410,200,340,540,1.7,180,250,430,1.3889,180,210,390,1.1667,150,150,300,1.0,140,110,250,0.78571,120,90,210,0.75,180,93
640,220,410,200,330,530,1.65,180,250,430,1.3889,170,210,380,1.2353,150,150,300,1.0,130,110,240,0.84615,120,90,210,0.75,182,95
630,230,410,210,330,540,1.5714,190,250,440,1.3158,180,210,390,1.1667,160,130,290,0.8125,140,100,240,0.71429,130,90,220,0.69231,184,95
630,220,410,200,330,530,1.65,190,240,430,1.2632,170,210,380,1.2353,160,140,300,0.875,140,100,240,0.71429,120,90,210,0.75,184,95
640,220,420,190,330,520,1.7368,180,250,430,1.3889,170,210,380,1.2353,150,150,300,1.0,140,110,250,0.78571,120,90,210,0.75,185,96
630,220,410,200,330,530,1.65,190,240,430,1.2632,180,210,390,1.1667,160,140,300,0.875,140,110,250,0.78571,130,90,220,0.69231,185,96
630,220,410,200,320,520,1.6,180,240,420,1.3333,170,210,380,1.2353,150,140,290,0.93333,140,110,250,0.78571,130,90,220,0.69231,188,96
640,220,420,200,340,540,1.7,170,250,420,1.4706,170,210,380,1.2353,150,150,300,1.0,130,110,240,0.84615,120,90,210,0.75,188,96
640,220,420,200,330,530,1.65,180,250,430,1.3889,170,210,380,1.2353,160,130,290,0.8125,130,100,230,0.76923,130,90,220,0.69231,188,96
630,220,420,210,330,540,1.5714,180,250,430,1.3889,170,210,380,1.2353,160,140,300,0.875,140,100,240,0.71429,130,90,220,0.69231,189,96
640,210,430,190,350,540,1.8421,170,260,430,1.5294,160,220,380,1.375,150,140,290,0.93333,130,110,240,0.84615,120,100,220,0.8333299999999999,190,96
640,210,430,190,350,540,1.8421,170,260,430,1.5294,160,220,380,1.375,150,140,290,0.93333,130,110,240,0.84615,120,100,220,0.8333299999999999,190,96
650,210,440,190,350,540,1.8421,160,260,420,1.625,160,220,380,1.375,140,150,290,1.0714,120,120,240,1.0,120,100,220,0.8333299999999999,189,96
640,210,440,190,340,530,1.7895,170,250,420,1.4706,170,210,380,1.2353,140,140,280,1.0,130,110,240,0.84615,120,90,210,0.75,189,95
650,200,440,180,360,540,2.0,170,260,430,1.5294,160,220,380,1.375,140,150,290,1.0714,130,120,250,0.92308,110,100,210,0.90909,189,95
640,210,430,190,360,550,1.8947,180,260,440,1.4444,170,230,400,1.3529,150,150,300,1.0,130,110,240,0.84615,120,90,210,0.75,187,94
640,210,430,180,350,530,1.9444,170,260,430,1.5294,160,220,380,1.375,140,150,290,1.0714,130,120,250,0.92308,110,100,210,0.90909,187,94
640,210,430,180,360,540,2.0,170,270,440,1.5882,160,230,390,1.4375,140,160,300,1.1429,120,120,240,1.0,110,100,210,0.90909,186,93
640,210,420,190,370,560,1.9474,170,280,450,1.6471,160,230,390,1.4375,140,160,300,1.1429,130,120,250,0.92308,110,90,200,0.81818,183,91
640,220,430,200,340,540,1.7,180,270,450,1.5,180,240,420,1.3333,150,160,310,1.0667,140,120,260,0.85714,120,90,210,0.75,183,91
630,210,410,200,330,530,1.65,180,250,430,1.3889,170,220,390,1.2941,150,150,300,1.0,130,110,240,0.84615,120,90,210,0.75,181,90
630,220,410,210,340,550,1.619,180,250,430,1.3889,170,210,380,1.2353,150,150,300,1.0,130,110,240,0.84615,120,90,210,0.75,178,88
620,220,400,200,330,530,1.65,190,250,440,1.3158,180,220,400,1.2222,160,140,300,0.875,140,100,240,0.71429,120,90,210,0.75,178,88
630,220,400,210,330,540,1.5714,180,250,430,1.3889,180,220,400,1.2222,150,150,300,1.0,140,110,250,0.78571,120,90,210,0.75,176,87
640,220,400,200,330,530,1.65,180,250,430,1.3889,170,210,380,1.2353,160,140,300,0.875,130,100,230,0.76923,120,90,210,0.75,176,86
600,220,380,200,320,520,1.6,180,240,420,1.3333,170,200,370,1.1765,160,140,300,0.875,140,100,240,0.71429,120,80,200,0.66667,177,87
610,220,390,200,330,530,1.65,170,250,420,1.4706,160,220,380,1.375,150,140,290,0.93333,130,100,230,0.76923,120,90,210,0.75,179,88
610,220,390,200,320,520,1.6,180,240,420,1.3333,170,210,380,1.2353,160,140,300,0.875,130,100,230,0.76923,130,90,220,0.69231,183,91
600,220,390,200,320,520,1.6,180,240,420,1.3333,180,200,380,1.1111,160,130,290,0.8125,140,100,240,0.71429,120,80,200,0.66667,183,91
600,210,390,190,320,510,1.6842,180,240,420,1.3333,170,210,380,1.2353,150,140,290,0.93333,140,100,240,0.71429,120,80,200,0.66667,187,93
600,210,390,190,320,510,1.6842,180,240,420,1.3333,170,210,380,1.2353,150,140,290,0.93333,130,110,240,0.84615,120,90,210,0.75,187,93
600,210,390,190,320,510,1.6842,170,240,410,1.4118,160,210,370,1.3125,140,140,280,1.0,130,110,240,0.84615,110,90,200,0.81818,188,95
710,210,510,180,460,640,2.5556,160,350,510,2.1875,140,300,440,2.1429,130,210,340,1.6154,110,150,260,1.3636,100,110,210,1.1,139,61
710,200,510,170,430,600,2.5294,150,330,480,2.2,140,280,420,2.0,130,200,330,1.5385,110,140,250,1.2727,90,110,200,1.2222,139,61
730,200,530,160,420,580,2.625,150,320,470,2.1333,130,280,410,2.1538,120,210,330,1.75,100,140,240,1.4,80,120,200,1.5,139,61
720,200,520,170,440,610,2.5882,150,330,480,2.2,140,290,430,2.0714,130,210,340,1.6154,110,150,260,1.3636,90,120,210,1.3333,139,61
720,200,510,180,440,620,2.4444,160,330,490,2.0625,140,290,430,2.0714,130,210,340,1.6154,110,150,260,1.3636,90,120,210,1.3333,139,61
720,210,510,170,430,600,2.5294,150,330,480,2.2,140,280,420,2.0,130,210,340,1.6154,110,150,260,1.3636,90,120,210,1.3333,139,61
720,210,510,170,410,580,2.4118,160,320,480,2.0,140,280,420,2.0,130,210,340,1.6154,110,150,260,1.3636,90,130,220,1.4444,139,61
720,210,510,190,410,600,2.1579,170,320,490,1.8824,160,270,430,1.6875,130,200,330,1.5385,120,130,250,1.0833,100,110,210,1.1,138,61
700,210,500,180,410,590,2.2778,160,310,470,1.9375,150,270,420,1.8,130,190,320,1.4615,120,130,250,1.0833,100,100,200,1.0,138,61
730,200,510,170,430,600,2.5294,150,320,470,2.1333,140,280,420,2.0,120,210,330,1.75,100,150,250,1.5,90,110,200,1.2222,138,61
710,220,500,180,460,640,2.5556,160,360,520,2.25,150,310,460,2.0667,130,200,330,1.5385,120,140,260,1.1667,100,110,210,1.1,138,61
730,210,510,170,440,610,2.5882,150,330,480,2.2,140,290,430,2.0714,120,210,330,1.75,100,150,250,1.5,90,120,210,1.3333,138,61
720,220,500,190,420,610,2.2105,160,310,470,1.9375,160,270,430,1.6875,130,200,330,1.5385,120,140,260,1.1667,100,110,210,1.1,138,61
720,220,510,190,410,600,2.1579,160,300,460,1.875,150,260,410,1.7333,130,190,320,1.4615,120,130,250,1.0833,100,110,210,1.1,138,61
720,210,510,180,420,600,2.3333,160,320,480,2.0,150,280,430,1.8667,130,210,340,1.6154,110,140,250,1.2727,100,110,210,1.1,138,61
710,210,500,180,420,600,2.3333,160,320,480,2.0,150,280,430,1.8667,130,200,330,1.5385,110,140,250,1.2727,100,110,210,1.1,138,61
730,210,520,170,430,600,2.5294,150,320,470,2.1333,140,280,420,2.0,120,190,310,1.5833,100,140,240,1.4,90,110,200,1.2222,137,61
720,210,510,180,420,600,2.3333,160,320,480,2.0,150,280,430,1.8667,130,200,330,1.5385,110,140,250,1.2727,100,110,210,1.1,137,61
720,210,510,180,430,610,2.3889,160,330,490,2.0625,150,290,440,1.9333,120,200,320,1.6667,110,140,250,1.2727,100,110,210,1.1,137,61
720,210,520,180,460,640,2.5556,160,350,510,2.1875,150,300,450,2.0,120,210,330,1.75,110,140,250,1.2727,100,110,210,1.1,137,61
730,200,510,170,430,600,2.5294,150,330,480,2.2,140,290,430,2.0714,120,210,330,1.75,100,150,250,1.5,90,120,210,1.3333,137,61
720,220,510,180,440,620,2.4444,170,330,500,1.9412,160,290,450,1.8125,140,210,350,1.5,120,140,260,1.1667,100,120,220,1.2,137,61
710,210,510,190,410,600,2.1579,170,330,500,1.9412,160,290,450,1.8125,130,210,340,1.6154,120,140,260,1.1667,100,110,210,1.1,137,61
720,200,510,190,420,610,2.2105,160,320,480,2.0,150,280,430,1.8667,130,210,340,1.6154,110,140,250,1.2727,100,120,220,1.2,137,61
710,210,510,170,450,620,2.6471,160,320,480,2.0,150,280,430,1.8667,130,200,330,1.5385,110,140,250,1.2727,100,110,210,1.1,137,61
720,200,510,170,440,610,2.5882,150,350,500,2.3333,140,310,450,2.2143,120,220,340,1.8333,110,150,260,1.3636,90,120,210,1.3333,136,60
710,210,510,180,430,610,2.3889,150,330,480,2.2,150,290,440,1.9333,120,220,340,1.8333,110,150,260,1.3636,90,120,210,1.3333,136,60
720,200,510,170,460,630,2.7059,150,360,510,2.4,140,300,440,2.1429,120,220,340,1.8333,100,160,260,1.6,90,120,210,1.3333,136,60
720,210,510,180,430,610,2.3889,150,320,470,2.1333,140,280,420,2.0,120,200,320,1.6667,100,140,240,1.4,90,120,210,1.3333,136,60
710,210,500,180,410,590,2.2778,160,320,480,2.0,140,280,420,2.0,130,200,330,1.5385,110,140,250,1.2727,100,110,210,1.1,136,60
710,210,500,190,410,600,2.1579,160,310,470,1.9375,150,280,430,1.8667,130,210,340,1.6154,110,150,260,1.3636,100,120,220,1.2,136,60
710,210,510,180,430,610,2.3889,160,330,490,2.0625,150,280,430,1.8667,130,200,330,1.5385,110,140,250,1.2727,90,110,200,1.2222,135,60
710,200,510,180,430,610,2.3889,150,330,480,2.2,140,280,420,2.0,120,200,320,1.6667,110,150,260,1.3636,90,120,210,1.3333,135,60
720,200,520,170,440,610,2.5882,140,330,470,2.3571,140,280,420,2.0,120,200,320,1.6667,100,140,240,1.4,90,120,210,1.3333,135,60
720,200,510,180,440,620,2.4444,150,340,490,2.2667,140,300,440,2.1429,130,210,340,1.6154,100,150,250,1.5,100,120,220,1.2,135,60
750,210,510,180,420,600,2.3333,160,320,480,2.0,150,280,430,1.8667,130,200,330,1.5385,110,140,250,1.2727,100,110,210,1.1,134,60
680,240,470,210,390,600,1.8571,190,290,480,1.5263,180,250,430,1.3889,160,180,340,1.125,140,130,270,0.92857,130,90,220,0.69231,134,60
720,210,510,180,440,620,2.4444,160,330,490,2.0625,150,290,440,1.9333,130,210,340,1.6154,110,150,260,1.3636,90,120,210,1.3333,134,60
730,210,520,180,420,600,2.3333,160,330,490,2.0625,150,290,440,1.9333,130,210,340,1.6154,110,150,260,1.3636,90,120,210,1.3333,134,60
720,210,510,200,420,620,2.1,180,320,500,1.7778,160,280,440,1.75,140,200,340,1.4286,120,140,260,1.1667,100,110,210,1.1,134,60
720,210,520,190,430,620,2.2632,160,330,490,2.0625,150,290,440,1.9333,140,210,350,1.5,110,150,260,1.3636,100,120,220,1.2,134,60
720,200,500,180,430,610,2.3889,150,340,490,2.2667,140,290,430,2.0714,130,220,350,1.6923,100,160,260,1.6,100,120,220,1.2,133,59
720,220,520,180,450,630,2.5,150,350,500,2.3333,140,300,440,2.1429,130,210,340,1.6154,100,150,250,1.5,100,120,220,1.2,133,59
730,200,520,170,450,620,2.6471,140,340,480,2.4286,140,300,440,2.1429,120,210,330,1.75,100,150,250,1.5,90,120,210,1.3333,133,59
730,210,520,180,470,650,2.6111,150,330,480,2.2,150,280,430,1.8667,120,200,320,1.6667,110,130,240,1.1818,100,110,210,1.1,133,59
730,210,510,170,440,610,2.5882,150,340,490,2.2667,140,290,430,2.0714,120,210,330,1.75,110,150,260,1.3636,90,120,210,1.3333,133,59
720,220,510,180,430,610,2.3889,160,330,490,2.0625,150,280,430,1.8667,130,210,340,1.6154,110,140,250,1.2727,90,110,200,1.2222,133,59
720,210,520,180,410,590,2.2778,160,320,480,2.0,140,280,420,2.0,130,210,340,1.6154,110,150,260,1.3636,90,120,210,1.3333,133,59
730,200,530,180,430,610,2.3889,160,330,490,2.0625,140,290,430,2.0714,130,210,340,1.6154,110,150,260,1.3636,90,120,210,1.3333,133,59
720,200,520,180,440,620,2.4444,150,340,490,2.2667,140,290,430,2.0714,130,210,340,1.6154,100,150,250,1.5,90,120,210,1.3333,132,58
730,200,520,180,430,610,2.3889,150,330,480,2.2,140,280,420,2.0,120,210,330,1.75,100,150,250,1.5,90,120,210,1.3333,132,58
730,210,520,180,460,640,2.5556,150,360,510,2.4,140,310,450,2.2143,120,220,340,1.8333,110,150,260,1.3636,90,120,210,1.3333,132,58
740,210,520,170,450,620,2.6471,160,340,500,2.125,140,300,440,2.1429,120,210,330,1.75,110,140,250,1.2727,90,120,210,1.3333,131,58
700,220,510,180,440,620,2.4444,170,340,510,2.0,150,290,440,1.9333,140,200,340,1.4286,110,140,250,1.2727,100,120,220,1.2,131,58
720,210,520,180,440,620,2.4444,150,340,490,2.2667,150,290,440,1.9333,130,210,340,1.6154,110,150,260,1.3636,100,110,210,1.1,131,58
740,200,530,180,430,610,2.3889,150,340,490,2.2667,140,290,430,2.0714,120,220,340,1.8333,100,150,250,1.5,80,130,210,1.625,131,58
730,210,520,190,430,620,2.2632,170,330,500,1.9412,160,290,450,1.8125,130,210,340,1.6154,110,150,260,1.3636,100,120,220,1.2,130,57
720,210,520,180,420,600,2.3333,150,320,470,2.1333,140,280,420,2.0,130,200,330,1.5385,110,140,250,1.2727,100,110,210,1.1,130,57
740,200,530,170,460,630,2.7059,140,360,500,2.5714,140,310,450,2.2143,120,230,350,1.9167,100,160,260,1.6,90,120,210,1.3333,130,57
720,210,510,180,440,620,2.4444,160,340,500,2.125,150,300,450,2.0,120,220,340,1.8333,110,140,250,1.2727,100,120,220,1.2,130,57
720,210,520,180,460,640,2.5556,160,360,520,2.25,150,290,440,1.9333,120,210,330,1.75,110,140,250,1.2727,100,120,220,1.2,130,57
730,200,510,170,420,590,2.4706,150,330,480,2.2,140,290,430,2.0714,120,210,330,1.75,100,140,240,1.4,80,120,200,1.5,130,57
720,220,510,180,420,600,2.3333,160,330,490,2.0625,150,290,440,1.9333,130,210,340,1.6154,110,140,250,1.2727,90,110,200,1.2222,130,57
730,210,520,190,420,610,2.2105,170,320,490,1.8824,150,280,430,1.8667,130,190,320,1.4615,120,150,270,1.25,100,120,220,1.2,129,57
720,210,510,190,420,610,2.2105,160,320,480,2.0,150,280,430,1.8667,140,200,340,1.4286,120,150,270,1.25,100,120,220,1.2,129,57
720,210,510,180,430,610,2.3889,150,320,470,2.1333,140,280,420,2.0,130,200,330,1.5385,110,140,250,1.2727,100,110,210,1.1,129,57
730,210,520,180,450,630,2.5,150,350,500,2.3333,140,300,440,2.1429,130,220,350,1.6923,100,150,250,1.5,100,120,220,1.2,129,57
740,210,520,180,460,640,2.5556,150,350,500,2.3333,150,300,450,2.0,130,210,340,1.6154,110,150,260,1.3636,100,110,210,1.1,129,57
730,220,520,190,440,630,2.3158,170,330,500,1.9412,160,290,450,1.8125,130,210,340,1.6154,120,150,270,1.25,100,120,220,1.2,129,57
740,210,520,180,440,620,2.4444,150,340,490,2.2667,140,290,430,2.0714,130,210,340,1.6154,100,150,250,1.5,100,120,220,1.2,129,57
720,220,510,190,460,650,2.4211,160,350,510,2.1875,160,300,460,1.875,130,220,350,1.6923,120,150,270,1.25,100,120,220,1.2,129,57
730,210,530,190,460,650,2.4211,160,360,520,2.25,150,310,460,2.0667,120,230,350,1.9167,110,160,270,1.4545,90,130,220,1.4444,129,57
730,200,530,170,440,610,2.5882,150,340,490,2.2667,140,300,440,2.1429,120,220,340,1.8333,100,160,260,1.6,90,130,220,1.4444,129,57
730,200,530,180,440,620,2.4444,150,350,500,2.3333,140,300,440,2.1429,120,220,340,1.8333,100,160,260,1.6,100,120,220,1.2,129,57
740,200,530,170,470,640,2.7647,150,360,510,2.4,140,290,430,2.0714,120,220,340,1.8333,100,150,250,1.5,90,120,210,1.3333,129,57
730,210,520,180,450,630,2.5,160,340,500,2.125,140,290,430,2.0714,130,210,340,1.6154,110,140,250,1.2727,90,120,210,1.3333,129,57
730,210,520,180,480,660,2.6667,150,360,510,2.4,140,310,450,2.2143,130,220,350,1.6923,100,160,260,1.6,100,120,220,1.2,129,57
750,210,540,180,450,630,2.5,150,360,510,2.4,140,320,460,2.2857,120,240,360,2.0,100,160,260,1.6,90,130,220,1.4444,129,57
740,210,520,180,430,610,2.3889,160,320,480,2.0,150,280,430,1.8667,140,200,340,1.4286,110,140,250,1.2727,100,110,210,1.1,129,57
730,220,520,190,440,630,2.3158,160,340,500,2.125,160,300,460,1.875,140,210,350,1.5,120,140,260,1.1667,110,120,230,1.0909,129,57
740,210,530,200,430,630,2.15,170,330,500,1.9412,160,280,440,1.75,130,200,330,1.5385,110,130,240,1.1818,100,100,200,1.0,129,57
730,210,530,190,440,630,2.3158,160,340,500,2.125,150,300,450,2.0,130,210,340,1.6154,110,150,260,1.3636,100,110,210,1.1,129,57
750,200,540,170,450,620,2.6471,150,340,490,2.2667,140,300,440,2.1429,130,220,350,1.6923,100,150,250,1.5,90,130,220,1.4444,128,57
740,210,530,190,500,690,2.6316,160,370,530,2.3125,150,310,460,2.0667,130,230,360,1.7692,110,150,260,1.3636,100,120,220,1.2,128,57
760,210,540,170,470,640,2.7647,160,360,520,2.25,140,310,450,2.2143,130,220,350,1.6923,100,160,260,1.6,90,130,220,1.4444,128,57
740,220,520,200,440,640,2.2,170,330,500,1.9412,160,290,450,1.8125,130,210,340,1.6154,120,140,260,1.1667,110,110,220,1.0,127,56
750,220,530,190,450,640,2.3684,160,350,510,2.1875,150,300,450,2.0,130,220,350,1.6923,110,150,260,1.3636,100,120,220,1.2,128,56
750,220,530,190,440,630,2.3158,170,340,510,2.0,150,300,450,2.0,140,210,350,1.5,110,150,260,1.3636,100,120,220,1.2,128,56
740,220,530,210,440,650,2.0952,170,330,500,1.9412,170,280,450,1.6471,140,210,350,1.5,120,160,280,1.3333,110,120,230,1.0909,128,56
740,210,530,190,450,640,2.3684,160,350,510,2.1875,150,310,460,2.0667,130,220,350,1.6923,110,150,260,1.3636,100,120,220,1.2,127,56
770,210,530,180,450,630,2.5,160,350,510,2.1875,150,300,450,2.0,130,220,350,1.6923,110,160,270,1.4545,90,120,210,1.3333,126,56
720,240,500,210,470,680,2.2381,180,340,520,1.8889,180,300,480,1.6667,150,210,360,1.4,130,140,270,1.0769,110,110,220,1.0,126,56
750,220,530,190,470,660,2.4737,160,360,520,2.25,150,310,460,2.0667,130,220,350,1.6923,100,160,260,1.6,100,120,220,1.2,126,56
750,220,530,190,440,630,2.3158,170,340,510,2.0,150,300,450,2.0,130,210,340,1.6154,110,160,270,1.4545,100,130,230,1.3,126,56
730,220,520,200,430,630,2.15,160,330,490,2.0625,160,290,450,1.8125,130,210,340,1.6154,120,140,260,1.1667,110,110,220,1.0,126,56
760,210,540,180,450,630,2.5,160,350,510,2.1875,140,310,450,2.2143,130,230,360,1.7692,100,170,270,1.7,90,130,220,1.4444,126,56
730,220,530,200,430,630,2.15,170,350,520,2.0588,160,300,460,1.875,130,210,340,1.6154,120,150,270,1.25,110,120,230,1.0909,126,56
750,200,540,180,460,640,2.5556,150,360,510,2.4,140,310,450,2.2143,120,240,360,2.0,100,160,260,1.6,90,130,220,1.4444,126,56
730,210,520,180,440,620,2.4444,160,340,500,2.125,140,300,440,2.1429,130,220,350,1.6923,110,150,260,1.3636,90,120,210,1.3333,125,55
720,210,520,180,470,650,2.6111,160,360,520,2.25,150,320,470,2.1333,140,210,350,1.5,110,150,260,1.3636,100,120,220,1.2,125,55
760,200,540,180,470,650,2.6111,150,360,510,2.4,140,320,460,2.2857,120,240,360,2.0,100,160,260,1.6,90,130,220,1.4444,125,55
740,220,530,190,440,630,2.3158,170,340,510,2.0,160,300,460,1.875,140,210,350,1.5,120,150,270,1.25,100,120,220,1.2,125,55
770,210,540,180,450,630,2.5,160,350,510,2.1875,150,310,460,2.0667,120,230,350,1.9167,110,170,280,1.5455,90,140,230,1.5556,125,55
760,230,530,200,460,660,2.3,170,360,530,2.1176,160,310,470,1.9375,140,220,360,1.5714,120,160,280,1.3333,110,130,240,1.1818,125,55
780,210,550,180,500,680,2.7778,160,400,560,2.5,150,350,500,2.3333,130,240,370,1.8462,100,160,260,1.6,90,130,220,1.4444,118,53
760,230,530,200,450,650,2.25,170,340,510,2.0,160,300,460,1.875,140,220,360,1.5714,120,150,270,1.25,110,120,230,1.0909,118,53
760,230,540,200,460,660,2.3,170,350,520,2.0588,160,300,460,1.875,140,220,360,1.5714,120,150,270,1.25,110,120,230,1.0909,118,53
780,220,550,200,460,660,2.3,160,350,510,2.1875,160,300,460,1.875,130,220,350,1.6923,120,140,260,1.1667,100,110,210,1.1,118,53
760,230,540,200,450,650,2.25,180,350,530,1.9444,170,310,480,1.8235,140,220,360,1.5714,120,160,280,1.3333,110,120,230,1.0909,117,53
760,220,540,190,440,630,2.3158,170,350,520,2.0588,160,310,470,1.9375,140,220,360,1.5714,110,160,270,1.4545,100,120,220,1.2,117,52
760,220,550,190,470,660,2.4737,170,360,530,2.1176,150,320,470,2.1333,140,230,370,1.6429,110,160,270,1.4545,100,120,220,1.2,117,52
770,210,550,180,480,660,2.6667,160,370,530,2.3125,150,320,470,2.1333,130,240,370,1.8462,110,160,270,1.4545,100,130,230,1.3,117,52
770,220,550,190,490,680,2.5789,170,390,560,2.2941,160,340,500,2.125,140,230,370,1.6429,110,160,270,1.4545,100,130,230,1.3,117,52
770,220,540,200,460,660,2.3,170,350,520,2.0588,160,310,470,1.9375,140,220,360,1.5714,120,160,280,1.3333,100,130,230,1.3,117,52
770,230,550,200,490,690,2.45,170,380,550,2.2353,170,330,500,1.9412,140,240,380,1.7143,130,170,300,1.3077,110,130,240,1.1818,116,52
770,220,550,210,450,660,2.1429,180,340,520,1.8889,170,300,470,1.7647,140,210,350,1.5,120,140,260,1.1667,100,100,200,1.0,116,52
770,220,550,200,470,670,2.35,180,350,530,1.9444,160,320,480,2.0,140,230,370,1.6429,110,160,270,1.4545,110,130,240,1.1818,116,52
770,220,540,190,460,650,2.4211,170,350,520,2.0588,160,310,470,1.9375,140,220,360,1.5714,120,160,280,1.3333,100,130,230,1.3,116,52
760,230,530,200,450,650,2.25,170,350,520,2.0588,170,300,470,1.7647,140,220,360,1.5714,130,150,280,1.1538,110,120,230,1.0909,116,52
760,230,530,200,460,660,2.3,170,360,530,2.1176,170,310,480,1.8235,140,220,360,1.5714,120,150,270,1.25,110,120,230,1.0909,116,52
760,230,540,200,460,660,2.3,170,370,540,2.1765,170,330,500,1.9412,140,220,360,1.5714,130,160,290,1.2308,110,130,240,1.1818,116,52
770,220,540,200,450,650,2.25,180,350,530,1.9444,160,310,470,1.9375,140,220,360,1.5714,120,160,280,1.3333,100,130,230,1.3,116,52
760,230,540,200,460,660,2.3,180,360,540,2.0,170,320,490,1.8824,140,240,380,1.7143,120,160,280,1.3333,110,130,240,1.1818,115,52
770,220,550,190,460,650,2.4211,170,350,520,2.0588,160,300,460,1.875,140,210,350,1.5,120,140,260,1.1667,100,110,210,1.1,115,52
760,220,540,200,460,660,2.3,170,360,530,2.1176,160,310,470,1.9375,140,220,360,1.5714,120,160,280,1.3333,110,130,240,1.1818,115,52
780,220,550,190,460,650,2.4211,160,360,520,2.25,150,310,460,2.0667,140,230,370,1.6429,110,160,270,1.4545,100,130,230,1.3,115,52
770,230,540,210,490,700,2.3333,180,370,550,2.0556,170,330,500,1.9412,150,240,390,1.6,120,160,280,1.3333,100,120,220,1.2,115,52
760,230,540,200,470,670,2.35,180,360,540,2.0,170,320,490,1.8824,140,230,370,1.6429,120,160,280,1.3333,110,120,230,1.0909,115,52
770,220,550,190,470,660,2.4737,170,360,530,2.1176,160,320,480,2.0,140,240,380,1.7143,110,160,270,1.4545,100,130,230,1.3,115,52
780,220,550,190,470,660,2.4737,170,360,530,2.1176,160,320,480,2.0,140,230,370,1.6429,110,160,270,1.4545,100,130,230,1.3,115,52
770,230,550,210,460,670,2.1905,180,360,540,2.0,170,310,480,1.8235,150,230,380,1.5333,130,160,290,1.2308,120,130,250,1.0833,115,52
780,220,550,210,470,680,2.2381,180,360,540,2.0,160,310,470,1.9375,140,220,360,1.5714,120,150,270,1.25,100,120,220,1.2,115,52
760,230,550,200,460,660,2.3,170,360,530,2.1176,160,320,480,2.0,140,230,370,1.6429,120,160,280,1.3333,110,130,240,1.1818,115,52
780,210,530,180,460,640,2.5556,160,350,510,2.1875,150,310,460,2.0667,130,230,360,1.7692,110,170,280,1.5455,90,140,230,1.5556,115,52
740,250,510,200,470,670,2.35,180,360,540,2.0,170,320,490,1.8824,140,230,370,1.6429,120,160,280,1.3333,110,120,230,1.0909,115,52
740,230,520,200,460,660,2.3,170,350,520,2.0588,160,310,470,1.9375,140,220,360,1.5714,120,160,280,1.3333,110,130,240,1.1818,115,52
760,220,530,200,450,650,2.25,170,360,530,2.1176,160,300,460,1.875,140,220,360,1.5714,120,160,280,1.3333,100,120,220,1.2,115,52
760,230,540,200,460,660,2.3,180,360,540,2.0,170,320,490,1.8824,150,230,380,1.5333,130,160,290,1.2308,110,120,230,1.0909,115,52
800,220,570,190,480,670,2.5263,170,380,550,2.2353,160,330,490,2.0625,140,240,380,1.7143,120,170,290,1.4167,100,140,240,1.4,115,52
780,230,560,200,460,660,2.3,180,350,530,1.9444,170,300,470,1.7647,140,220,360,1.5714,120,150,270,1.25,110,120,230,1.0909,114,51
770,220,560,200,480,680,2.4,170,370,540,2.1765,160,310,470,1.9375,140,220,360,1.5714,120,160,280,1.3333,110,130,240,1.1818,114,51
790,210,560,180,450,630,2.5,160,360,520,2.25,150,310,460,2.0667,130,220,350,1.6923,110,160,270,1.4545,100,120,220,1.2,114,51
800,230,570,200,490,690,2.45,170,380,550,2.2353,160,330,490,2.0625,140,240,380,1.7143,120,170,290,1.4167,110,140,250,1.2727,114,51
800,230,570,200,480,680,2.4,170,370,540,2.1765,160,320,480,2.0,140,230,370,1.6429,120,170,290,1.4167,110,130,240,1.1818,114,51
790,230,560,200,460,660,2.3,180,360,540,2.0,170,300,470,1.7647,150,220,370,1.4667,120,160,280,1.3333,120,130,250,1.0833,114,51
800,230,570,210,470,680,2.2381,190,360,550,1.8947,170,310,480,1.8235,150,230,380,1.5333,120,160,280,1.3333,110,130,240,1.1818,114,51
790,230,560,210,490,700,2.3333,190,370,560,1.9474,180,320,500,1.7778,150,230,380,1.5333,130,160,290,1.2308,110,130,240,1.1818,113,50
790,230,560,220,470,690,2.1364,190,360,550,1.8947,180,320,500,1.7778,140,230,370,1.6429,130,160,290,1.2308,110,130,240,1.1818,113,50
800,230,570,200,480,680,2.4,170,370,540,2.1765,170,320,490,1.8824,140,240,380,1.7143,120,170,290,1.4167,110,130,240,1.1818,113,50
800,230,570,210,490,700,2.3333,180,370,550,2.0556,170,320,490,1.8824,150,230,380,1.5333,130,160,290,1.2308,120,130,250,1.0833,112,50
800,230,570,200,500,700,2.5,170,380,550,2.2353,170,330,500,1.9412,140,240,380,1.7143,120,170,290,1.4167,110,130,240,1.1818,112,50
800,230,560,200,470,670,2.35,170,370,540,2.1765,170,320,490,1.8824,140,230,370,1.6429,120,160,280,1.3333,110,130,240,1.1818,112,50
800,240,560,210,480,690,2.2857,180,370,550,2.0556,170,320,490,1.8824,140,230,370,1.6429,120,160,280,1.3333,100,130,230,1.3,112,50
780,230,560,210,470,680,2.2381,180,370,550,2.0556,170,320,490,1.8824,150,230,380,1.5333,130,160,290,1.2308,120,130,250,1.0833,111,49
800,220,570,190,480,670,2.5263,170,370,540,2.1765,160,320,480,2.0,140,230,370,1.6429,110,160,270,1.4545,110,130,240,1.1818,111,49
800,230,570,200,540,740,2.7,180,410,590,2.2778,170,350,520,2.0588,150,270,420,1.8,120,190,310,1.5833,110,150,260,1.3636,110,49
800,230,570,200,490,690,2.45,180,370,550,2.0556,160,320,480,2.0,150,230,380,1.5333,120,160,280,1.3333,110,130,240,1.1818,110,49
790,230,560,200,490,690,2.45,180,380,560,2.1111,170,330,500,1.9412,150,230,380,1.5333,120,170,290,1.4167,110,130,240,1.1818,110,49
790,230,560,200,500,700,2.5,180,380,560,2.1111,160,330,490,2.0625,140,240,380,1.7143,120,170,290,1.4167,100,140,240,1.4,110,49
780,230,560,200,470,670,2.35,170,370,540,2.1765,170,320,490,1.8824,140,230,370,1.6429,120,170,290,1.4167,110,130,240,1.1818,110,49
780,220,560,200,470,670,2.35,180,360,540,2.0,160,310,470,1.9375,150,230,380,1.5333,120,170,290,1.4167,110,140,250,1.2727,109,49
780,220,570,190,470,660,2.4737,170,370,540,2.1765,160,320,480,2.0,130,240,370,1.8462,120,170,290,1.4167,100,130,230,1.3,109,49
780,210,560,190,470,660,2.4737,160,370,530,2.3125,150,310,460,2.0667,140,230,370,1.6429,110,160,270,1.4545,100,130,230,1.3,109,49
780,220,550,190,490,680,2.5789,170,370,540,2.1765,160,330,490,2.0625,130,230,360,1.7692,100,170,270,1.7,90,130,220,1.4444,109,49
780,230,560,190,470,660,2.4737,180,360,540,2.0,160,320,480,2.0,150,230,380,1.5333,120,160,280,1.3333,110,130,240,1.1818,109,49
780,220,560,200,460,660,2.3,170,370,540,2.1765,160,330,490,2.0625,140,240,380,1.7143,120,170,290,1.4167,100,130,230,1.3,110,49
790,220,570,190,470,660,2.4737,170,370,540,2.1765,150,330,480,2.2,140,240,380,1.7143,110,170,280,1.5455,100,140,240,1.4,109,49
790,220,560,200,480,680,2.4,180,360,540,2.0,160,320,480,2.0,140,240,380,1.7143,120,160,280,1.3333,100,130,230,1.3,109,49
790,230,570,210,470,680,2.2381,170,360,530,2.1176,170,310,480,1.8235,140,220,360,1.5714,130,150,280,1.1538,110,120,230,1.0909,109,49
790,220,570,200,470,670,2.35,170,360,530,2.1176,160,310,470,1.9375,140,220,360,1.5714,120,160,280,1.3333,110,120,230,1.0909,109,49
780,220,550,190,470,660,2.4737,180,370,550,2.0556,160,310,470,1.9375,140,230,370,1.6429,120,160,280,1.3333,110,120,230,1.0909,109,49
770,230,560,200,500,700,2.5,170,380,550,2.2353,170,330,500,1.9412,140,250,390,1.7857,120,170,290,1.4167,100,130,230,1.3,109,50
790,210,560,180,480,660,2.6667,160,370,530,2.3125,150,320,470,2.1333,140,240,380,1.7143,110,170,280,1.5455,100,140,240,1.4,110,50
790,230,560,200,460,660,2.3,170,350,520,2.0588,160,300,460,1.875,140,240,380,1.7143,120,170,290,1.4167,100,130,230,1.3,110,50
780,230,550,200,470,670,2.35,180,370,550,2.0556,160,320,480,2.0,150,230,380,1.5333,120,160,280,1.3333,110,130,240,1.1818,109,50
780,230,560,210,470,680,2.2381,180,360,540,2.0,170,320,490,1.8824,140,240,380,1.7143,120,160,280,1.3333,110,130,240,1.1818,109,49
780,220,560,200,470,670,2.35,170,370,540,2.1765,160,320,480,2.0,140,230,370,1.6429,120,170,290,1.4167,110,130,240,1.1818,109,49
780,220,550,200,470,670,2.35,180,360,540,2.0,160,320,480,2.0,140,230,370,1.6429,120,160,280,1.3333,100,120,220,1.2,109,49
780,230,560,200,520,720,2.6,170,370,540,2.1765,160,330,490,2.0625,140,230,370,1.6429,120,160,280,1.3333,100,130,230,1.3,109,49
790,220,560,190,480,670,2.5263,170,360,530,2.1176,160,320,480,2.0,140,240,380,1.7143,120,160,280,1.3333,100,130,230,1.3,109,49
770,230,540,210,460,670,2.1905,180,360,540,2.0,170,310,480,1.8235,150,220,370,1.4667,130,160,290,1.2308,110,130,240,1.1818,109,49
780,230,550,210,460,670,2.1905,180,360,540,2.0,170,310,480,1.8235,140,220,360,1.5714,130,160,290,1.2308,110,120,230,1.0909,109,49
770,230,550,200,460,660,2.3,180,360,540,2.0,170,310,480,1.8235,150,230,380,1.5333,120,160,280,1.3333,110,130,240,1.1818,109,49
780,220,560,200,470,670,2.35,170,370,540,2.1765,160,330,490,2.0625,140,240,380,1.7143,120,170,290,1.4167,100,130,230,1.3,109,49
780,220,560,190,470,660,2.4737,170,370,540,2.1765,160,320,480,2.0,140,230,370,1.6429,110,160,270,1.4545,100,130,230,1.3,108,49
790,220,560,190,480,670,2.5263,170,370,540,2.1765,160,320,480,2.0,130,240,370,1.8462,120,170,290,1.4167,100,130,230,1.3,108,49
780,230,560,200,500,700,2.5,170,380,550,2.2353,160,320,480,2.0,150,230,380,1.5333,120,160,280,1.3333,110,130,240,1.1818,108,49
790,220,560,200,470,670,2.35,180,360,540,2.0,160,320,480,2.0,140,230,370,1.6429,120,160,280,1.3333,100,130,230,1.3,108,49
790,230,550,200,490,690,2.45,170,370,540,2.1765,170,330,500,1.9412,140,240,380,1.7143,120,170,290,1.4167,110,130,240,1.1818,108,49
760,240,540,200,460,660,2.3,180,340,520,1.8889,170,300,470,1.7647,150,210,360,1.4,120,140,260,1.1667,110,110,220,1.0,109,49
760,220,540,200,460,660,2.3,170,350,520,2.0588,160,310,470,1.9375,140,230,370,1.6429,120,170,290,1.4167,100,140,240,1.4,108,49
750,220,530,210,450,660,2.1429,180,350,530,1.9444,170,300,470,1.7647,150,220,370,1.4667,120,160,280,1.3333,120,130,250,1.0833,108,49
760,220,540,190,480,670,2.5263,180,370,550,2.0556,160,330,490,2.0625,150,230,380,1.5333,120,160,280,1.3333,110,130,240,1.1818,108,49
790,220,560,200,470,670,2.35,170,360,530,2.1176,160,310,470,1.9375,140,230,370,1.6429,120,160,280,1.3333,110,130,240,1.1818,108,49
800,230,570,200,490,690,2.45,180,390,570,2.1667,170,320,490,1.8824,140,230,370,1.6429,130,160,290,1.2308,110,120,230,1.0909,108,49
800,230,570,210,480,690,2.2857,180,370,550,2.0556,170,320,490,1.8824,140,230,370,1.6429,130,160,290,1.2308,110,120,230,1.0909,108,49
770,230,560,210,480,690,2.2857,190,360,550,1.8947,170,320,490,1.8824,150,230,380,1.5333,130,160,290,1.2308,110,120,230,1.0909,108,49
830,230,590,200,490,690,2.45,180,380,560,2.1111,160,330,490,2.0625,150,240,390,1.6,120,170,290,1.4167,110,140,250,1.2727,105,48
820,240,580,190,500,690,2.6316,180,380,560,2.1111,160,330,490,2.0625,150,240,390,1.6,120,170,290,1.4167,110,140,250,1.2727,105,48
810,240,570,210,490,700,2.3333,180,370,550,2.0556,170,320,490,1.8824,150,230,380,1.5333,130,160,290,1.2308,120,130,250,1.0833,105,48
810,240,580,210,480,690,2.2857,180,370,550,2.0556,180,320,500,1.7778,150,240,390,1.6,130,160,290,1.2308,110,130,240,1.1818,105,48
810,230,580,200,520,720,2.6,180,410,590,2.2778,160,350,510,2.1875,150,240,390,1.6,120,170,290,1.4167,110,130,240,1.1818,104,48
810,230,580,200,480,680,2.4,180,370,550,2.0556,160,320,480,2.0,150,230,380,1.5333,120,160,280,1.3333,110,130,240,1.1818,105,48
820,230,590,200,490,690,2.45,170,370,540,2.1765,170,330,500,1.9412,140,240,380,1.7143,130,170,300,1.3077,110,130,240,1.1818,105,48
820,230,580,220,480,700,2.1818,190,380,570,2.0,170,330,500,1.9412,150,240,390,1.6,120,170,290,1.4167,110,140,250,1.2727,105,48
800,240,570,210,480,690,2.2857,190,370,560,1.9474,170,320,490,1.8824,160,230,390,1.4375,130,160,290,1.2308,120,130,250,1.0833,104,48
810,230,580,200,550,750,2.75,170,410,580,2.4118,170,350,520,2.0588,140,240,380,1.7143,120,170,290,1.4167,100,130,230,1.3,104,48
810,230,580,200,490,690,2.45,180,370,550,2.0556,170,320,490,1.8824,140,240,380,1.7143,120,160,280,1.3333,100,130,230,1.3,104,47
810,230,570,200,490,690,2.45,180,380,560,2.1111,160,320,480,2.0,150,230,380,1.5333,120,170,290,1.4167,110,140,250,1.2727,103,47
800,240,560,210,460,670,2.1905,190,360,550,1.8947,170,310,480,1.8235,150,220,370,1.4667,120,160,280,1.3333,110,130,240,1.1818,103,47
810,240,570,210,480,690,2.2857,190,370,560,1.9474,170,320,490,1.8824,150,220,370,1.4667,130,160,290,1.2308,120,130,250,1.0833,104,47
800,240,570,210,460,670,2.1905,190,370,560,1.9474,170,320,490,1.8824,160,230,390,1.4375,130,170,300,1.3077,120,130,250,1.0833,104,47
810,230,580,210,480,690,2.2857,180,370,550,2.0556,170,330,500,1.9412,150,240,390,1.6,130,170,300,1.3077,110,130,240,1.1818,103,47
800,240,570,210,470,680,2.2381,190,370,560,1.9474,180,320,500,1.7778,160,230,390,1.4375,130,160,290,1.2308,120,130,250,1.0833,103,47
810,230,570,200,480,680,2.4,180,370,550,2.0556,170,320,490,1.8824,150,230,380,1.5333,120,160,280,1.3333,110,130,240,1.1818,103,47
810,240,570,210,490,700,2.3333,180,370,550,2.0556,170,330,500,1.9412,150,230,380,1.5333,130,170,300,1.3077,110,130,240,1.1818,103,47
810,240,570,220,470,690,2.1364,190,360,550,1.8947,180,320,500,1.7778,160,230,390,1.4375,140,160,300,1.1429,120,120,240,1.0,103,47
800,240,580,210,480,690,2.2857,190,370,560,1.9474,180,320,500,1.7778,150,230,380,1.5333,130,160,290,1.2308,120,130,250,1.0833,103,47
810,220,580,190,480,670,2.5263,180,360,540,2.0,160,310,470,1.9375,140,230,370,1.6429,120,150,270,1.25,110,120,230,1.0909,103,47
810,230,580,200,500,700,2.5,180,380,560,2.1111,170,320,490,1.8824,150,230,380,1.5333,120,160,280,1.3333,120,130,250,1.0833,103,47
800,230,570,210,490,700,2.3333,170,370,540,2.1765,170,330,500,1.9412,150,240,390,1.6,130,170,300,1.3077,110,130,240,1.1818,103,47
800,230,570,210,470,680,2.2381,180,360,540,2.0,170,300,470,1.7647,150,210,360,1.4,130,150,280,1.1538,110,130,240,1.1818,103,47
810,230,580,210,490,700,2.3333,170,370,540,2.1765,170,330,500,1.9412,140,240,380,1.7143,130,170,300,1.3077,110,130,240,1.1818,103,47
800,230,590,210,510,720,2.4286,180,390,570,2.1667,170,340,510,2.0,140,240,380,1.7143,130,170,300,1.3077,110,140,250,1.2727,103,47
820,210,590,190,500,690,2.6316,170,390,560,2.2941,160,340,500,2.125,140,250,390,1.7857,110,180,290,1.6364,100,150,250,1.5,102,47
800,230,580,200,480,680,2.4,180,370,550,2.0556,160,330,490,2.0625,150,230,380,1.5333,120,160,280,1.3333,110,130,240,1.1818,102,47
820,220,580,190,530,720,2.7895,160,380,540,2.375,160,330,490,2.0625,140,240,380,1.7143,120,160,280,1.3333,100,130,230,1.3,102,47
810,240,580,200,530,730,2.65,180,400,580,2.2222,170,340,510,2.0,140,240,380,1.7143,120,160,280,1.3333,110,130,240,1.1818,102,47
800,230,580,200,480,680,2.4,180,370,550,2.0556,170,320,490,1.8824,140,230,370,1.6429,120,160,280,1.3333,110,130,240,1.1818,102,47
790,220,560,200,470,670,2.35,170,380,550,2.2353,160,320,480,2.0,140,230,370,1.6429,120,160,280,1.3333,110,130,240,1.1818,102,47
810,230,590,210,480,690,2.2857,180,360,540,2.0,170,320,490,1.8824,140,240,380,1.7143,120,170,290,1.4167,100,140,240,1.4,102,47
810,220,580,190,530,720,2.7895,170,400,570,2.3529,160,350,510,2.1875,140,270,410,1.9286,110,190,300,1.7273,110,150,260,1.3636,101,47
820,230,590,200,500,700,2.5,170,380,550,2.2353,160,340,500,2.125,140,240,380,1.7143,120,170,290,1.4167,110,140,250,1.2727,101,47
810,230,580,200,520,720,2.6,180,400,580,2.2222,170,350,520,2.0588,140,250,390,1.7857,120,170,290,1.4167,100,140,240,1.4,101,47
810,230,580,200,500,700,2.5,180,380,560,2.1111,170,330,500,1.9412,150,230,380,1.5333,120,160,280,1.3333,110,130,240,1.1818,101,47
820,230,580,200,490,690,2.45,180,370,550,2.0556,160,320,480,2.0,140,230,370,1.6429,120,160,280,1.3333,110,130,240,1.1818,101,47
810,240,570,220,480,700,2.1818,180,360,540,2.0,180,310,490,1.7222,150,240,390,1.6,130,160,290,1.2308,110,120,230,1.0909,101,46
810,240,580,210,470,680,2.2381,180,360,540,2.0,170,310,480,1.8235,150,230,380,1.5333,130,150,280,1.1538,110,120,230,1.0909,101,46
840,230,600,200,500,700,2.5,180,380,560,2.1111,160,330,490,2.0625,140,240,380,1.7143,120,170,290,1.4167,110,140,250,1.2727,101,46
830,240,600,210,500,710,2.381,190,390,580,2.0526,180,340,520,1.8889,160,250,410,1.5625,130,180,310,1.3846,120,140,260,1.1667,101,46
820,230,590,210,490,700,2.3333,190,380,570,2.0,170,320,490,1.8824,150,230,380,1.5333,130,170,300,1.3077,110,130,240,1.1818,100,46
810,230,590,200,490,690,2.45,170,370,540,2.1765,170,330,500,1.9412,140,240,380,1.7143,130,170,300,1.3077,110,130,240,1.1818,100,46
820,220,590,190,490,680,2.5789,170,370,540,2.1765,160,330,490,2.0625,140,240,380,1.7143,110,160,270,1.4545,100,130,230,1.3,100,46
820,230,580,200,510,710,2.55,170,380,550,2.2353,160,340,500,2.125,140,240,380,1.7143,120,170,290,1.4167,110,140,250,1.2727,100,46
800,240,570,210,490,700,2.3333,180,370,550,2.0556,170,320,490,1.8824,150,230,380,1.5333,130,160,290,1.2308,110,120,230,1.0909,100,46
810,230,580,200,480,680,2.4,180,370,550,2.0556,170,320,490,1.8824,140,240,380,1.7143,120,170,290,1.4167,100,130,230,1.3,100,46
810,230,570,210,470,680,2.2381,190,350,540,1.8421,170,310,480,1.8235,150,230,380,1.5333,130,160,290,1.2308,110,130,240,1.1818,100,46
800,240,570,210,480,690,2.2857,190,370,560,1.9474,170,310,480,1.8235,150,220,370,1.4667,130,160,290,1.2308,120,130,250,1.0833,100,46
810,230,580,210,480,690,2.2857,180,370,550,2.0556,170,320,490,1.8824,150,230,380,1.5333,130,170,300,1.3077,120,140,260,1.1667,100,46
800,230,580,210,480,690,2.2857,180,370,550,2.0556,170,320,490,1.8824,150,230,380,1.5333,130,170,300,1.3077,120,130,250,1.0833,99,46
800,220,580,200,480,680,2.4,170,370,540,2.1765,160,320,480,2.0,140,230,370,1.6429,120,160,280,1.3333,110,130,240,1.1818,99,46
810,220,580,190,530,720,2.7895,170,410,580,2.4118,160,330,490,2.0625,130,240,370,1.8462,120,170,290,1.4167,100,130,230,1.3,99,46
800,230,570,200,480,680,2.4,180,370,550,2.0556,170,320,490,1.8824,140,240,380,1.7143,120,160,280,1.3333,110,130,240,1.1818,99,46
800,230,570,200,480,680,2.4,180,370,550,2.0556,160,320,480,2.0,140,240,380,1.7143,120,160,280,1.3333,100,130,230,1.3,99,46
800,230,580,200,480,680,2.4,180,360,540,2.0,160,320,480,2.0,140,240,380,1.7143,120,160,280,1.3333,100,130,230,1.3,100,46
820,220,590,200,490,690,2.45,180,380,560,2.1111,160,340,500,2.125,140,240,380,1.7143,120,180,300,1.5,100,140,240,1.4,100,46
810,230,570,200,490,690,2.45,180,370,550,2.0556,170,320,490,1.8824,150,240,390,1.6,120,170,290,1.4167,110,140,250,1.2727,99,46
800,240,560,210,490,700,2.3333,190,370,560,1.9474,170,320,490,1.8824,160,230,390,1.4375,130,160,290,1.2308,120,130,250,1.0833,99,46
800,240,560,200,490,690,2.45,180,370,550,2.0556,170,330,500,1.9412,140,230,370,1.6429,130,160,290,1.2308,110,130,240,1.1818,99,46
810,240,570,200,490,690,2.45,180,370,550,2.0556,170,330,500,1.9412,140,240,380,1.7143,130,170,300,1.3077,110,130,240,1.1818,99,46
810,240,570,210,480,690,2.2857,180,360,540,2.0,180,320,500,1.7778,150,220,370,1.4667,130,160,290,1.2308,110,120,230,1.0909,99,46
810,230,570,200,480,680,2.4,180,370,550,2.0556,160,320,480,2.0,150,230,380,1.5333,120,170,290,1.4167,110,130,240,1.1818,99,46
810,240,570,210,480,690,2.2857,180,360,540,2.0,170,310,480,1.8235,150,220,370,1.4667,130,150,280,1.1538,120,130,250,1.0833,99,46
800,240,570,220,480,700,2.1818,180,360,540,2.0,180,320,500,1.7778,150,240,390,1.6,130,160,290,1.2308,120,130,250,1.0833,99,46
800,230,580,200,480,680,2.4,180,370,550,2.0556,170,320,490,1.8824,140,240,380,1.7143,120,160,280,1.3333,100,130,230,1.3,99,46
830,220,590,180,490,670,2.7222,170,370,540,2.1765,150,320,470,2.1333,140,240,380,1.7143,110,160,270,1.4545,100,130,230,1.3,99,46
800,240,570,210,500,710,2.381,180,370,550,2.0556,170,330,500,1.9412,150,230,380,1.5333,130,160,290,1.2308,120,130,250,1.0833,99,46
810,230,570,200,510,710,2.55,170,400,570,2.3529,170,340,510,2.0,140,250,390,1.7857,120,170,290,1.4167,100,130,230,1.3,99,46
810,240,580,200,480,680,2.4,180,360,540,2.0,170,320,490,1.8824,140,230,370,1.6429,120,160,280,1.3333,110,130,240,1.1818,99,46
810,230,580,200,480,680,2.4,180,370,550,2.0556,170,310,480,1.8235,150,230,380,1.5333,120,160,280,1.3333,110,130,240,1.1818,100,46
820,230,580,200,490,690,2.45,180,370,550,2.0556,160,320,480,2.0,150,230,380,1.5333,120,170,290,1.4167,110,140,250,1.2727,99,46
800,240,580,210,480,690,2.2857,180,370,550,2.0556,180,320,500,1.7778,150,240,390,1.6,130,160,290,1.2308,110,130,240,1.1818,99,46
810,220,590,190,490,680,2.5789,170,370,540,2.1765,160,320,480,2.0,140,240,380,1.7143,120,160,280,1.3333,100,130,230,1.3,99,46
810,220,590,190,510,700,2.6842,170,380,550,2.2353,160,330,490,2.0625,140,230,370,1.6429,110,160,270,1.4545,100,130,230,1.3,99,46
820,220,590,190,500,690,2.6316,160,380,540,2.375,160,330,490,2.0625,140,240,380,1.7143,120,170,290,1.4167,100,140,240,1.4,99,46
820,230,590,190,510,700,2.6842,180,380,560,2.1111,160,330,490,2.0625,140,240,380,1.7143,120,170,290,1.4167,100,140,240,1.4,99,46
820,230,580,200,490,690,2.45,180,370,550,2.0556,170,310,480,1.8235,150,220,370,1.4667,120,160,280,1.3333,110,130,240,1.1818,100,46
810,240,580,210,480,690,2.2857,180,360,540,2.0,180,310,490,1.7222,150,240,390,1.6,130,160,290,1.2308,110,130,240,1.1818,100,46
820,230,590,220,500,720,2.2727,180,400,580,2.2222,170,350,520,2.0588,150,250,400,1.6667,120,170,290,1.4167,110,140,250,1.2727,100,46
820,230,580,200,520,720,2.6,180,400,580,2.2222,170,350,520,2.0588,150,250,400,1.6667,130,180,310,1.3846,110,140,250,1.2727,99,46
800,240,570,210,540,750,2.5714,190,400,590,2.1053,180,350,530,1.9444,150,250,400,1.6667,130,170,300,1.3077,110,140,250,1.2727,99,46
820,230,590,200,500,700,2.5,180,380,560,2.1111,160,330,490,2.0625,140,240,380,1.7143,120,170,290,1.4167,110,140,250,1.2727,98,46
810,230,580,210,490,700,2.3333,180,370,550,2.0556,170,320,490,1.8824,140,230,370,1.6429,130,170,300,1.3077,110,130,240,1.1818,98,46
800,230,570,200,480,680,2.4,180,360,540,2.0,170,320,490,1.8824,140,230,370,1.6429,130,160,290,1.2308,110,120,230,1.0909,98,46
810,230,580,200,480,680,2.4,180,370,550,2.0556,160,320,480,2.0,140,240,380,1.7143,120,170,290,1.4167,100,130,230,1.3,99,46
810,230,580,200,480,680,2.4,180,370,550,2.0556,160,310,470,1.9375,150,230,380,1.5333,120,160,280,1.3333,110,130,240,1.1818,99,46
810,230,570,200,480,680,2.4,180,370,550,2.0556,160,320,480,2.0,150,230,380,1.5333,120,170,290,1.4167,110,140,250,1.2727,99,46
800,240,570,210,470,680,2.2381,180,360,540,2.0,170,330,500,1.9412,150,240,390,1.6,130,170,300,1.3077,110,130,240,1.1818,99,46
810,230,580,200,490,690,2.45,170,370,540,2.1765,160,330,490,2.0625,140,240,380,1.7143,120,170,290,1.4167,100,130,230,1.3,99,46
820,230,580,200,480,680,2.4,180,360,540,2.0,170,320,490,1.8824,140,240,380,1.7143,120,160,280,1.3333,100,130,230,1.3,98,46
810,240,580,200,540,740,2.7,180,400,580,2.2222,170,340,510,2.0,150,240,390,1.6,120,170,290,1.4167,110,130,240,1.1818,98,46
820,230,590,200,500,700,2.5,170,380,550,2.2353,170,330,500,1.9412,140,240,380,1.7143,120,170,290,1.4167,100,130,230,1.3,98,46
820,230,590,210,490,700,2.3333,180,380,560,2.1111,170,320,490,1.8824,150,230,380,1.5333,120,170,290,1.4167,110,130,240,1.1818,99,46
820,230,590,210,490,700,2.3333,180,370,550,2.0556,170,330,500,1.9412,150,240,390,1.6,130,170,300,1.3077,110,130,240,1.1818,99,46
830,230,580,200,510,710,2.55,180,390,570,2.1667,170,340,510,2.0,150,240,390,1.6,120,170,290,1.4167,110,140,250,1.2727,99,46
810,250,580,220,480,700,2.1818,190,360,550,1.8947,180,320,500,1.7778,160,230,390,1.4375,140,160,300,1.1429,120,120,240,1.0,98,46
820,230,590,210,490,700,2.3333,190,380,570,2.0,170,330,500,1.9412,150,230,380,1.5333,130,170,300,1.3077,110,130,240,1.1818,98,46
820,230,600,200,500,700,2.5,170,370,540,2.1765,170,320,490,1.8824,140,230,370,1.6429,130,160,290,1.2308,110,130,240,1.1818,98,46
840,220,590,190,510,700,2.6842,170,390,560,2.2941,160,340,500,2.125,140,240,380,1.7143,110,170,280,1.5455,100,140,240,1.4,98,46
820,250,580,210,500,710,2.381,190,370,560,1.9474,180,320,500,1.7778,150,230,380,1.5333,130,160,290,1.2308,120,130,250,1.0833,98,46
820,240,590,210,490,700,2.3333,180,370,550,2.0556,170,320,490,1.8824,140,230,370,1.6429,120,160,280,1.3333,100,130,230,1.3,98,46
830,230,590,200,500,700,2.5,180,380,560,2.1111,160,330,490,2.0625,150,240,390,1.6,120,170,290,1.4167,110,140,250,1.2727,98,46
840,240,590,210,480,690,2.2857,180,360,540,2.0,180,320,500,1.7778,150,240,390,1.6,130,160,290,1.2308,110,130,240,1.1818,98,46
810,250,580,210,490,700,2.3333,180,370,550,2.0556,180,320,500,1.7778,150,240,390,1.6,130,160,290,1.2308,120,130,250,1.0833,98,46
820,230,590,210,490,700,2.3333,180,380,560,2.1111,170,330,500,1.9412,150,240,390,1.6,120,170,290,1.4167,110,140,250,1.2727,98,46
820,230,600,200,500,700,2.5,170,380,550,2.2353,170,330,500,1.9412,140,240,380,1.7143,130,170,300,1.3077,110,130,240,1.1818,98,46
840,220,610,190,510,700,2.6842,170,380,550,2.2353,160,340,500,2.125,140,240,380,1.7143,110,170,280,1.5455,100,140,240,1.4,97,46
820,230,590,200,530,730,2.65,180,410,590,2.2778,170,350,520,2.0588,150,230,380,1.5333,120,170,290,1.4167,110,130,240,1.1818,97,45
820,230,590,210,490,700,2.3333,170,380,550,2.2353,170,330,500,1.9412,140,240,380,1.7143,130,170,300,1.3077,110,130,240,1.1818,97,45
830,240,590,210,490,700,2.3333,180,370,550,2.0556,180,320,500,1.7778,150,240,390,1.6,130,160,290,1.2308,110,130,240,1.1818,98,46
820,240,590,210,490,700,2.3333,180,370,550,2.0556,170,320,490,1.8824,150,230,380,1.5333,130,170,300,1.3077,110,130,240,1.1818,97,46
830,230,600,210,500,710,2.381,180,380,560,2.1111,170,320,490,1.8824,150,240,390,1.6,120,170,290,1.4167,110,140,250,1.2727,97,46
830,230,600,200,500,700,2.5,180,380,560,2.1111,160,330,490,2.0625,140,240,380,1.7143,120,170,290,1.4167,100,140,240,1.4,97,45
840,230,600,200,500,700,2.5,170,370,540,2.1765,170,330,500,1.9412,140,230,370,1.6429,120,170,290,1.4167,110,130,240,1.1818,97,45
810,240,580,210,490,700,2.3333,190,370,560,1.9474,170,320,490,1.8824,160,220,380,1.375,130,160,290,1.2308,120,130,250,1.0833,97,45
840,230,600,190,530,720,2.7895,170,400,570,2.3529,160,360,520,2.25,140,260,400,1.8571,110,180,290,1.6364,100,150,250,1.5,97,45
820,240,580,210,510,720,2.4286,180,390,570,2.1667,180,330,510,1.8333,150,240,390,1.6,130,170,300,1.3077,110,130,240,1.1818,97,45
820,240,580,200,480,680,2.4,190,370,560,1.9474,170,310,480,1.8235,150,230,380,1.5333,120,170,290,1.4167,120,130,250,1.0833,97,45
810,240,590,210,480,690,2.2857,180,370,550,2.0556,170,320,490,1.8824,150,240,390,1.6,130,160,290,1.2308,110,130,240,1.1818,97,45
840,220,600,220,500,720,2.2727,180,390,570,2.1667,160,340,500,2.125,140,250,390,1.7857,120,180,300,1.5,110,150,260,1.3636,97,45
820,240,590,210,500,710,2.381,190,380,570,2.0,170,320,490,1.8824,150,230,380,1.5333,130,160,290,1.2308,110,130,240,1.1818,97,45
820,230,600,200,530,730,2.65,170,400,570,2.3529,170,330,500,1.9412,140,240,380,1.7143,120,160,280,1.3333,110,130,240,1.1818,96,45
820,220,590,190,500,690,2.6316,170,380,550,2.2353,160,330,490,2.0625,140,240,380,1.7143,110,170,280,1.5455,110,140,250,1.2727,96,45
840,230,600,200,500,700,2.5,170,380,550,2.2353,160,330,490,2.0625,140,240,380,1.7143,120,170,290,1.4167,100,130,230,1.3,97,45
810,240,580,210,480,690,2.2857,180,360,540,2.0,170,310,480,1.8235,150,220,370,1.4667,130,160,290,1.2308,110,130,240,1.1818,97,45
820,230,580,200,480,680,2.4,180,380,560,2.1111,170,320,490,1.8824,140,240,380,1.7143,120,160,280,1.3333,100,130,230,1.3,97,45
800,240,570,210,470,680,2.2381,190,350,540,1.8421,170,300,470,1.7647,150,220,370,1.4667,130,160,290,1.2308,120,130,250,1.0833,97,45
810,230,580,210,480,690,2.2857,180,370,550,2.0556,170,320,490,1.8824,150,230,380,1.5333,120,160,280,1.3333,120,130,250,1.0833,96,45
810,230,580,210,480,690,2.2857,170,370,540,2.1765,170,320,490,1.8824,140,230,370,1.6429,130,160,290,1.2308,110,130,240,1.1818,96,45
800,230,580,200,480,680,2.4,180,360,540,2.0,170,310,480,1.8235,140,220,360,1.5714,130,150,280,1.1538,110,120,230,1.0909,96,45
820,220,590,190,500,690,2.6316,170,370,540,2.1765,160,320,480,2.0,140,240,380,1.7143,110,160,270,1.4545,100,130,230,1.3,96,45
810,230,570,200,520,720,2.6,180,400,580,2.2222,170,340,510,2.0,150,230,380,1.5333,120,160,280,1.3333,110,130,240,1.1818,96,45
810,240,570,210,480,690,2.2857,180,360,540,2.0,170,310,480,1.8235,150,220,370,1.4667,130,160,290,1.2308,110,130,240,1.1818,96,45
810,240,580,200,480,680,2.4,180,360,540,2.0,170,310,480,1.8235,140,230,370,1.6429,120,160,280,1.3333,110,120,230,1.0909,97,46
820,230,580,200,480,680,2.4,180,370,550,2.0556,170,310,480,1.8235,150,230,380,1.5333,120,170,290,1.4167,110,130,240,1.1818,97,46
800,240,570,210,480,690,2.2857,190,360,550,1.8947,170,310,480,1.8235,150,220,370,1.4667,130,160,290,1.2308,120,130,250,1.0833,96,46
810,230,590,210,480,690,2.2857,180,360,540,2.0,170,320,490,1.8824,150,240,390,1.6,130,170,300,1.3077,110,130,240,1.1818,96,45
810,220,590,190,550,740,2.8947,170,400,570,2.3529,160,350,510,2.1875,140,240,380,1.7143,120,170,290,1.4167,100,140,240,1.4,96,45
820,220,590,190,510,700,2.6842,160,390,550,2.4375,150,340,490,2.2667,130,240,370,1.8462,110,170,280,1.5455,100,140,240,1.4,96,45
800,230,570,200,560,760,2.8,170,410,580,2.4118,160,350,510,2.1875,130,250,380,1.9231,110,170,280,1.5455,100,140,240,1.4,96,45
810,230,580,210,490,700,2.3333,180,370,550,2.0556,170,320,490,1.8824,150,230,380,1.5333,130,170,300,1.3077,110,130,240,1.1818,96,45
810,230,580,220,480,700,2.1818,180,360,540,2.0,180,340,520,1.8889,140,240,380,1.7143,120,170,290,1.4167,110,140,250,1.2727,96,45
820,230,580,200,490,690,2.45,180,370,550,2.0556,160,320,480,2.0,150,230,380,1.5333,120,160,280,1.3333,110,130,240,1.1818,96,45
800,240,570,210,470,680,2.2381,190,370,560,1.9474,170,310,480,1.8235,160,220,380,1.375,130,160,290,1.2308,120,130,250,1.0833,96,45
800,230,580,210,490,700,2.3333,180,370,550,2.0556,170,330,500,1.9412,150,240,390,1.6,130,170,300,1.3077,120,130,250,1.0833,95,45
810,220,600,200,500,700,2.5,170,380,550,2.2353,160,330,490,2.0625,130,250,380,1.9231,120,170,290,1.4167,100,130,230,1.3,95,45
810,210,590,180,560,740,3.1111,160,390,550,2.4375,150,330,480,2.2,130,240,370,1.8462,110,170,280,1.5455,100,140,240,1.4,95,45
820,220,580,190,500,690,2.6316,170,380,550,2.2353,150,330,480,2.2,140,240,380,1.7143,110,180,290,1.6364,100,140,240,1.4,95,45
830,240,570,210,480,690,2.2857,160,370,530,2.3125,160,320,480,2.0,160,230,390,1.4375,130,160,290,1.2308,110,130,240,1.1818,96,45
780,260,540,230,460,690,2.0,200,340,540,1.7,200,300,500,1.5,170,210,380,1.2353,150,140,290,0.93333,130,110,240,0.84615,96,45
810,240,570,200,500,700,2.5,180,370,550,2.0556,170,320,490,1.8824,140,240,380,1.7143,120,160,280,1.3333,110,130,240,1.1818,96,45
810,240,580,210,480,690,2.2857,190,380,570,2.0,170,330,500,1.9412,150,230,380,1.5333,120,170,290,1.4167,110,140,250,1.2727,96,46
810,230,580,210,490,700,2.3333,190,380,570,2.0,170,330,500,1.9412,150,240,390,1.6,120,170,290,1.4167,120,140,260,1.1667,96,46
810,230,580,200,490,690,2.45,170,370,540,2.1765,170,320,490,1.8824,140,230,370,1.6429,130,160,290,1.2308,110,130,240,1.1818,96,46
800,230,580,200,500,700,2.5,180,380,560,2.1111,160,320,480,2.0,140,240,380,1.7143,120,160,280,1.3333,110,130,240,1.1818,96,46
790,220,570,180,500,680,2.7778,160,370,530,2.3125,150,320,470,2.1333,140,240,380,1.7143,120,160,280,1.3333,100,130,230,1.3,96,46
810,220,570,180,480,660,2.6667,160,370,530,2.3125,150,320,470,2.1333,130,230,360,1.7692,110,160,270,1.4545,90,130,220,1.4444,96,46
620,240,580,210,480,690,2.2857,180,360,540,2.0,170,320,490,1.8824,150,230,380,1.5333,130,160,290,1.2308,110,130,240,1.1818,97,46
820,240,580,200,470,670,2.35,180,360,540,2.0,170,310,480,1.8235,150,220,370,1.4667,120,150,270,1.25,110,130,240,1.1818,97,46
800,240,570,220,480,700,2.1818,190,380,570,2.0,180,330,510,1.8333,160,240,400,1.5,140,170,310,1.2143,120,130,250,1.0833,96,46
820,230,590,200,490,690,2.45,180,370,550,2.0556,160,320,480,2.0,140,240,380,1.7143,120,170,290,1.4167,100,130,230,1.3,96,46
810,230,580,200,480,680,2.4,180,370,550,2.0556,160,310,470,1.9375,150,220,370,1.4667,120,150,270,1.25,120,120,240,1.0,96,46
820,230,590,200,500,700,2.5,170,380,550,2.2353,170,330,500,1.9412,140,240,380,1.7143,120,170,290,1.4167,100,130,230,1.3,96,46
820,230,580,200,510,710,2.55,180,390,570,2.1667,170,340,510,2.0,150,250,400,1.6667,120,180,300,1.5,110,140,250,1.2727,96,46
820,240,590,210,490,700,2.3333,180,370,550,2.0556,170,320,490,1.8824,150,230,380,1.5333,130,170,300,1.3077,110,130,240,1.1818,96,46
810,230,580,210,510,720,2.4286,190,380,570,2.0,170,320,490,1.8824,150,230,380,1.5333,120,170,290,1.4167,110,130,240,1.1818,97,46
830,230,600,200,500,700,2.5,170,390,560,2.2941,160,340,500,2.125,140,240,380,1.7143,120,180,300,1.5,100,140,240,1.4,96,46
820,230,590,200,490,690,2.45,180,380,560,2.1111,160,330,490,2.0625,150,240,390,1.6,120,170,290,1.4167,110,140,250,1.2727,96,46
810,230,580,210,490,700,2.3333,180,370,550,2.0556,170,320,490,1.8824,150,230,380,1.5333,130,160,290,1.2308,110,130,240,1.1818,96,46
820,230,590,200,480,680,2.4,180,360,540,2.0,160,320,480,2.0,140,230,370,1.6429,120,160,280,1.3333,100,130,230,1.3,96,46
820,230,550,200,500,700,2.5,180,370,550,2.0556,160,320,480,2.0,150,220,370,1.4667,120,160,280,1.3333,110,120,230,1.0909,96,46
810,270,580,210,500,710,2.381,180,370,550,2.0556,170,320,490,1.8824,150,230,380,1.5333,130,160,290,1.2308,110,120,230,1.0909,96,46
810,230,580,210,480,690,2.2857,180,370,550,2.0556,170,310,480,1.8235,150,230,380,1.5333,120,160,280,1.3333,110,130,240,1.1818,96,46
810,230,580,200,470,670,2.35,170,350,520,2.0588,160,300,460,1.875,140,220,360,1.5714,120,170,290,1.4167,110,140,250,1.2727,96,46
810,230,570,210,480,690,2.2857,170,370,540,2.1765,170,330,500,1.9412,150,240,390,1.6,120,170,290,1.4167,110,130,240,1.1818,97,46
810,240,570,210,480,690,2.2857,180,360,540,2.0,180,320,500,1.7778,150,240,390,1.6,130,160,290,1.2308,110,130,240,1.1818,96,46
810,240,580,210,470,680,2.2381,190,360,550,1.8947,180,320,500,1.7778,150,230,380,1.5333,130,160,290,1.2308,110,130,240,1.1818,96,46
810,230,570,200,480,680,2.4,180,360,540,2.0,170,310,480,1.8235,150,220,370,1.4667,120,160,280,1.3333,120,130,250,1.0833,96,45
810,240,570,210,510,720,2.4286,180,380,560,2.1111,170,330,500,1.9412,150,220,370,1.4667,130,150,280,1.1538,110,120,230,1.0909,96,45
800,240,570,210,480,690,2.2857,180,360,540,2.0,180,320,500,1.7778,150,230,380,1.5333,130,160,290,1.2308,120,120,240,1.0,96,45
820,230,580,200,480,680,2.4,180,360,540,2.0,170,320,490,1.8824,140,230,370,1.6429,120,160,280,1.3333,110,130,240,1.1818,96,45
810,240,580,210,480,690,2.2857,180,360,540,2.0,170,310,480,1.8235,150,220,370,1.4667,130,160,290,1.2308,120,130,250,1.0833,96,45
820,230,580,210,490,700,2.3333,180,370,550,2.0556,170,330,500,1.9412,150,230,380,1.5333,130,170,300,1.3077,110,130,240,1.1818,96,45
820,240,590,210,470,680,2.2381,190,350,540,1.8421,170,310,480,1.8235,150,230,380,1.5333,120,170,290,1.4167,110,140,250,1.2727,96,45
830,230,600,210,490,700,2.3333,180,380,560,2.1111,170,330,500,1.9412,150,240,390,1.6,130,170,300,1.3077,110,130,240,1.1818,96,45
820,230,600,200,500,700,2.5,170,380,550,2.2353,160,330,490,2.0625,140,240,380,1.7143,120,170,290,1.4167,110,140,250,1.2727,96,45
840,220,600,190,520,710,2.7368,170,380,550,2.2353,160,330,490,2.0625,140,240,380,1.7143,120,160,280,1.3333,100,130,230,1.3,96,45
830,240,590,210,500,710,2.381,180,370,550,2.0556,180,320,500,1.7778,150,230,380,1.5333,130,160,290,1.2308,110,120,230,1.0909,96,45
830,240,600,210,490,700,2.3333,180,370,550,2.0556,170,330,500,1.9412,150,240,390,1.6,130,160,290,1.2308,120,130,250,1.0833,96,45
840,230,590,200,490,690,2.45,180,370,550,2.0556,170,320,490,1.8824,150,230,380,1.5333,120,160,280,1.3333,110,140,250,1.2727,96,45
820,250,600,210,490,700,2.3333,190,370,560,1.9474,180,320,500,1.7778,160,220,380,1.375,130,160,290,1.2308,120,130,250,1.0833,96,45
820,220,590,210,480,690,2.2857,180,360,540,2.0,170,320,490,1.8824,140,230,370,1.6429,120,160,280,1.3333,110,120,230,1.0909,96,45
830,230,600,210,500,710,2.381,180,380,560,2.1111,170,330,500,1.9412,150,240,390,1.6,120,170,290,1.4167,110,140,250,1.2727,96,45
820,230,590,200,550,750,2.75,180,410,590,2.2778,170,350,520,2.0588,150,240,390,1.6,120,160,280,1.3333,110,130,240,1.1818,96,45
820,230,590,210,490,700,2.3333,180,370,550,2.0556,170,310,480,1.8235,140,220,360,1.5714,130,150,280,1.1538,110,130,240,1.1818,96,45
820,230,590,200,510,710,2.55,180,390,570,2.1667,160,330,490,2.0625,150,240,390,1.6,120,170,290,1.4167,110,130,240,1.1818,96,45
820,230,590,210,490,700,2.3333,170,370,540,2.1765,170,320,490,1.8824,140,230,370,1.6429,130,170,300,1.3077,110,130,240,1.1818,97,45
830,230,590,200,490,690,2.45,180,370,550,2.0556,170,320,490,1.8824,150,230,380,1.5333,120,170,290,1.4167,110,140,250,1.2727,97,46
830,240,590,210,480,690,2.2857,190,360,550,1.8947,180,310,490,1.7222,150,220,370,1.4667,130,160,290,1.2308,110,130,240,1.1818,97,46
810,240,580,210,480,690,2.2857,190,370,560,1.9474,170,320,490,1.8824,160,230,390,1.4375,130,160,290,1.2308,120,130,250,1.0833,96,45
830,230,600,210,500,710,2.381,180,390,570,2.1667,170,340,510,2.0,140,240,380,1.7143,130,170,300,1.3077,110,140,250,1.2727,96,45
830,230,600,200,490,690,2.45,170,370,540,2.1765,170,330,500,1.9412,140,230,370,1.6429,130,160,290,1.2308,110,130,240,1.1818,104,49
820,230,590,200,500,700,2.5,180,370,550,2.0556,170,330,500,1.9412,150,230,380,1.5333,120,160,280,1.3333,120,130,250,1.0833,104,49
830,230,600,200,480,680,2.4,180,370,550,2.0556,170,320,490,1.8824,140,230,370,1.6429,120,160,280,1.3333,110,120,230,1.0909,104,48
810,230,580,210,490,700,2.3333,180,370,550,2.0556,170,320,490,1.8824,150,230,380,1.5333,130,160,290,1.2308,110,130,240,1.1818,104,48
800,230,580,200,480,680,2.4,180,360,540,2.0,160,320,480,2.0,140,230,370,1.6429,120,160,280,1.3333,100,130,230,1.3,104,48
820,220,590,200,490,690,2.45,180,380,560,2.1111,160,330,490,2.0625,140,240,380,1.7143,120,170,290,1.4167,110,140,250,1.2727,104,48
800,230,580,200,510,710,2.55,170,380,550,2.2353,160,330,490,2.0625,140,220,360,1.5714,120,150,270,1.25,110,120,230,1.0909,103,48
810,220,580,190,480,670,2.5263,160,360,520,2.25,160,310,470,1.9375,130,220,350,1.6923,110,150,260,1.3636,100,130,230,1.3,103,48
810,230,580,210,480,690,2.2857,180,370,550,2.0556,170,320,490,1.8824,150,220,370,1.4667,130,150,280,1.1538,110,120,230,1.0909,104,48
800,230,570,200,480,680,2.4,180,370,550,2.0556,160,320,480,2.0,140,230,370,1.6429,120,160,280,1.3333,100,120,220,1.2,104,48
800,230,580,200,480,680,2.4,180,360,540,2.0,160,320,480,2.0,140,230,370,1.6429,120,160,280,1.3333,100,130,230,1.3,104,48
820,220,590,200,480,680,2.4,180,370,550,2.0556,160,320,480,2.0,140,240,380,1.7143,120,170,290,1.4167,100,130,230,1.3,104,48
790,230,570,200,490,690,2.45,180,380,560,2.1111,170,330,500,1.9412,150,230,380,1.5333,120,160,280,1.3333,120,130,250,1.0833,104,48
810,220,590,200,490,690,2.45,170,380,550,2.2353,160,340,500,2.125,140,240,380,1.7143,110,170,280,1.5455,110,140,250,1.2727,104,48
800,220,580,190,530,720,2.7895,160,400,560,2.5,160,350,510,2.1875,140,260,400,1.8571,120,180,300,1.5,100,140,240,1.4,104,48
800,220,580,190,490,680,2.5789,160,380,540,2.375,150,330,480,2.2,130,230,360,1.7692,110,160,270,1.4545,90,140,230,1.5556,104,48
820,220,590,190,510,700,2.6842,160,380,540,2.375,160,340,500,2.125,130,240,370,1.8462,110,170,280,1.5455,90,140,230,1.5556,104,48
800,230,570,200,490,690,2.45,180,370,550,2.0556,170,320,490,1.8824,150,240,390,1.6,120,160,280,1.3333,110,130,240,1.1818,105,49
800,230,570,210,480,690,2.2857,180,360,540,2.0,170,320,490,1.8824,150,230,380,1.5333,120,160,280,1.3333,110,120,230,1.0909,105,49
810,230,580,200,490,690,2.45,180,360,540,2.0,160,320,480,2.0,140,220,360,1.5714,120,160,280,1.3333,100,120,220,1.2,105,49
820,230,590,200,500,700,2.5,180,380,560,2.1111,170,330,500,1.9412,150,230,380,1.5333,130,170,300,1.3077,110,140,250,1.2727,105,49
810,230,580,210,480,690,2.2857,190,380,570,2.0,170,330,500,1.9412,150,230,380,1.5333,130,170,300,1.3077,120,130,250,1.0833,106,49
810,230,590,200,480,680,2.4,180,370,550,2.0556,160,320,480,2.0,140,230,370,1.6429,120,160,280,1.3333,110,120,230,1.0909,106,49
810,220,590,190,500,690,2.6316,160,380,540,2.375,150,320,470,2.1333,130,220,350,1.6923,110,150,260,1.3636,100,120,220,1.2,107,49
820,220,600,190,490,680,2.5789,170,380,550,2.2353,160,330,490,2.0625,140,240,380,1.7143,110,160,270,1.4545,100,130,230,1.3,108,50
820,220,590,200,490,690,2.45,180,390,570,2.1667,160,340,500,2.125,140,240,380,1.7143,120,170,290,1.4167,110,140,250,1.2727,108,50
810,230,590,200,490,690,2.45,180,370,550,2.0556,170,320,490,1.8824,140,220,360,1.5714,120,160,280,1.3333,110,120,230,1.0909,108,50
820,220,610,200,500,700,2.5,170,380,550,2.2353,160,330,490,2.0625,140,230,370,1.6429,120,160,280,1.3333,100,130,230,1.3,108,50
820,210,600,190,500,690,2.6316,170,360,530,2.1176,150,320,470,2.1333,140,220,360,1.5714,110,150,260,1.3636,100,120,220,1.2,108,50
820,220,600,190,500,690,2.6316,160,380,540,2.375,160,320,480,2.0,130,220,350,1.6923,120,160,280,1.3333,100,120,220,1.2,108,50
800,220,590,190,510,700,2.6842,170,380,550,2.2353,150,330,480,2.2,140,240,380,1.7143,110,160,270,1.4545,100,130,230,1.3,109,50
830,210,600,180,510,690,2.8333,150,390,540,2.6,140,340,480,2.4286,120,240,360,2.0,100,180,280,1.8,90,150,240,1.6667,110,50
820,230,600,190,490,680,2.5789,170,370,540,2.1765,160,320,480,2.0,130,230,360,1.7692,120,160,280,1.3333,100,130,230,1.3,110,50
810,220,590,200,480,680,2.4,180,380,560,2.1111,160,320,480,2.0,140,230,370,1.6429,120,150,270,1.25,110,130,240,1.1818,110,50
820,220,600,200,500,700,2.5,170,380,550,2.2353,160,330,490,2.0625,140,230,370,1.6429,120,170,290,1.4167,110,140,250,1.2727,110,50
820,220,600,190,490,680,2.5789,170,380,550,2.2353,160,320,480,2.0,140,240,380,1.7143,120,160,280,1.3333,100,130,230,1.3,109,50
820,220,610,190,510,700,2.6842,160,380,540,2.375,160,330,490,2.0625,140,220,360,1.5714,120,150,270,1.25,100,120,220,1.2,109,50
830,210,600,180,520,700,2.8889,160,390,550,2.4375,150,330,480,2.2,130,240,370,1.8462,110,160,270,1.4545,100,130,230,1.3,109,50
820,230,600,200,500,700,2.5,170,370,540,2.1765,160,310,470,1.9375,140,220,360,1.5714,120,150,270,1.25,110,120,230,1.0909,110,50
820,220,600,200,500,700,2.5,170,380,550,2.2353,160,330,490,2.0625,140,230,370,1.6429,120,160,280,1.3333,110,130,240,1.1818,110,50
840,220,600,180,490,670,2.7222,160,380,540,2.375,150,330,480,2.2,130,240,370,1.8462,110,170,280,1.5455,90,140,230,1.5556,110,50
820,240,590,210,480,690,2.2857,180,360,540,2.0,170,310,480,1.8235,140,210,350,1.5,130,150,280,1.1538,110,120,230,1.0909,109,50
820,230,600,200,500,700,2.5,180,380,560,2.1111,160,320,480,2.0,150,230,380,1.5333,120,160,280,1.3333,110,130,240,1.1818,109,50
820,220,610,200,500,700,2.5,170,390,560,2.2941,160,340,500,2.125,130,250,380,1.9231,120,170,290,1.4167,100,130,230,1.3,108,50
830,210,610,190,500,690,2.6316,160,380,540,2.375,150,340,490,2.2667,130,240,370,1.8462,110,170,280,1.5455,90,140,230,1.5556,108,50
850,220,590,190,510,700,2.6842,170,380,550,2.2353,160,330,490,2.0625,140,240,380,1.7143,110,160,270,1.4545,100,130,230,1.3,108,50
790,260,560,230,490,720,2.1304,200,360,560,1.8,190,310,500,1.6316,170,210,380,1.2353,150,140,290,0.93333,130,110,240,0.84615,108,50
810,230,590,200,480,680,2.4,180,360,540,2.0,170,320,490,1.8824,140,220,360,1.5714,120,160,280,1.3333,110,120,230,1.0909,108,50
820,220,600,190,490,680,2.5789,170,390,560,2.2941,160,340,500,2.125,140,240,380,1.7143,110,170,280,1.5455,100,140,240,1.4,108,50
830,220,600,190,510,700,2.6842,170,380,550,2.2353,160,330,490,2.0625,130,240,370,1.8462,110,170,280,1.5455,100,130,230,1.3,108,50
820,230,590,200,490,690,2.45,180,370,550,2.0556,170,320,490,1.8824,150,220,370,1.4667,120,160,280,1.3333,110,130,240,1.1818,107,50
820,230,600,210,480,690,2.2857,180,360,540,2.0,170,320,490,1.8824,140,220,360,1.5714,130,150,280,1.1538,110,120,230,1.0909,107,50
810,220,590,200,490,690,2.45,170,370,540,2.1765,160,320,480,2.0,140,220,360,1.5714,120,150,270,1.25,110,120,230,1.0909,107,49
820,220,600,190,530,720,2.7895,170,370,540,2.1765,160,330,490,2.0625,130,230,360,1.7692,120,160,280,1.3333,100,130,230,1.3,107,49
820,220,590,190,510,700,2.6842,170,380,550,2.2353,150,330,480,2.2,140,230,370,1.6429,110,160,270,1.4545,100,130,230,1.3,107,49
810,230,590,200,490,690,2.45,170,370,540,2.1765,170,320,490,1.8824,140,220,360,1.5714,120,160,280,1.3333,110,130,240,1.1818,107,50
830,220,600,200,490,690,2.45,180,370,550,2.0556,160,320,480,2.0,140,230,370,1.6429,120,160,280,1.3333,100,130,230,1.3,107,50
810,230,600,200,490,690,2.45,170,370,540,2.1765,170,320,490,1.8824,140,230,370,1.6429,130,160,290,1.2308,110,130,240,1.1818,107,50
830,210,600,180,490,670,2.7222,160,390,550,2.4375,150,340,490,2.2667,130,240,370,1.8462,110,180,290,1.6364,100,150,250,1.5,106,49
820,230,600,200,490,690,2.45,170,370,540,2.1765,170,330,500,1.9412,140,230,370,1.6429,120,170,290,1.4167,110,130,240,1.1818,106,49
820,220,580,190,480,670,2.5263,170,370,540,2.1765,160,310,470,1.9375,140,230,370,1.6429,120,160,280,1.3333,110,120,230,1.0909,106,49
810,240,590,200,510,710,2.55,170,380,550,2.2353,170,330,500,1.9412,140,230,370,1.6429,130,160,290,1.2308,110,130,240,1.1818,106,49
820,220,600,190,530,720,2.7895,170,390,560,2.2941,150,330,480,2.2,140,240,380,1.7143,110,160,270,1.4545,100,130,230,1.3,106,49
820,220,590,200,500,700,2.5,170,380,550,2.2353,160,330,490,2.0625,140,230,370,1.6429,120,160,280,1.3333,100,140,240,1.4,107,49
820,230,590,190,500,690,2.6316,180,370,550,2.0556,160,330,490,2.0625,140,240,380,1.7143,120,160,280,1.3333,100,130,230,1.3,106,49
820,230,580,200,480,680,2.4,180,370,550,2.0556,170,320,490,1.8824,150,220,370,1.4667,120,160,280,1.3333,110,130,240,1.1818,106,49
800,240,580,220,480,700,2.1818,190,360,550,1.8947,180,310,490,1.7222,150,210,360,1.4,130,140,270,1.0769,120,110,230,0.91667,106,49
830,220,600,200,500,700,2.5,180,380,560,2.1111,160,330,490,2.0625,140,240,380,1.7143,120,170,290,1.4167,100,140,240,1.4,106,49
800,230,590,200,520,720,2.6,170,370,540,2.1765,170,330,500,1.9412,150,230,380,1.5333,130,160,290,1.2308,110,130,240,1.1818,106,49
830,210,600,180,500,680,2.7778,160,380,540,2.375,150,330,480,2.2,130,240,370,1.8462,110,170,280,1.5455,90,130,220,1.4444,106,49
860,230,590,200,500,700,2.5,170,380,550,2.2353,160,320,480,2.0,140,220,360,1.5714,120,150,270,1.25,110,130,240,1.1818,106,49
780,270,550,240,460,700,1.9167,220,340,560,1.5455,200,290,490,1.45,180,200,380,1.1111,160,130,290,0.8125,140,100,240,0.71429,107,49
810,230,580,200,490,690,2.45,180,370,550,2.0556,160,310,470,1.9375,150,220,370,1.4667,120,160,280,1.3333,110,130,240,1.1818,107,49
830,230,600,200,490,690,2.45,170,380,550,2.2353,170,330,500,1.9412,140,240,380,1.7143,130,170,300,1.3077,110,130,240,1.1818,107,49
820,220,590,200,500,700,2.5,170,380,550,2.2353,160,320,480,2.0,140,220,360,1.5714,120,150,270,1.25,110,120,230,1.0909,106,49
800,230,590,200,490,690,2.45,180,370,550,2.0556,170,320,490,1.8824,140,220,360,1.5714,120,160,280,1.3333,110,120,230,1.0909,106,49
820,210,590,180,520,700,2.8889,170,390,560,2.2941,150,330,480,2.2,140,240,380,1.7143,110,160,270,1.4545,100,130,230,1.3,106,49
810,230,580,200,480,680,2.4,180,370,550,2.0556,160,320,480,2.0,150,220,370,1.4667,120,150,270,1.25,110,120,230,1.0909,107,49
800,230,570,200,480,680,2.4,180,370,550,2.0556,170,320,490,1.8824,150,230,380,1.5333,130,160,290,1.2308,110,130,240,1.1818,107,49
820,230,600,200,490,690,2.45,170,360,530,2.1176,160,310,470,1.9375,130,210,340,1.6154,120,150,270,1.25,100,120,220,1.2,107,49
820,220,590,200,490,690,2.45,180,380,560,2.1111,160,320,480,2.0,140,230,370,1.6429,120,170,290,1.4167,110,130,240,1.1818,107,49
820,230,600,210,500,710,2.381,180,380,560,2.1111,170,330,500,1.9412,140,240,380,1.7143,130,170,300,1.3077,110,130,240,1.1818,106,49
820,220,600,200,500,700,2.5,170,380,550,2.2353,160,330,490,2.0625,140,230,370,1.6429,120,160,280,1.3333,110,130,240,1.1818,106,49
820,220,600,190,510,700,2.6842,170,380,550,2.2353,160,330,490,2.0625,130,240,370,1.8462,110,170,280,1.5455,100,130,230,1.3,106,49
820,220,590,190,550,740,2.8947,170,420,590,2.4706,160,360,520,2.25,140,260,400,1.8571,110,180,290,1.6364,100,150,250,1.5,106,49
810,230,590,200,490,690,2.45,170,370,540,2.1765,160,320,480,2.0,140,230,370,1.6429,120,160,280,1.3333,100,130,230,1.3,106,49
830,220,600,200,510,710,2.55,180,400,580,2.2222,160,350,510,2.1875,140,240,380,1.7143,120,170,290,1.4167,100,130,230,1.3,107,49
830,230,600,200,490,690,2.45,170,370,540,2.1765,170,330,500,1.9412,140,230,370,1.6429,130,160,290,1.2308,110,130,240,1.1818,107,49
810,230,580,200,500,700,2.5,170,380,550,2.2353,160,330,490,2.0625,140,240,380,1.7143,120,160,280,1.3333,110,140,250,1.2727,107,49
780,230,560,200,490,690,2.45,170,370,540,2.1765,170,320,490,1.8824,140,220,360,1.5714,120,150,270,1.25,100,120,220,1.2,107,49
760,220,550,200,460,660,2.3,170,350,520,2.0588,160,310,470,1.9375,150,220,370,1.4667,120,150,270,1.25,110,120,230,1.0909,107,49
760,210,550,190,470,660,2.4737,160,350,510,2.1875,150,310,460,2.0667,140,220,360,1.5714,110,150,260,1.3636,110,120,230,1.0909,107,49
760,210,550,190,470,660,2.4737,170,350,520,2.0588,150,310,460,2.0667,130,220,350,1.6923,110,150,260,1.3636,100,120,220,1.2,107,49
770,210,550,190,470,660,2.4737,160,360,520,2.25,150,310,460,2.0667,130,230,360,1.7692,110,160,270,1.4545,100,130,230,1.3,107,49
760,220,540,200,460,660,2.3,170,350,520,2.0588,160,300,460,1.875,140,220,360,1.5714,120,150,270,1.25,110,120,230,1.0909,107,49
760,220,540,200,460,660,2.3,170,340,510,2.0,160,300,460,1.875,140,220,360,1.5714,110,150,260,1.3636,100,120,220,1.2,107,49
760,220,540,190,460,650,2.4211,170,360,530,2.1176,160,300,460,1.875,140,220,360,1.5714,120,150,270,1.25,100,130,230,1.3,107,49
770,220,550,200,460,660,2.3,170,350,520,2.0588,160,300,460,1.875,140,220,360,1.5714,120,150,270,1.25,110,120,230,1.0909,107,50
930,220,700,240,540,780,2.25,180,410,590,2.2778,170,360,530,2.1176,140,250,390,1.7857,120,170,290,1.4167,110,130,240,1.1818,107,50
840,200,610,220,500,720,2.2727,170,380,550,2.2353,160,320,480,2.0,140,230,370,1.6429,110,160,270,1.4545,100,130,230,1.3,107,50
830,230,610,190,540,730,2.8421,170,400,570,2.3529,160,350,510,2.1875,140,240,380,1.7143,120,160,280,1.3333,110,130,240,1.1818,107,50
830,220,600,200,500,700,2.5,180,380,560,2.1111,160,320,480,2.0,140,240,380,1.7143,120,170,290,1.4167,100,140,240,1.4,107,50
850,230,610,200,500,700,2.5,170,390,560,2.2941,150,330,480,2.2,130,250,380,1.9231,110,170,280,1.5455,90,140,230,1.5556,108,50
830,240,600,210,500,710,2.381,180,400,580,2.2222,180,340,520,1.8889,150,240,390,1.6,130,160,290,1.2308,110,130,240,1.1818,107,50
820,230,600,210,490,700,2.3333,180,370,550,2.0556,170,320,490,1.8824,150,220,370,1.4667,130,160,290,1.2308,110,130,240,1.1818,107,49
870,220,660,190,540,730,2.8421,170,420,590,2.4706,160,360,520,2.25,140,270,410,1.9286,110,180,290,1.6364,100,150,250,1.5,106,49
820,220,600,210,500,710,2.381,180,370,550,2.0556,160,320,480,2.0,150,230,380,1.5333,120,160,280,1.3333,110,130,240,1.1818,106,49
850,220,620,190,560,750,2.9474,170,410,580,2.4118,150,350,500,2.3333,130,250,380,1.9231,110,170,280,1.5455,90,140,230,1.5556,106,49
830,230,600,200,520,720,2.6,180,390,570,2.1667,170,330,500,1.9412,140,240,380,1.7143,120,160,280,1.3333,110,130,240,1.1818,107,49
830,230,600,200,500,700,2.5,170,380,550,2.2353,170,330,500,1.9412,140,230,370,1.6429,120,170,290,1.4167,100,130,230,1.3,107,49
840,230,610,200,500,700,2.5,180,380,560,2.1111,160,330,490,2.0625,150,230,380,1.5333,120,160,280,1.3333,110,130,240,1.1818,106,49
830,230,600,200,490,690,2.45,180,370,550,2.0556,160,320,480,2.0,150,230,380,1.5333,120,170,290,1.4167,110,130,240,1.1818,106,49
870,230,640,210,520,730,2.4762,180,390,570,2.1667,170,350,520,2.0588,150,250,400,1.6667,120,180,300,1.5,110,140,250,1.2727,105,48
800,230,590,200,510,710,2.55,170,390,560,2.2941,160,340,500,2.125,140,240,380,1.7143,120,170,290,1.4167,100,140,240,1.4,105,48
830,210,610,190,500,690,2.6316,170,370,540,2.1765,150,320,470,2.1333,140,230,370,1.6429,110,160,270,1.4545,100,120,220,1.2,105,48
840,230,610,200,500,700,2.5,170,380,550,2.2353,160,330,490,2.0625,140,230,370,1.6429,120,160,280,1.3333,100,130,230,1.3,102,47
820,230,600,210,530,740,2.5238,170,400,570,2.3529,170,340,510,2.0,140,250,390,1.7857,120,170,290,1.4167,100,130,230,1.3,102,48
840,220,610,190,510,700,2.6842,170,390,560,2.2941,160,330,490,2.0625,140,240,380,1.7143,110,170,280,1.5455,110,140,250,1.2727,103,48
840,230,600,210,490,700,2.3333,190,370,560,1.9474,170,330,500,1.9412,150,240,390,1.6,120,170,290,1.4167,110,140,250,1.2727,103,48
820,240,590,210,490,700,2.3333,190,370,560,1.9474,170,320,490,1.8824,150,230,380,1.5333,130,160,290,1.2308,110,130,240,1.1818,102,48
840,230,600,200,500,700,2.5,170,390,560,2.2941,170,330,500,1.9412,140,250,390,1.7857,120,170,290,1.4167,100,140,240,1.4,102,48
830,240,600,210,490,700,2.3333,190,370,560,1.9474,170,330,500,1.9412,160,230,390,1.4375,130,160,290,1.2308,120,130,250,1.0833,102,48
820,230,590,200,490,690,2.45,180,370,550,2.0556,170,320,490,1.8824,150,220,370,1.4667,120,160,280,1.3333,120,130,250,1.0833,102,48
830,230,600,200,490,690,2.45,180,370,550,2.0556,170,320,490,1.8824,140,230,370,1.6429,130,160,290,1.2308,110,120,230,1.0909,102,48
840,230,600,200,510,710,2.55,170,380,550,2.2353,170,330,500,1.9412,150,240,390,1.6,120,170,290,1.4167,110,130,240,1.1818,102,48
820,240,590,210,480,690,2.2857,190,360,550,1.8947,170,310,480,1.8235,150,220,370,1.4667,130,160,290,1.2308,120,130,250,1.0833,103,48
830,230,600,200,510,710,2.55,180,380,560,2.1111,160,330,490,2.0625,150,230,380,1.5333,120,160,280,1.3333,110,140,250,1.2727,103,48
840,230,610,200,520,720,2.6,180,390,570,2.1667,160,350,510,2.1875,140,250,390,1.7857,120,170,290,1.4167,100,140,240,1.4,103,48
830,230,600,210,490,700,2.3333,180,370,550,2.0556,170,320,490,1.8824,140,230,370,1.6429,120,170,290,1.4167,110,130,240,1.1818,103,48
840,230,600,210,500,710,2.381,180,380,560,2.1111,170,330,500,1.9412,150,250,400,1.6667,130,170,300,1.3077,110,130,240,1.1818,103,48
830,240,570,210,510,720,2.4286,180,390,570,2.1667,170,330,500,1.9412,150,240,390,1.6,130,160,290,1.2308,110,130,240,1.1818,103,48
830,260,610,210,540,750,2.5714,190,400,590,2.1053,170,340,510,2.0,140,240,380,1.7143,120,170,290,1.4167,110,130,240,1.1818,103,48
840,220,610,190,510,700,2.6842,170,390,560,2.2941,150,340,490,2.2667,140,250,390,1.7857,110,170,280,1.5455,100,140,240,1.4,103,48
830,230,600,200,510,710,2.55,180,390,570,2.1667,160,340,500,2.125,150,240,390,1.6,120,170,290,1.4167,110,130,240,1.1818,103,48
830,230,600,200,520,720,2.6,180,380,560,2.1111,160,320,480,2.0,140,230,370,1.6429,120,160,280,1.3333,100,130,230,1.3,103,48
840,230,600,200,510,710,2.55,170,380,550,2.2353,170,330,500,1.9412,140,240,380,1.7143,120,170,290,1.4167,110,130,240,1.1818,103,48
830,240,600,210,500,710,2.381,180,380,560,2.1111,170,330,500,1.9412,140,240,380,1.7143,130,170,300,1.3077,110,130,240,1.1818,103,48
830,230,610,200,500,700,2.5,180,380,560,2.1111,160,330,490,2.0625,150,230,380,1.5333,120,170,290,1.4167,110,130,240,1.1818,103,48
830,220,600,190,510,700,2.6842,170,390,560,2.2941,160,340,500,2.125,140,240,380,1.7143,120,160,280,1.3333,110,130,240,1.1818,103,48
830,230,600,200,520,720,2.6,180,380,560,2.1111,170,320,490,1.8824,140,220,360,1.5714,120,160,280,1.3333,100,120,220,1.2,103,48
830,230,600,200,530,730,2.65,170,380,550,2.2353,160,330,490,2.0625,140,240,380,1.7143,120,170,290,1.4167,110,130,240,1.1818,103,48
820,230,590,200,500,700,2.5,170,380,550,2.2353,160,330,490,2.0625,150,230,380,1.5333,120,160,280,1.3333,110,130,240,1.1818,104,48
830,230,600,200,490,690,2.45,180,370,550,2.0556,160,320,480,2.0,140,230,370,1.6429,120,160,280,1.3333,100,130,230,1.3,104,48
810,230,590,210,480,690,2.2857,190,350,540,1.8421,170,290,460,1.7059,150,200,350,1.3333,130,130,260,1.0,120,100,220,0.8333299999999999,104,48
820,220,610,190,490,680,2.5789,170,380,550,2.2353,160,330,490,2.0625,140,240,380,1.7143,120,170,290,1.4167,100,140,240,1.4,103,48
820,210,600,200,500,700,2.5,170,380,550,2.2353,160,340,500,2.125,140,250,390,1.7857,120,170,290,1.4167,110,140,250,1.2727,103,48
810,220,590,190,490,680,2.5789,170,370,540,2.1765,160,320,480,2.0,140,230,370,1.6429,120,160,280,1.3333,100,120,220,1.2,104,48
870,220,610,190,500,690,2.6316,160,370,530,2.3125,150,320,470,2.1333,130,230,360,1.7692,110,160,270,1.4545,100,130,230,1.3,104,48
790,260,560,240,460,700,1.9167,220,350,570,1.5909,200,290,490,1.45,180,210,390,1.1667,160,140,300,0.875,140,110,250,0.78571,104,48
810,230,590,210,520,730,2.4762,170,380,550,2.2353,170,330,500,1.9412,140,230,370,1.6429,130,160,290,1.2308,110,130,240,1.1818,105,48
820,220,600,180,530,710,2.9444,160,390,550,2.4375,150,330,480,2.2,130,240,370,1.8462,110,170,280,1.5455,100,140,240,1.4,106,49
840,220,610,180,500,680,2.7778,160,380,540,2.375,150,340,490,2.2667,130,240,370,1.8462,110,180,290,1.6364,90,140,230,1.5556,107,49
830,230,610,200,500,700,2.5,170,380,550,2.2353,160,320,480,2.0,140,230,370,1.6429,120,170,290,1.4167,110,130,240,1.1818,107,50
820,220,610,200,500,700,2.5,170,380,550,2.2353,160,320,480,2.0,140,230,370,1.6429,110,150,260,1.3636,110,120,230,1.0909,107,50
830,210,610,180,510,690,2.8333,160,390,550,2.4375,150,330,480,2.2,130,240,370,1.8462,110,170,280,1.5455,90,140,230,1.5556,107,50
830,220,610,190,500,690,2.6316,160,370,530,2.3125,160,320,480,2.0,130,220,350,1.6923,120,160,280,1.3333,100,130,230,1.3,108,50
820,230,590,200,510,710,2.55,180,380,560,2.1111,170,330,500,1.9412,140,220,360,1.5714,120,160,280,1.3333,100,120,220,1.2,109,50
820,230,600,200,490,690,2.45,170,370,540,2.1765,170,320,490,1.8824,140,220,360,1.5714,120,160,280,1.3333,110,130,240,1.1818,109,50
830,220,600,190,500,690,2.6316,170,380,550,2.2353,160,330,490,2.0625,140,240,380,1.7143,120,170,290,1.4167,100,140,240,1.4,109,50
830,230,600,210,490,700,2.3333,180,370,550,2.0556,170,330,500,1.9412,150,230,380,1.5333,130,170,300,1.3077,110,130,240,1.1818,108,50
820,230,590,210,490,700,2.3333,190,380,570,2.0,170,320,490,1.8824,150,230,380,1.5333,120,160,280,1.3333,120,130,250,1.0833,108,50
810,230,600,200,490,690,2.45,180,370,550,2.0556,170,320,490,1.8824,140,240,380,1.7143,120,160,280,1.3333,110,130,240,1.1818,107,49
840,210,610,180,510,690,2.8333,160,390,550,2.4375,150,340,490,2.2667,130,240,370,1.8462,110,170,280,1.5455,100,140,240,1.4,107,49
830,230,600,200,510,710,2.55,180,380,560,2.1111,160,330,490,2.0625,150,230,380,1.5333,120,160,280,1.3333,110,130,240,1.1818,107,49
830,230,590,200,520,720,2.6,180,390,570,2.1667,170,340,510,2.0,140,240,380,1.7143,130,160,290,1.2308,110,120,230,1.0909,107,49
810,240,590,210,490,700,2.3333,190,370,560,1.9474,170,320,490,1.8824,160,230,390,1.4375,130,160,290,1.2308,110,130,240,1.1818,107,49
830,220,600,190,480,670,2.5263,170,360,530,2.1176,160,320,480,2.0,140,240,380,1.7143,110,170,280,1.5455,100,140,240,1.4,107,49
820,230,590,200,500,700,2.5,180,380,560,2.1111,170,330,500,1.9412,140,240,380,1.7143,130,170,300,1.3077,110,130,240,1.1818,107,49
820,230,590,200,500,700,2.5,180,390,570,2.1667,170,330,500,1.9412,150,230,380,1.5333,120,160,280,1.3333,110,130,240,1.1818,106,49
810,230,600,210,490,700,2.3333,170,380,550,2.2353,170,330,500,1.9412,140,240,380,1.7143,120,170,290,1.4167,110,130,240,1.1818,106,49
830,210,600,180,520,700,2.8889,160,400,560,2.5,150,340,490,2.2667,140,240,380,1.7143,110,170,280,1.5455,100,140,240,1.4,106,49
830,230,600,200,510,710,2.55,170,390,560,2.2941,160,330,490,2.0625,140,230,370,1.6429,120,160,280,1.3333,100,130,230,1.3,106,49
820,230,590,200,500,700,2.5,180,380,560,2.1111,170,330,500,1.9412,150,230,380,1.5333,120,160,280,1.3333,110,130,240,1.1818,106,49
820,230,590,200,500,700,2.5,180,380,560,2.1111,170,330,500,1.9412,140,240,380,1.7143,130,160,290,1.2308,110,130,240,1.1818,106,49
830,230,590,200,490,690,2.45,180,380,560,2.1111,160,330,490,2.0625,150,230,380,1.5333,120,160,280,1.3333,110,140,250,1.2727,106,49
820,240,590,200,490,690,2.45,190,370,560,1.9474,170,320,490,1.8824,150,230,380,1.5333,130,160,290,1.2308,110,130,240,1.1818,106,49
830,230,600,210,490,700,2.3333,180,370,550,2.0556,170,330,500,1.9412,140,230,370,1.6429,130,170,300,1.3077,110,130,240,1.1818,106,49
810,230,590,200,490,690,2.45,170,380,550,2.2353,160,330,490,2.0625,140,230,370,1.6429,120,170,290,1.4167,110,140,250,1.2727,106,49
830,220,600,190,500,690,2.6316,170,380,550,2.2353,160,330,490,2.0625,130,240,370,1.8462,110,170,280,1.5455,100,130,230,1.3,105,49
820,230,600,200,510,710,2.55,170,380,550,2.2353,160,330,490,2.0625,140,230,370,1.6429,120,160,280,1.3333,110,130,240,1.1818,105,49
820,220,590,190,500,690,2.6316,170,380,550,2.2353,160,330,490,2.0625,140,240,380,1.7143,120,160,280,1.3333,100,130,230,1.3,105,49
820,230,590,200,490,690,2.45,170,380,550,2.2353,160,320,480,2.0,140,240,380,1.7143,120,170,290,1.4167,110,140,250,1.2727,106,49
820,230,590,200,480,680,2.4,180,370,550,2.0556,160,320,480,2.0,140,240,380,1.7143,120,160,280,1.3333,100,130,230,1.3,106,49
820,230,580,200,500,700,2.5,170,380,550,2.2353,160,330,490,2.0625,150,230,380,1.5333,120,170,290,1.4167,110,140,250,1.2727,106,49
810,240,580,210,480,690,2.2857,180,360,540,2.0,180,320,500,1.7778,150,230,380,1.5333,130,160,290,1.2308,110,130,240,1.1818,106,49
800,230,590,200,510,710,2.55,180,380,560,2.1111,170,330,500,1.9412,150,230,380,1.5333,120,170,290,1.4167,110,130,240,1.1818,106,49
830,210,610,190,510,700,2.6842,160,390,550,2.4375,150,340,490,2.2667,130,240,370,1.8462,110,160,270,1.4545,100,130,230,1.3,106,49
810,220,590,190,530,720,2.7895,170,400,570,2.3529,160,350,510,2.1875,140,250,390,1.7857,120,180,300,1.5,100,140,240,1.4,106,49
830,220,600,190,510,700,2.6842,170,390,560,2.2941,150,350,500,2.3333,140,240,380,1.7143,110,170,280,1.5455,100,140,240,1.4,106,49
820,230,590,210,480,690,2.2857,180,360,540,2.0,170,320,490,1.8824,150,230,380,1.5333,130,160,290,1.2308,110,120,230,1.0909,106,49
790,230,580,210,480,690,2.2857,190,370,560,1.9474,170,310,480,1.8235,150,220,370,1.4667,130,150,280,1.1538,120,120,240,1.0,106,49
820,210,590,180,490,670,2.7222,150,380,530,2.5333,150,320,470,2.1333,130,230,360,1.7692,110,160,270,1.4545,100,130,230,1.3,106,49
810,230,590,200,510,710,2.55,170,390,560,2.2941,170,330,500,1.9412,150,240,390,1.6,130,170,300,1.3077,110,130,240,1.1818,106,49
830,220,600,190,490,680,2.5789,170,380,550,2.2353,160,340,500,2.125,140,240,380,1.7143,120,170,290,1.4167,100,140,240,1.4,105,49
810,230,590,210,490,700,2.3333,180,380,560,2.1111,170,330,500,1.9412,150,240,390,1.6,130,170,300,1.3077,110,130,240,1.1818,105,49
830,220,600,200,520,720,2.6,180,390,570,2.1667,160,330,490,2.0625,140,240,380,1.7143,120,160,280,1.3333,100,130,230,1.3,105,49
810,230,590,200,500,700,2.5,170,380,550,2.2353,170,330,500,1.9412,140,250,390,1.7857,130,160,290,1.2308,110,130,240,1.1818,105,49
810,220,590,190,550,740,2.8947,170,400,570,2.3529,160,360,520,2.25,140,250,390,1.7857,110,170,280,1.5455,100,140,240,1.4,105,49
830,220,600,190,500,690,2.6316,170,390,560,2.2941,150,350,500,2.3333,140,250,390,1.7857,110,180,290,1.6364,100,150,250,1.5,106,49
800,170,620,150,490,640,3.2667,140,370,510,2.6429,130,320,450,2.4615,110,220,330,2.0,100,170,270,1.7,90,150,240,1.6667,131,61
790,180,600,170,480,650,2.8235,140,360,500,2.5714,140,300,440,2.1429,120,200,320,1.6667,100,160,260,1.6,100,130,230,1.3,131,61
780,190,600,160,490,650,3.0625,140,340,480,2.4286,130,280,410,2.1538,120,170,290,1.4167,100,130,230,1.3,90,110,200,1.2222,133,61
780,180,590,160,470,630,2.9375,140,340,480,2.4286,130,280,410,2.1538,110,190,300,1.7273,100,150,250,1.5,90,120,210,1.3333,135,62
740,190,560,170,460,630,2.7059,150,330,480,2.2,140,280,420,2.0,130,180,310,1.3846,110,130,240,1.1818,100,120,220,1.2,136,63
770,180,570,160,440,600,2.75,140,320,460,2.2857,130,270,400,2.0769,110,190,300,1.7273,100,150,250,1.5,80,120,200,1.5,139,64
740,200,560,180,420,600,2.3333,150,300,450,2.0,140,250,390,1.7857,120,180,300,1.5,110,130,240,1.1818,100,110,210,1.1,139,64
750,180,570,160,430,590,2.6875,140,290,430,2.0714,140,250,390,1.7857,120,180,300,1.5,100,140,240,1.4,90,120,210,1.3333,141,65
740,180,560,160,450,610,2.8125,140,310,450,2.2143,130,260,390,2.0,120,180,300,1.5,100,140,240,1.4,90,120,210,1.3333,142,65
750,180,570,150,440,590,2.9333,140,310,450,2.2143,130,270,400,2.0769,110,180,290,1.6364,100,150,250,1.5,90,120,210,1.3333,142,65
730,180,550,160,450,610,2.8125,140,320,460,2.2857,140,260,400,1.8571,120,170,290,1.4167,100,130,230,1.3,100,120,220,1.2,142,65
740,180,570,150,430,580,2.8667,140,310,450,2.2143,130,270,400,2.0769,110,180,290,1.6364,100,140,240,1.4,90,110,200,1.2222,142,65
740,170,560,160,450,610,2.8125,130,310,440,2.3846,130,250,380,1.9231,110,170,280,1.5455,90,140,230,1.5556,90,120,210,1.3333,142,66
730,180,550,150,470,620,3.1333,140,320,460,2.2857,130,270,400,2.0769,110,190,300,1.7273,100,140,240,1.4,90,120,210,1.3333,142,66
730,180,550,160,430,590,2.6875,140,310,450,2.2143,130,260,390,2.0,120,180,300,1.5,100,140,240,1.4,80,130,210,1.625,142,66
730,180,550,170,450,620,2.6471,150,320,470,2.1333,140,260,400,1.8571,120,170,290,1.4167,100,140,240,1.4,90,120,210,1.3333,142,66
720,180,540,170,420,590,2.4706,140,300,440,2.1429,140,250,390,1.7857,120,170,290,1.4167,110,130,240,1.1818,100,120,220,1.2,142,66
730,180,550,160,410,570,2.5625,140,290,430,2.0714,130,250,380,1.9231,110,180,290,1.6364,100,140,240,1.4,90,120,210,1.3333,142,66
730,180,550,150,460,610,3.0667,140,300,440,2.1429,130,250,380,1.9231,110,180,290,1.6364,100,140,240,1.4,80,120,200,1.5,142,66
730,180,540,160,420,580,2.625,140,300,440,2.1429,130,240,370,1.8462,120,170,290,1.4167,100,130,230,1.3,90,110,200,1.2222,142,66
720,190,530,170,410,580,2.4118,140,290,430,2.0714,130,240,370,1.8462,120,160,280,1.3333,110,130,240,1.1818,90,110,200,1.2222,143,67
710,190,530,160,430,590,2.6875,140,300,440,2.1429,140,250,390,1.7857,120,170,290,1.4167,100,130,230,1.3,90,120,210,1.3333,143,67
720,180,540,160,420,580,2.625,130,300,430,2.3077,130,260,390,2.0,110,180,290,1.6364,90,140,230,1.5556,80,120,200,1.5,143,67
730,180,540,160,420,580,2.625,140,300,440,2.1429,130,250,380,1.9231,120,170,290,1.4167,100,140,240,1.4,90,120,210,1.3333,144,68
710,190,520,170,420,590,2.4706,150,300,450,2.0,140,250,390,1.7857,130,170,300,1.3077,110,130,240,1.1818,100,110,210,1.1,145,68
710,190,530,160,420,580,2.625,140,300,440,2.1429,140,250,390,1.7857,120,180,300,1.5,110,140,250,1.2727,90,120,210,1.3333,145,68
710,180,540,160,410,570,2.5625,140,300,440,2.1429,130,250,380,1.9231,110,180,290,1.6364,100,140,240,1.4,90,120,210,1.3333,145,68
720,170,550,160,400,560,2.5,140,290,430,2.0714,130,240,370,1.8462,120,160,280,1.3333,100,130,230,1.3,90,120,210,1.3333,146,68
720,170,540,150,440,590,2.9333,140,310,450,2.2143,130,260,390,2.0,110,180,290,1.6364,100,140,240,1.4,90,120,210,1.3333,146,68
720,180,540,160,430,590,2.6875,140,300,440,2.1429,130,250,380,1.9231,110,160,270,1.4545,100,130,230,1.3,90,120,210,1.3333,146,68
720,180,550,160,440,600,2.75,140,300,440,2.1429,130,250,380,1.9231,110,170,280,1.5455,100,130,230,1.3,90,120,210,1.3333,146,69
720,180,540,150,410,560,2.7333,140,290,430,2.0714,130,240,370,1.8462,110,170,280,1.5455,100,140,240,1.4,90,120,210,1.3333,147,69
710,180,530,160,420,580,2.625,140,290,430,2.0714,140,240,380,1.7143,120,170,290,1.4167,100,140,240,1.4,90,120,210,1.3333,147,69
710,180,530,170,410,580,2.4118,140,280,420,2.0,130,240,370,1.8462,120,170,290,1.4167,100,130,230,1.3,90,120,210,1.3333,149,70
700,180,530,160,410,570,2.5625,150,290,440,1.9333,140,240,380,1.7143,120,170,290,1.4167,110,130,240,1.1818,90,110,200,1.2222,149,70
720,170,540,160,410,570,2.5625,140,290,430,2.0714,130,240,370,1.8462,110,170,280,1.5455,100,140,240,1.4,90,120,210,1.3333,149,70
710,180,530,160,420,580,2.625,140,300,440,2.1429,140,250,390,1.7857,120,170,290,1.4167,100,130,230,1.3,100,120,220,1.2,149,70
710,180,530,160,490,650,3.0625,140,300,440,2.1429,130,250,380,1.9231,120,170,290,1.4167,100,130,230,1.3,90,110,200,1.2222,149,70
720,180,540,160,420,580,2.625,140,300,440,2.1429,130,250,380,1.9231,120,170,290,1.4167,100,140,240,1.4,80,110,190,1.375,149,70
720,180,540,160,420,580,2.625,140,290,430,2.0714,130,250,380,1.9231,110,170,280,1.5455,90,140,230,1.5556,80,120,200,1.5,150,70
720,180,540,160,410,570,2.5625,140,300,440,2.1429,130,250,380,1.9231,110,170,280,1.5455,100,140,240,1.4,90,120,210,1.3333,150,71
710,180,530,160,410,570,2.5625,150,290,440,1.9333,130,240,370,1.8462,120,160,280,1.3333,100,130,230,1.3,90,110,200,1.2222,150,71
720,180,530,160,410,570,2.5625,140,290,430,2.0714,130,240,370,1.8462,110,170,280,1.5455,110,140,250,1.2727,90,120,210,1.3333,150,71
710,190,540,150,440,590,2.9333,140,300,440,2.1429,130,250,380,1.9231,110,180,290,1.6364,100,140,240,1.4,90,120,210,1.3333,150,71
730,170,550,150,400,550,2.6667,140,290,430,2.0714,130,250,380,1.9231,110,180,290,1.6364,100,150,250,1.5,80,130,210,1.625,150,71
710,180,530,170,410,580,2.4118,150,290,440,1.9333,140,240,380,1.7143,120,170,290,1.4167,110,140,250,1.2727,100,110,210,1.1,150,71
710,180,520,170,410,580,2.4118,140,280,420,2.0,140,240,380,1.7143,120,160,280,1.3333,100,130,230,1.3,100,120,220,1.2,150,71
710,190,530,160,420,580,2.625,140,290,430,2.0714,130,250,380,1.9231,120,170,290,1.4167,110,130,240,1.1818,90,110,200,1.2222,149,70
740,180,530,160,420,580,2.625,140,290,430,2.0714,130,240,370,1.8462,120,170,290,1.4167,110,130,240,1.1818,90,110,200,1.2222,149,70
680,210,500,180,410,590,2.2778,170,280,450,1.6471,160,230,390,1.4375,140,150,290,1.0714,130,110,240,0.84615,110,90,200,0.81818,149,70
720,180,540,150,420,570,2.8,140,290,430,2.0714,130,240,370,1.8462,110,170,280,1.5455,100,140,240,1.4,90,120,210,1.3333,149,70
710,180,530,170,410,580,2.4118,140,290,430,2.0714,140,240,380,1.7143,120,160,280,1.3333,100,130,230,1.3,100,120,220,1.2,149,70
710,180,530,160,430,590,2.6875,140,300,440,2.1429,130,250,380,1.9231,120,170,290,1.4167,100,130,230,1.3,90,120,210,1.3333,149,70
690,190,510,170,400,570,2.3529,140,280,420,2.0,140,240,380,1.7143,130,160,290,1.2308,110,130,240,1.1818,100,120,220,1.2,150,71
700,180,520,150,400,550,2.6667,140,280,420,2.0,130,230,360,1.7692,110,160,270,1.4545,100,130,230,1.3,90,110,200,1.2222,149,71
710,180,520,160,410,570,2.5625,140,290,430,2.0714,130,240,370,1.8462,120,170,290,1.4167,100,130,230,1.3,90,110,200,1.2222,149,70
700,190,520,160,410,570,2.5625,150,290,440,1.9333,140,230,370,1.6429,120,160,280,1.3333,110,120,230,1.0909,100,100,200,1.0,150,70
700,180,510,170,400,570,2.3529,140,280,420,2.0,140,240,380,1.7143,120,160,280,1.3333,100,130,230,1.3,100,120,220,1.2,150,70
700,190,520,160,400,560,2.5,150,280,430,1.8667,140,230,370,1.6429,120,170,290,1.4167,110,130,240,1.1818,100,110,210,1.1,150,70
710,180,520,160,410,570,2.5625,140,280,420,2.0,140,240,380,1.7143,120,170,290,1.4167,100,130,230,1.3,100,120,220,1.2,150,70
700,190,510,170,390,560,2.2941,150,280,430,1.8667,140,230,370,1.6429,130,170,300,1.3077,110,130,240,1.1818,100,110,210,1.1,150,70
700,190,500,170,420,590,2.4706,150,290,440,1.9333,150,250,400,1.6667,130,170,300,1.3077,110,130,240,1.1818,110,110,220,1.0,151,71
690,200,490,180,430,610,2.3889,170,300,470,1.7647,160,250,410,1.5625,140,160,300,1.1429,130,130,260,1.0,120,100,220,0.8333299999999999,151,71
690,200,500,180,410,590,2.2778,160,300,460,1.875,150,250,400,1.6667,140,160,300,1.1429,120,120,240,1.0,110,110,220,1.0,151,71
700,190,500,170,450,620,2.6471,160,320,480,2.0,150,270,420,1.8,130,190,320,1.4615,110,130,240,1.1818,110,110,220,1.0,150,71
700,200,490,170,410,580,2.4118,160,310,470,1.9375,150,260,410,1.7333,130,170,300,1.3077,120,130,250,1.0833,110,110,220,1.0,151,71
700,210,480,190,390,580,2.0526,170,290,460,1.7059,160,240,400,1.5,150,160,310,1.0667,130,120,250,0.92308,110,100,210,0.90909,151,71
680,220,480,240,370,610,1.5417,190,300,490,1.5789,180,270,450,1.5,160,170,330,1.0625,140,120,260,0.85714,130,100,230,0.76923,151,71
690,200,480,190,380,570,2.0,170,280,450,1.6471,170,230,400,1.3529,140,160,300,1.1429,130,120,250,0.92308,110,100,210,0.90909,152,71
670,210,480,190,380,570,2.0,170,270,440,1.5882,160,230,390,1.4375,140,160,300,1.1429,130,120,250,0.92308,110,100,210,0.90909,153,72
690,190,490,170,440,610,2.5882,150,280,430,1.8667,140,240,380,1.7143,130,170,300,1.3077,110,130,240,1.1818,100,120,220,1.2,153,72
680,200,490,180,380,560,2.1111,150,280,430,1.8667,140,240,380,1.7143,140,160,300,1.1429,120,130,250,1.0833,100,110,210,1.1,155,73
680,190,490,170,390,560,2.2941,150,280,430,1.8667,140,240,380,1.7143,130,160,290,1.2308,110,130,240,1.1818,100,130,230,1.3,157,73
680,190,490,170,400,570,2.3529,140,280,420,2.0,140,230,370,1.6429,130,160,290,1.2308,110,120,230,1.0909,100,110,210,1.1,157,73
680,190,500,170,400,570,2.3529,140,280,420,2.0,140,240,380,1.7143,120,160,280,1.3333,100,120,220,1.2,100,110,210,1.1,159,74
680,180,490,170,390,560,2.2941,140,280,420,2.0,140,240,380,1.7143,120,160,280,1.3333,100,120,220,1.2,100,110,210,1.1,160,75
680,190,490,170,390,560,2.2941,150,270,420,1.8,140,230,370,1.6429,130,160,290,1.2308,100,130,230,1.3,100,120,220,1.2,160,75
670,190,490,170,390,560,2.2941,150,270,420,1.8,140,230,370,1.6429,130,160,290,1.2308,110,130,240,1.1818,100,120,220,1.2,161,75
690,180,500,160,400,560,2.5,140,290,430,2.0714,130,240,370,1.8462,120,170,290,1.4167,100,140,240,1.4,90,130,220,1.4444,162,76
670,190,480,170,400,570,2.3529,140,280,420,2.0,140,240,380,1.7143,120,160,280,1.3333,100,130,230,1.3,100,120,220,1.2,162,76
680,190,490,170,390,560,2.2941,150,280,430,1.8667,140,230,370,1.6429,130,170,300,1.3077,110,130,240,1.1818,90,120,210,1.3333,163,77
680,190,490,170,380,550,2.2353,150,280,430,1.8667,140,230,370,1.6429,130,170,300,1.3077,110,130,240,1.1818,90,120,210,1.3333,163,77
670,190,480,170,370,540,2.1765,150,270,420,1.8,140,220,360,1.5714,130,160,290,1.2308,110,120,230,1.0909,100,100,200,1.0,163,77
660,190,480,170,380,550,2.2353,150,260,410,1.7333,140,220,360,1.5714,120,150,270,1.25,110,120,230,1.0909,100,100,200,1.0,163,77
680,180,480,160,390,550,2.4375,140,280,420,2.0,140,240,380,1.7143,120,160,280,1.3333,100,130,230,1.3,100,120,220,1.2,163,77
670,200,470,180,370,550,2.0556,150,270,420,1.8,150,230,380,1.5333,140,160,300,1.1429,120,120,240,1.0,100,100,200,1.0,163,77
660,200,470,180,370,550,2.0556,160,260,420,1.625,150,210,360,1.4,130,150,280,1.1538,120,120,240,1.0,110,100,210,0.90909,163,77
660,190,470,170,390,560,2.2941,150,270,420,1.8,150,230,380,1.5333,130,150,280,1.1538,110,120,230,1.0909,110,110,220,1.0,164,77
670,190,480,170,380,550,2.2353,160,280,440,1.75,150,230,380,1.5333,130,160,290,1.2308,120,130,250,1.0833,100,100,200,1.0,164,77
650,190,470,170,380,550,2.2353,160,270,430,1.6875,150,220,370,1.4667,130,150,280,1.1538,120,120,240,1.0,110,100,210,0.90909,164,78
680,180,480,160,380,540,2.375,140,280,420,2.0,130,240,370,1.8462,120,170,290,1.4167,100,130,230,1.3,90,120,210,1.3333,164,78
660,200,470,170,370,540,2.1765,160,270,430,1.6875,150,220,370,1.4667,130,160,290,1.2308,120,120,240,1.0,110,100,210,0.90909,164,78
650,190,470,180,370,550,2.0556,150,270,420,1.8,150,230,380,1.5333,130,150,280,1.1538,120,120,240,1.0,110,110,220,1.0,164,78
660,180,490,160,380,540,2.375,140,280,420,2.0,130,230,360,1.7692,120,160,280,1.3333,100,130,230,1.3,90,110,200,1.2222,164,78
640,170,470,150,370,520,2.4667,140,270,410,1.9286,130,220,350,1.6923,110,160,270,1.4545,100,120,220,1.2,90,100,190,1.1111,164,78
670,170,480,150,370,520,2.4667,130,270,400,2.0769,120,230,350,1.9167,100,160,260,1.6,90,130,220,1.4444,80,120,200,1.5,164,78
660,190,480,170,410,580,2.4118,150,290,440,1.9333,140,250,390,1.7857,130,170,300,1.3077,110,130,240,1.1818,90,110,200,1.2222,165,79
660,180,470,170,380,550,2.2353,150,270,420,1.8,140,230,370,1.6429,120,160,280,1.3333,110,120,230,1.0909,100,110,210,1.1,165,79
660,190,480,170,380,550,2.2353,150,280,430,1.8667,140,230,370,1.6429,130,160,290,1.2308,110,130,240,1.1818,100,110,210,1.1,165,79
670,180,480,160,380,540,2.375,150,270,420,1.8,140,230,370,1.6429,120,160,280,1.3333,110,130,240,1.1818,90,110,200,1.2222,165,79
680,190,480,170,380,550,2.2353,140,280,420,2.0,140,230,370,1.6429,120,160,280,1.3333,110,120,230,1.0909,100,110,210,1.1,165,79
650,200,450,180,360,540,2.0,160,260,420,1.625,150,210,360,1.4,140,150,290,1.0714,120,120,240,1.0,110,90,200,0.81818,165,79
670,200,480,170,380,550,2.2353,150,270,420,1.8,150,230,380,1.5333,130,150,280,1.1538,110,120,230,1.0909,100,110,210,1.1,165,79
670,190,480,180,380,560,2.1111,150,280,430,1.8667,140,240,380,1.7143,130,160,290,1.2308,110,120,230,1.0909,100,110,210,1.1,165,79
680,200,490,180,380,560,2.1111,160,260,420,1.625,160,220,380,1.375,130,160,290,1.2308,120,120,240,1.0,110,100,210,0.90909,153,71
690,190,500,170,380,550,2.2353,150,280,430,1.8667,140,240,380,1.7143,120,160,280,1.3333,110,130,240,1.1818,100,110,210,1.1,153,70
690,190,500,170,400,570,2.3529,150,290,440,1.9333,140,250,390,1.7857,130,170,300,1.3077,110,130,240,1.1818,90,110,200,1.2222,153,70
700,190,510,160,410,570,2.5625,150,290,440,1.9333,140,250,390,1.7857,120,170,290,1.4167,100,130,230,1.3,90,120,210,1.3333,153,70
700,190,500,170,420,590,2.4706,160,300,460,1.875,150,250,400,1.6667,130,170,300,1.3077,120,130,250,1.0833,100,110,210,1.1,152,70
690,200,490,180,380,560,2.1111,160,280,440,1.75,150,240,390,1.6,140,160,300,1.1429,120,120,240,1.0,110,100,210,0.90909,152,70
690,200,490,180,380,560,2.1111,160,270,430,1.6875,150,220,370,1.4667,140,160,300,1.1429,110,120,230,1.0909,110,100,210,0.90909,152,70
700,200,500,170,400,570,2.3529,160,290,450,1.8125,150,240,390,1.6,130,170,300,1.3077,120,120,240,1.0,100,100,200,1.0,152,70
700,200,500,180,390,570,2.1667,150,280,430,1.8667,140,230,370,1.6429,130,160,290,1.2308,110,120,230,1.0909,100,110,210,1.1,152,70
690,200,490,180,410,590,2.2778,160,290,450,1.8125,150,240,390,1.6,130,170,300,1.3077,120,120,240,1.0,110,100,210,0.90909,152,70
700,200,500,170,390,560,2.2941,160,290,450,1.8125,150,240,390,1.6,130,170,300,1.3077,110,130,240,1.1818,100,110,210,1.1,152,70
690,200,500,180,390,570,2.1667,160,270,430,1.6875,150,230,380,1.5333,140,160,300,1.1429,120,120,240,1.0,110,110,220,1.0,152,70
700,190,500,180,380,560,2.1111,160,270,430,1.6875,150,220,370,1.4667,130,150,280,1.1538,120,120,240,1.0,100,100,200,1.0,152,70
700,200,500,180,410,590,2.2778,160,280,440,1.75,150,240,390,1.6,140,160,300,1.1429,120,120,240,1.0,100,100,200,1.0,152,70
690,200,490,180,380,560,2.1111,160,270,430,1.6875,160,220,380,1.375,140,150,290,1.0714,120,120,240,1.0,110,100,210,0.90909,152,70
690,200,500,170,390,560,2.2941,160,280,440,1.75,150,230,380,1.5333,130,170,300,1.3077,120,130,250,1.0833,100,100,200,1.0,152,70
700,190,500,170,400,570,2.3529,150,280,430,1.8667,140,240,380,1.7143,130,160,290,1.2308,110,120,230,1.0909,100,110,210,1.1,152,70
690,200,500,180,400,580,2.2222,160,280,440,1.75,150,240,390,1.6,130,160,290,1.2308,120,120,240,1.0,110,100,210,0.90909,152,70
700,190,510,170,400,570,2.3529,150,290,440,1.9333,140,240,380,1.7143,130,170,300,1.3077,110,120,230,1.0909,100,110,210,1.1,152,70
690,190,490,170,380,550,2.2353,150,270,420,1.8,150,230,380,1.5333,130,150,280,1.1538,110,120,230,1.0909,100,110,210,1.1,152,70
690,200,490,170,400,570,2.3529,160,280,440,1.75,150,230,380,1.5333,120,160,280,1.3333,110,120,230,1.0909,100,100,200,1.0,152,70
670,200,480,180,370,550,2.0556,170,260,430,1.5294,160,230,390,1.4375,130,160,290,1.2308,120,120,240,1.0,100,100,200,1.0,152,70
690,190,500,160,420,580,2.625,150,300,450,2.0,140,250,390,1.7857,120,180,300,1.5,100,140,240,1.4,90,110,200,1.2222,152,70
670,190,490,170,390,560,2.2941,150,280,430,1.8667,140,240,380,1.7143,130,170,300,1.3077,110,130,240,1.1818,100,110,210,1.1,151,70
700,180,510,160,410,570,2.5625,140,290,430,2.0714,130,240,370,1.8462,120,170,290,1.4167,100,140,240,1.4,80,120,200,1.5,151,69
680,190,490,170,400,570,2.3529,150,280,430,1.8667,140,240,380,1.7143,130,160,290,1.2308,110,120,230,1.0909,100,110,210,1.1,151,69
700,190,510,170,400,570,2.3529,140,280,420,2.0,140,240,380,1.7143,120,160,280,1.3333,100,130,230,1.3,100,110,210,1.1,151,69
690,190,490,170,400,570,2.3529,160,280,440,1.75,150,230,380,1.5333,130,160,290,1.2308,110,120,230,1.0909,100,100,200,1.0,151,69
680,200,490,180,400,580,2.2222,160,280,440,1.75,150,240,390,1.6,130,160,290,1.2308,120,120,240,1.0,100,100,200,1.0,151,69
690,190,510,170,400,570,2.3529,150,290,440,1.9333,140,240,380,1.7143,130,170,300,1.3077,110,130,240,1.1818,90,120,210,1.3333,150,69
700,180,510,170,390,560,2.2941,150,280,430,1.8667,140,240,380,1.7143,130,160,290,1.2308,100,130,230,1.3,100,120,220,1.2,150,69
690,190,500,170,400,570,2.3529,150,280,430,1.8667,140,240,380,1.7143,120,170,290,1.4167,110,130,240,1.1818,100,110,210,1.1,150,69
700,190,510,170,420,590,2.4706,150,300,450,2.0,140,250,390,1.7857,130,170,300,1.3077,100,130,230,1.3,90,110,200,1.2222,150,69
700,190,510,170,400,570,2.3529,150,290,440,1.9333,150,250,400,1.6667,130,180,310,1.3846,110,140,250,1.2727,100,120,220,1.2,150,69
690,190,500,170,400,570,2.3529,150,280,430,1.8667,140,240,380,1.7143,130,170,300,1.3077,110,130,240,1.1818,90,110,200,1.2222,149,69
700,190,510,160,400,560,2.5,140,290,430,2.0714,140,250,390,1.7857,120,170,290,1.4167,100,130,230,1.3,90,110,200,1.2222,149,69
700,190,500,170,420,590,2.4706,160,300,460,1.875,150,250,400,1.6667,130,170,300,1.3077,120,130,250,1.0833,100,110,210,1.1,150,69
690,200,500,180,400,580,2.2222,160,280,440,1.75,150,240,390,1.6,130,160,290,1.2308,110,120,230,1.0909,100,110,210,1.1,149,68
700,190,500,170,390,560,2.2941,150,280,430,1.8667,140,230,370,1.6429,120,160,280,1.3333,110,120,230,1.0909,100,110,210,1.1,149,68
690,200,490,170,410,580,2.4118,160,290,450,1.8125,150,240,390,1.6,130,160,290,1.2308,120,120,240,1.0,110,100,210,0.90909,149,68
690,200,500,170,400,570,2.3529,150,280,430,1.8667,140,240,380,1.7143,130,160,290,1.2308,110,120,230,1.0909,100,110,210,1.1,149,68
690,190,500,170,390,560,2.2941,150,280,430,1.8667,150,230,380,1.5333,120,160,280,1.3333,110,120,230,1.0909,100,110,210,1.1,149,68
690,190,490,170,380,550,2.2353,160,270,430,1.6875,150,230,380,1.5333,130,160,290,1.2308,120,120,240,1.0,100,100,200,1.0,149,68
690,200,500,170,390,560,2.2941,160,280,440,1.75,150,230,380,1.5333,130,160,290,1.2308,110,120,230,1.0909,100,100,200,1.0,149,68
700,190,480,170,400,570,2.3529,150,280,430,1.8667,140,240,380,1.7143,130,160,290,1.2308,110,120,230,1.0909,100,110,210,1.1,148,68
690,220,490,180,420,600,2.3333,160,290,450,1.8125,160,240,400,1.5,130,160,290,1.2308,120,120,240,1.0,110,100,210,0.90909,148,68
690,200,500,170,400,570,2.3529,160,280,440,1.75,150,230,380,1.5333,130,160,290,1.2308,120,120,240,1.0,100,100,200,1.0,148,68
700,190,510,180,410,590,2.2778,150,280,430,1.8667,140,240,380,1.7143,130,160,290,1.2308,110,130,240,1.1818,100,110,210,1.1,148,68
700,190,500,170,410,580,2.4118,160,280,440,1.75,150,240,390,1.6,120,160,280,1.3333,110,130,240,1.1818,100,100,200,1.0,148,68
710,200,510,170,400,570,2.3529,150,280,430,1.8667,140,240,380,1.7143,130,160,290,1.2308,110,130,240,1.1818,100,110,210,1.1,148,68
690,200,510,170,380,550,2.2353,160,280,440,1.75,150,230,380,1.5333,130,160,290,1.2308,120,130,250,1.0833,100,100,200,1.0,147,68
710,180,520,170,400,570,2.3529,150,280,430,1.8667,140,240,380,1.7143,130,160,290,1.2308,110,120,230,1.0909,100,110,210,1.1,147,68
710,200,510,180,400,580,2.2222,160,280,440,1.75,150,240,390,1.6,130,160,290,1.2308,110,120,230,1.0909,100,110,210,1.1,147,67
700,200,510,170,400,570,2.3529,160,280,440,1.75,150,230,380,1.5333,130,160,290,1.2308,120,120,240,1.0,100,100,200,1.0,147,67
710,190,510,170,430,600,2.5294,150,300,450,2.0,150,250,400,1.6667,130,170,300,1.3077,110,130,240,1.1818,100,110,210,1.1,147,67
710,200,520,180,400,580,2.2222,150,280,430,1.8667,140,250,390,1.7857,130,170,300,1.3077,110,130,240,1.1818,100,110,210,1.1,147,67
720,190,530,170,410,580,2.4118,150,290,440,1.9333,140,250,390,1.7857,130,170,300,1.3077,110,130,240,1.1818,90,110,200,1.2222,147,67
720,190,520,170,440,610,2.5882,150,300,450,2.0,140,250,390,1.7857,130,170,300,1.3077,100,130,230,1.3,90,110,200,1.2222,146,67
710,200,520,180,400,580,2.2222,160,280,440,1.75,150,240,390,1.6,130,160,290,1.2308,120,130,250,1.0833,100,100,200,1.0,146,67
700,190,510,180,400,580,2.2222,160,290,450,1.8125,150,240,390,1.6,130,170,300,1.3077,120,130,250,1.0833,100,100,200,1.0,146,67
710,190,520,170,400,570,2.3529,140,280,420,2.0,140,240,380,1.7143,120,160,280,1.3333,100,120,220,1.2,100,110,210,1.1,146,67
710,190,510,170,420,590,2.4706,150,300,450,2.0,140,260,400,1.8571,130,180,310,1.3846,110,130,240,1.1818,100,110,210,1.1,145,66
700,200,500,180,390,570,2.1667,160,280,440,1.75,150,230,380,1.5333,130,160,290,1.2308,120,120,240,1.0,110,100,210,0.90909,145,66
700,200,500,180,400,580,2.2222,160,280,440,1.75,150,240,390,1.6,130,160,290,1.2308,110,120,230,1.0909,100,110,210,1.1,145,66
690,200,500,170,400,570,2.3529,160,280,440,1.75,150,230,380,1.5333,130,160,290,1.2308,120,120,240,1.0,100,100,200,1.0,145,66
710,190,510,170,400,570,2.3529,150,290,440,1.9333,140,250,390,1.7857,130,170,300,1.3077,110,130,240,1.1818,100,110,210,1.1,145,66
680,200,490,180,390,570,2.1667,160,280,440,1.75,160,230,390,1.4375,140,160,300,1.1429,120,120,240,1.0,110,100,210,0.90909,145,66
690,190,490,180,380,560,2.1111,160,280,440,1.75,150,230,380,1.5333,130,170,300,1.3077,120,120,240,1.0,100,100,200,1.0,144,66
680,200,490,180,390,570,2.1667,170,280,450,1.6471,150,230,380,1.5333,130,160,290,1.2308,120,120,240,1.0,110,100,210,0.90909,144,66
660,190,480,170,370,540,2.1765,160,260,420,1.625,150,220,370,1.4667,130,150,280,1.1538,110,120,230,1.0909,100,100,200,1.0,144,66
680,180,490,160,410,570,2.5625,140,290,430,2.0714,130,240,370,1.8462,110,170,280,1.5455,100,130,230,1.3,90,110,200,1.2222,144,66
670,190,490,170,390,560,2.2941,150,270,420,1.8,150,230,380,1.5333,130,160,290,1.2308,110,120,230,1.0909,100,110,210,1.1,144,66
680,180,490,170,380,550,2.2353,140,280,420,2.0,140,230,370,1.6429,120,160,280,1.3333,100,120,220,1.2,100,100,200,1.0,144,66
680,190,490,170,410,580,2.4118,150,290,440,1.9333,140,240,380,1.7143,130,160,290,1.2308,110,120,230,1.0909,100,110,210,1.1,144,66
710,190,490,180,410,590,2.2778,150,300,450,2.0,140,250,390,1.7857,130,180,310,1.3846,110,130,240,1.1818,100,120,220,1.2,144,66
660,220,470,200,420,620,2.1,180,290,470,1.6111,170,240,410,1.4118,150,160,310,1.0667,130,110,240,0.84615,120,90,210,0.75,145,67
690,190,490,180,400,580,2.2222,160,290,450,1.8125,150,250,400,1.6667,140,170,310,1.2143,110,130,240,1.1818,110,110,220,1.0,145,67
690,200,490,180,390,570,2.1667,160,290,450,1.8125,160,240,400,1.5,140,170,310,1.2143,120,130,250,1.0833,110,100,210,0.90909,145,67
680,200,480,210,380,590,1.8095,170,280,450,1.6471,170,230,400,1.3529,140,160,300,1.1429,130,120,250,0.92308,110,90,200,0.81818,146,67
670,200,480,180,390,570,2.1667,170,290,460,1.7059,160,250,410,1.5625,140,170,310,1.2143,130,120,250,0.92308,110,100,210,0.90909,146,67
690,190,480,180,400,580,2.2222,160,290,450,1.8125,160,240,400,1.5,140,170,310,1.2143,120,130,250,1.0833,110,110,220,1.0,146,68
660,210,470,190,400,590,2.1053,170,290,460,1.7059,170,240,410,1.4118,150,160,310,1.0667,130,110,240,0.84615,120,90,210,0.75,147,68
700,190,490,170,420,590,2.4706,150,310,460,2.0667,150,260,410,1.7333,130,170,300,1.3077,110,130,240,1.1818,110,110,220,1.0,147,68
660,210,470,190,390,580,2.0526,170,290,460,1.7059,170,240,410,1.4118,150,160,310,1.0667,140,120,260,0.85714,120,90,210,0.75,149,69
690,190,480,180,390,570,2.1667,160,290,450,1.8125,150,240,390,1.6,130,170,300,1.3077,110,130,240,1.1818,110,110,220,1.0,150,69
660,210,460,200,370,570,1.85,170,270,440,1.5882,160,220,380,1.375,150,150,300,1.0,130,110,240,0.84615,120,100,220,0.8333299999999999,150,69
680,200,470,180,380,560,2.1111,170,280,450,1.6471,160,240,400,1.5,140,160,300,1.1429,120,120,240,1.0,110,100,210,0.90909,151,69
680,210,470,190,370,560,1.9474,170,280,450,1.6471,160,230,390,1.4375,140,160,300,1.1429,130,120,250,0.92308,120,90,210,0.75,153,70
670,210,460,200,380,580,1.9,180,270,450,1.5,170,220,390,1.2941,150,160,310,1.0667,140,110,250,0.78571,120,90,210,0.75,153,70
650,210,460,200,370,570,1.85,170,260,430,1.5294,170,220,390,1.2941,150,150,300,1.0,130,110,240,0.84615,120,90,210,0.75,155,71
690,190,490,170,390,560,2.2941,150,280,430,1.8667,140,240,380,1.7143,130,170,300,1.3077,100,130,230,1.3,100,120,220,1.2,156,71
680,200,480,180,380,560,2.1111,160,270,430,1.6875,150,230,380,1.5333,140,150,290,1.0714,120,120,240,1.0,110,100,210,0.90909,156,71
680,200,480,180,390,570,2.1667,160,280,440,1.75,150,230,380,1.5333,140,160,300,1.1429,120,120,240,1.0,110,100,210,0.90909,158,72
670,200,480,190,390,580,2.0526,160,270,430,1.6875,150,220,370,1.4667,140,150,290,1.0714,120,110,230,0.91667,110,90,200,0.81818,159,73
680,190,490,180,370,550,2.0556,150,270,420,1.8,140,230,370,1.6429,130,160,290,1.2308,110,130,240,1.1818,100,110,210,1.1,159,73
680,190,490,170,370,540,2.1765,150,270,420,1.8,140,230,370,1.6429,130,160,290,1.2308,110,120,230,1.0909,100,110,210,1.1,161,74
680,190,490,170,400,570,2.3529,150,290,440,1.9333,140,240,380,1.7143,130,160,290,1.2308,110,120,230,1.0909,100,110,210,1.1,162,74
680,190,480,170,380,550,2.2353,150,280,430,1.8667,140,230,370,1.6429,130,160,290,1.2308,110,120,230,1.0909,100,110,210,1.1,162,74
670,200,480,180,370,550,2.0556,160,260,420,1.625,150,220,370,1.4667,140,150,290,1.0714,120,120,240,1.0,100,100,200,1.0,162,74
670,190,480,170,380,550,2.2353,160,260,420,1.625,150,220,370,1.4667,130,160,290,1.2308,110,120,230,1.0909,100,100,200,1.0,162,74
690,190,490,160,400,560,2.5,150,280,430,1.8667,140,230,370,1.6429,120,160,280,1.3333,110,130,240,1.1818,90,100,190,1.1111,162,74
670,200,480,170,370,540,2.1765,160,270,430,1.6875,150,220,370,1.4667,130,160,290,1.2308,120,120,240,1.0,110,100,210,0.90909,162,74
680,190,490,170,380,550,2.2353,150,270,420,1.8,140,220,360,1.5714,120,160,280,1.3333,110,120,230,1.0909,100,100,200,1.0,161,73
680,190,490,170,380,550,2.2353,150,260,410,1.7333,140,220,360,1.5714,120,160,280,1.3333,110,120,230,1.0909,100,100,200,1.0,161,73
690,190,510,160,380,540,2.375,150,270,420,1.8,140,230,370,1.6429,120,160,280,1.3333,110,130,240,1.1818,90,100,190,1.1111,161,73
690,180,490,170,390,560,2.2941,150,280,430,1.8667,150,230,380,1.5333,130,160,290,1.2308,110,130,240,1.1818,100,110,210,1.1,159,73
680,200,480,180,380,560,2.1111,160,280,440,1.75,150,230,380,1.5333,140,160,300,1.1429,120,120,240,1.0,100,100,200,1.0,159,73
680,200,480,170,380,550,2.2353,150,270,420,1.8,140,220,360,1.5714,130,160,290,1.2308,110,120,230,1.0909,110,100,210,0.90909,159,73
690,200,490,180,420,600,2.3333,150,280,430,1.8667,140,240,380,1.7143,130,160,290,1.2308,110,120,230,1.0909,100,100,200,1.0,158,72
670,190,480,170,370,540,2.1765,150,250,400,1.6667,140,210,350,1.5,130,150,280,1.1538,110,120,230,1.0909,90,100,190,1.1111,156,71
680,190,480,170,390,560,2.2941,160,280,440,1.75,150,230,380,1.5333,130,160,290,1.2308,120,120,240,1.0,110,100,210,0.90909,156,71
660,200,470,180,390,570,2.1667,160,270,430,1.6875,160,220,380,1.375,140,150,290,1.0714,120,110,230,0.91667,110,100,210,0.90909,156,71
680,190,480,180,400,580,2.2222,150,300,450,2.0,140,250,390,1.7857,130,160,290,1.2308,110,120,230,1.0909,100,110,210,1.1,156,71
660,200,470,180,360,540,2.0,160,260,420,1.625,160,210,370,1.3125,140,150,290,1.0714,120,120,240,1.0,110,100,210,0.90909,155,71
660,190,470,180,380,560,2.1111,160,270,430,1.6875,150,220,370,1.4667,130,150,280,1.1538,120,120,240,1.0,110,100,210,0.90909,155,71
670,190,470,160,370,530,2.3125,160,270,430,1.6875,160,240,400,1.5,140,160,300,1.1429,110,120,230,1.0909,100,110,210,1.1,154,70
670,200,470,170,400,570,2.3529,160,290,450,1.8125,150,240,390,1.6,130,160,290,1.2308,120,120,240,1.0,110,100,210,0.90909,154,71
660,200,460,190,390,580,2.0526,160,280,440,1.75,160,230,390,1.4375,140,150,290,1.0714,120,120,240,1.0,110,100,210,0.90909,154,71
670,200,470,180,380,560,2.1111,160,260,420,1.625,150,230,380,1.5333,140,160,300,1.1429,120,120,240,1.0,100,110,210,1.1,154,71
660,200,470,180,370,550,2.0556,170,260,430,1.5294,160,220,380,1.375,140,150,290,1.0714,130,120,250,0.92308,110,90,200,0.81818,155,71
670,190,470,170,390,560,2.2941,150,270,420,1.8,150,230,380,1.5333,130,160,290,1.2308,110,120,230,1.0909,100,110,210,1.1,155,71
670,200,470,180,370,550,2.0556,160,280,440,1.75,150,240,390,1.6,140,160,300,1.1429,110,120,230,1.0909,100,110,210,1.1,156,71
670,200,480,180,370,550,2.0556,160,270,430,1.6875,150,230,380,1.5333,140,160,300,1.1429,120,130,250,1.0833,100,100,200,1.0,157,72
660,190,470,170,380,550,2.2353,160,280,440,1.75,150,220,370,1.4667,130,160,290,1.2308,120,120,240,1.0,100,100,200,1.0,157,72
660,190,480,170,360,530,2.1176,150,260,410,1.7333,140,220,360,1.5714,130,160,290,1.2308,110,120,230,1.0909,100,110,210,1.1,158,72
680,180,490,160,380,540,2.375,140,280,420,2.0,130,240,370,1.8462,120,170,290,1.4167,100,130,230,1.3,90,110,200,1.2222,160,73
670,190,470,170,380,550,2.2353,160,270,430,1.6875,150,220,370,1.4667,130,160,290,1.2308,120,120,240,1.0,110,100,210,0.90909,160,73
660,200,470,180,370,550,2.0556,160,270,430,1.6875,150,220,370,1.4667,130,150,280,1.1538,110,120,230,1.0909,110,110,220,1.0,161,74
680,190,490,170,380,550,2.2353,150,270,420,1.8,140,230,370,1.6429,130,160,290,1.2308,110,130,240,1.1818,90,110,200,1.2222,161,74
670,190,480,170,380,550,2.2353,150,270,420,1.8,140,230,370,1.6429,130,160,290,1.2308,110,120,230,1.0909,100,100,200,1.0,161,74
680,190,490,170,390,560,2.2941,150,280,430,1.8667,140,230,370,1.6429,120,160,280,1.3333,110,130,240,1.1818,100,100,200,1.0,162,74
660,190,490,180,380,560,2.1111,160,270,430,1.6875,150,220,370,1.4667,130,150,280,1.1538,120,120,240,1.0,110,100,210,0.90909,161,74
690,170,490,160,390,550,2.4375,140,280,420,2.0,140,240,380,1.7143,110,170,280,1.5455,100,130,230,1.3,90,120,210,1.3333,161,74
680,200,490,170,390,560,2.2941,150,280,430,1.8667,150,240,390,1.6,130,150,280,1.1538,110,120,230,1.0909,110,100,210,0.90909,161,74
680,190,480,170,390,560,2.2941,150,270,420,1.8,150,230,380,1.5333,130,160,290,1.2308,110,120,230,1.0909,110,110,220,1.0,161,74
660,200,470,180,380,560,2.1111,160,270,430,1.6875,150,220,370,1.4667,130,150,280,1.1538,110,110,220,1.0,110,100,210,0.90909,161,74
670,190,480,170,380,550,2.2353,150,280,430,1.8667,140,240,380,1.7143,130,170,300,1.3077,100,120,220,1.2,100,110,210,1.1,160,73
680,190,480,160,380,540,2.375,150,280,430,1.8667,140,240,380,1.7143,120,160,280,1.3333,110,120,230,1.0909,100,100,200,1.0,159,73
660,200,460,180,380,560,2.1111,160,280,440,1.75,150,230,380,1.5333,130,160,290,1.2308,120,120,240,1.0,110,100,210,0.90909,159,73
670,200,470,180,370,550,2.0556,160,270,430,1.6875,150,230,380,1.5333,130,160,290,1.2308,110,120,230,1.0909,100,110,210,1.1,159,73
660,200,470,180,370,550,2.0556,160,270,430,1.6875,150,230,380,1.5333,130,160,290,1.2308,120,120,240,1.0,110,100,210,0.90909,158,72
670,190,470,170,380,550,2.2353,150,270,420,1.8,150,230,380,1.5333,130,160,290,1.2308,110,120,230,1.0909,100,110,210,1.1,158,72
660,200,460,180,380,560,2.1111,160,270,430,1.6875,150,230,380,1.5333,140,160,300,1.1429,120,120,240,1.0,100,100,200,1.0,157,72
660,200,460,180,380,560,2.1111,160,280,440,1.75,160,230,390,1.4375,130,160,290,1.2308,120,120,240,1.0,100,100,200,1.0,157,72
650,200,460,180,380,560,2.1111,160,280,440,1.75,150,230,380,1.5333,140,160,300,1.1429,120,120,240,1.0,110,100,210,0.90909,157,72
690,190,470,170,400,570,2.3529,150,290,440,1.9333,150,240,390,1.6,130,170,300,1.3077,110,130,240,1.1818,100,110,210,1.1,156,72
650,220,440,200,350,550,1.75,180,250,430,1.3889,170,210,380,1.2353,160,140,300,0.875,130,100,230,0.76923,120,80,200,0.66667,156,72
650,210,450,190,370,560,1.9474,170,270,440,1.5882,170,220,390,1.2941,140,150,290,1.0714,130,110,240,0.84615,120,90,210,0.75,156,72
670,200,470,180,370,550,2.0556,150,270,420,1.8,140,230,370,1.6429,130,160,290,1.2308,110,120,230,1.0909,100,110,210,1.1,156,72
660,200,460,190,370,560,1.9474,170,260,430,1.5294,160,210,370,1.3125,140,150,290,1.0714,130,110,240,0.84615,110,90,200,0.81818,156,72
660,200,460,190,360,550,1.8947,160,260,420,1.625,150,220,370,1.4667,140,150,290,1.0714,120,120,240,1.0,110,100,210,0.90909,156,72
660,200,470,170,370,540,2.1765,160,270,430,1.6875,150,230,380,1.5333,130,160,290,1.2308,120,120,240,1.0,100,100,200,1.0,157,72
650,190,470,180,360,540,2.0,150,250,400,1.6667,150,210,360,1.4,130,150,280,1.1538,110,110,220,1.0,110,100,210,0.90909,157,72
670,180,480,160,380,540,2.375,150,280,430,1.8667,140,230,370,1.6429,120,170,290,1.4167,100,130,230,1.3,90,110,200,1.2222,157,72
670,190,470,170,380,550,2.2353,150,270,420,1.8,150,230,380,1.5333,130,160,290,1.2308,110,120,230,1.0909,100,110,210,1.1,159,73
650,200,470,180,370,550,2.0556,160,270,430,1.6875,150,220,370,1.4667,130,160,290,1.2308,120,120,240,1.0,100,100,200,1.0,160,73
670,180,480,160,380,540,2.375,150,270,420,1.8,140,230,370,1.6429,120,160,280,1.3333,110,130,240,1.1818,90,110,200,1.2222,160,73
660,190,470,170,380,550,2.2353,150,270,420,1.8,140,220,360,1.5714,130,160,290,1.2308,110,120,230,1.0909,100,100,200,1.0,160,73
660,190,470,170,410,580,2.4118,160,290,450,1.8125,150,230,380,1.5333,120,160,280,1.3333,110,120,230,1.0909,100,100,200,1.0,160,74
650,190,470,170,370,540,2.1765,150,290,440,1.9333,140,220,360,1.5714,130,160,290,1.2308,110,120,230,1.0909,100,110,210,1.1,160,74
660,180,480,160,390,550,2.4375,150,270,420,1.8,140,230,370,1.6429,120,160,280,1.3333,110,120,230,1.0909,100,110,210,1.1,160,73
670,180,480,160,370,530,2.3125,140,290,430,2.0714,130,240,370,1.8462,120,170,290,1.4167,100,130,230,1.3,90,120,210,1.3333,159,73
660,190,470,170,390,560,2.2941,150,270,420,1.8,140,220,360,1.5714,130,160,290,1.2308,120,120,240,1.0,100,100,200,1.0,159,73
660,190,470,180,370,550,2.0556,160,270,430,1.6875,150,230,380,1.5333,130,160,290,1.2308,110,120,230,1.0909,100,110,210,1.1,159,73
660,190,480,170,380,550,2.2353,150,270,420,1.8,140,230,370,1.6429,130,160,290,1.2308,110,120,230,1.0909,100,100,200,1.0,157,72
670,180,480,160,380,540,2.375,140,280,420,2.0,130,240,370,1.8462,120,170,290,1.4167,100,130,230,1.3,90,110,200,1.2222,157,72
670,190,490,170,390,560,2.2941,150,270,420,1.8,140,230,370,1.6429,120,160,280,1.3333,110,120,230,1.0909,100,110,210,1.1,157,72
680,180,490,170,390,560,2.2941,140,280,420,2.0,140,240,380,1.7143,120,160,280,1.3333,100,130,230,1.3,90,110,200,1.2222,156,71
670,190,480,170,380,550,2.2353,150,270,420,1.8,140,230,370,1.6429,130,160,290,1.2308,110,120,230,1.0909,100,100,200,1.0,156,71
680,190,490,170,410,580,2.4118,150,290,440,1.9333,140,250,390,1.7857,130,170,300,1.3077,100,130,230,1.3,90,110,200,1.2222,156,71
680,190,490,170,380,550,2.2353,160,270,430,1.6875,150,230,380,1.5333,140,170,310,1.2143,120,130,250,1.0833,100,100,200,1.0,156,71
680,190,490,170,380,550,2.2353,150,270,420,1.8,140,230,370,1.6429,130,170,300,1.3077,110,120,230,1.0909,100,100,200,1.0,155,71
680,190,480,170,390,560,2.2941,150,270,420,1.8,140,230,370,1.6429,130,150,280,1.1538,120,120,240,1.0,100,100,200,1.0,155,71
670,200,480,170,400,570,2.3529,160,280,440,1.75,150,230,380,1.5333,130,160,290,1.2308,120,120,240,1.0,100,100,200,1.0,154,70
690,190,490,170,380,550,2.2353,150,280,430,1.8667,140,240,380,1.7143,120,170,290,1.4167,110,130,240,1.1818,90,110,200,1.2222,154,70
680,200,490,170,380,550,2.2353,160,270,430,1.6875,150,230,380,1.5333,130,160,290,1.2308,110,120,230,1.0909,100,90,190,0.9,154,70
680,190,480,170,390,560,2.2941,150,280,430,1.8667,140,230,370,1.6429,130,160,290,1.2308,110,120,230,1.0909,100,100,200,1.0,153,70
680,200,490,170,390,560,2.2941,160,280,440,1.75,150,230,380,1.5333,130,170,300,1.3077,120,120,240,1.0,100,100,200,1.0,152,69
690,190,500,170,400,570,2.3529,150,280,430,1.8667,140,240,380,1.7143,130,170,300,1.3077,110,130,240,1.1818,100,110,210,1.1,152,69
670,190,490,170,390,560,2.2941,150,280,430,1.8667,140,240,380,1.7143,130,160,290,1.2308,110,120,230,1.0909,100,110,210,1.1,152,69
690,180,500,160,410,570,2.5625,140,290,430,2.0714,130,250,380,1.9231,120,170,290,1.4167,100,130,230,1.3,90,120,210,1.3333,151,68
690,190,500,170,400,570,2.3529,150,280,430,1.8667,140,240,380,1.7143,120,170,290,1.4167,100,130,230,1.3,100,110,210,1.1,151,68
680,190,490,170,380,550,2.2353,150,270,420,1.8,150,230,380,1.5333,130,160,290,1.2308,110,110,220,1.0,110,100,210,0.90909,151,68
680,190,490,170,400,570,2.3529,150,280,430,1.8667,150,230,380,1.5333,130,160,290,1.2308,110,120,230,1.0909,110,110,220,1.0,150,68
680,190,490,170,390,560,2.2941,150,270,420,1.8,150,230,380,1.5333,130,160,290,1.2308,110,120,230,1.0909,100,110,210,1.1,150,68
670,190,490,170,390,560,2.2941,150,270,420,1.8,150,230,380,1.5333,130,160,290,1.2308,110,120,230,1.0909,100,110,210,1.1,150,68
690,180,500,160,400,560,2.5,140,280,420,2.0,130,240,370,1.8462,120,170,290,1.4167,100,130,230,1.3,90,120,210,1.3333,149,68
690,190,500,170,390,560,2.2941,150,280,430,1.8667,150,240,390,1.6,130,160,290,1.2308,110,120,230,1.0909,100,110,210,1.1,149,68
670,190,490,170,390,560,2.2941,160,280,440,1.75,150,230,380,1.5333,130,160,290,1.2308,120,120,240,1.0,100,100,200,1.0,149,68
670,180,490,170,390,560,2.2941,150,280,430,1.8667,140,230,370,1.6429,120,160,280,1.3333,110,120,230,1.0909,100,110,210,1.1,149,68
670,180,500,160,390,550,2.4375,140,280,420,2.0,140,240,380,1.7143,120,160,280,1.3333,100,130,230,1.3,90,110,200,1.2222,148,67
690,170,490,160,400,560,2.5,140,290,430,2.0714,140,250,390,1.7857,120,170,290,1.4167,90,130,220,1.4444,90,120,210,1.3333,148,67
670,200,480,170,390,560,2.2941,150,280,430,1.8667,140,230,370,1.6429,130,160,290,1.2308,110,120,230,1.0909,100,100,200,1.0,148,67
680,190,490,170,390,560,2.2941,150,280,430,1.8667,140,240,380,1.7143,130,170,300,1.3077,110,130,240,1.1818,90,110,200,1.2222,148,67
660,190,480,170,400,570,2.3529,150,280,430,1.8667,140,240,380,1.7143,130,160,290,1.2308,110,120,230,1.0909,100,100,200,1.0,148,67
690,180,500,150,410,560,2.7333,140,290,430,2.0714,130,250,380,1.9231,110,180,290,1.6364,100,140,240,1.4,80,110,190,1.375,147,67
670,190,490,170,390,560,2.2941,160,280,440,1.75,150,240,390,1.6,130,170,300,1.3077,110,130,240,1.1818,100,100,200,1.0,147,67
680,180,490,160,390,550,2.4375,150,270,420,1.8,140,230,370,1.6429,120,160,280,1.3333,110,120,230,1.0909,90,110,200,1.2222,147,67
660,190,480,170,400,570,2.3529,150,280,430,1.8667,150,230,380,1.5333,130,160,290,1.2308,110,120,230,1.0909,100,100,200,1.0,146,67
680,180,490,170,390,560,2.2941,140,290,430,2.0714,130,240,370,1.8462,120,170,290,1.4167,100,130,230,1.3,90,120,210,1.3333,146,67
680,190,480,170,380,550,2.2353,150,280,430,1.8667,140,240,380,1.7143,130,170,300,1.3077,110,130,240,1.1818,100,110,210,1.1,146,67
660,200,480,170,370,540,2.1765,160,270,430,1.6875,150,220,370,1.4667,130,150,280,1.1538,120,120,240,1.0,100,90,190,0.9,146,67
670,180,480,170,400,570,2.3529,150,290,440,1.9333,140,240,380,1.7143,120,170,290,1.4167,110,130,240,1.1818,100,110,210,1.1,146,67
680,190,480,170,390,560,2.2941,140,280,420,2.0,140,240,380,1.7143,130,170,300,1.3077,100,130,230,1.3,100,120,220,1.2,146,67
670,200,470,180,390,570,2.1667,160,280,440,1.75,150,240,390,1.6,140,160,300,1.1429,120,120,240,1.0,110,100,210,0.90909,146,67
680,200,480,180,410,590,2.2778,170,310,480,1.8235,160,260,420,1.625,140,190,330,1.3571,120,140,260,1.1667,110,130,240,1.1818,146,67
660,200,460,190,410,600,2.1579,170,290,460,1.7059,170,250,420,1.4706,150,170,320,1.1333,130,120,250,0.92308,120,100,220,0.8333299999999999,146,67
690,200,470,180,390,570,2.1667,160,290,450,1.8125,150,250,400,1.6667,140,170,310,1.2143,120,130,250,1.0833,110,110,220,1.0,147,67
660,220,450,200,380,580,1.9,180,290,470,1.6111,170,250,420,1.4706,160,180,340,1.125,140,120,260,0.85714,120,90,210,0.75,147,68
660,210,460,190,390,580,2.0526,180,280,460,1.5556,170,240,410,1.4118,150,160,310,1.0667,130,120,250,0.92308,120,100,220,0.8333299999999999,147,68
670,200,470,180,380,560,2.1111,160,280,440,1.75,160,240,400,1.5,140,170,310,1.2143,120,120,240,1.0,110,100,210,0.90909,148,68
670,200,460,190,360,550,1.8947,160,250,410,1.5625,150,200,350,1.3333,140,150,290,1.0714,120,110,230,0.91667,110,100,210,0.90909,150,69
660,210,470,190,370,560,1.9474,170,270,440,1.5882,160,220,380,1.375,140,150,290,1.0714,120,120,240,1.0,110,100,210,0.90909,150,69
670,190,480,180,380,560,2.1111,160,270,430,1.6875,150,220,370,1.4667,130,150,280,1.1538,120,120,240,1.0,100,100,200,1.0,151,70
670,190,480,170,450,620,2.6471,150,300,450,2.0,140,240,380,1.7143,130,150,280,1.1538,110,110,220,1.0,100,100,200,1.0,154,71
670,190,490,170,400,570,2.3529,140,280,420,2.0,140,240,380,1.7143,120,160,280,1.3333,100,120,220,1.2,100,110,210,1.1,154,71
660,180,480,160,360,520,2.25,140,250,390,1.7857,130,210,340,1.6154,120,150,270,1.25,100,120,220,1.2,90,100,190,1.1111,155,71
660,180,470,160,370,530,2.3125,140,270,410,1.9286,130,230,360,1.7692,110,150,260,1.3636,100,120,220,1.2,90,110,200,1.2222,156,72
680,190,490,170,380,550,2.2353,150,270,420,1.8,140,220,360,1.5714,130,160,290,1.2308,110,120,230,1.0909,90,100,190,1.1111,156,72
660,190,480,170,390,560,2.2941,150,270,420,1.8,140,220,360,1.5714,130,150,280,1.1538,110,120,230,1.0909,100,100,200,1.0,157,72
680,190,490,160,390,550,2.4375,150,270,420,1.8,140,230,370,1.6429,120,160,280,1.3333,110,120,230,1.0909,100,110,210,1.1,156,71
680,190,490,170,410,580,2.4118,150,280,430,1.8667,150,230,380,1.5333,130,160,290,1.2308,110,120,230,1.0909,100,110,210,1.1,155,71
680,190,490,180,390,570,2.1667,150,270,420,1.8,150,230,380,1.5333,130,160,290,1.2308,110,120,230,1.0909,110,110,220,1.0,155,71
680,190,500,170,390,560,2.2941,150,270,420,1.8,150,230,380,1.5333,120,160,280,1.3333,110,120,230,1.0909,100,110,210,1.1,154,70
690,180,500,160,390,550,2.4375,150,280,430,1.8667,140,240,380,1.7143,120,170,290,1.4167,100,130,230,1.3,90,110,200,1.2222,153,70
690,190,500,160,390,550,2.4375,150,280,430,1.8667,140,240,380,1.7143,120,170,290,1.4167,110,130,240,1.1818,90,110,200,1.2222,153,70
700,190,510,170,390,560,2.2941,150,290,440,1.9333,130,250,380,1.9231,120,170,290,1.4167,100,130,230,1.3,90,120,210,1.3333,153,70
690,190,500,170,390,560,2.2941,150,270,420,1.8,140,230,370,1.6429,120,150,270,1.25,110,120,230,1.0909,100,100,200,1.0,152,69
690,190,500,170,410,580,2.4118,150,290,440,1.9333,140,240,380,1.7143,130,170,300,1.3077,120,130,250,1.0833,100,100,200,1.0,152,69
710,190,520,170,410,580,2.4118,150,290,440,1.9333,140,250,390,1.7857,130,180,310,1.3846,110,130,240,1.1818,90,120,210,1.3333,152,69
700,190,510,170,390,560,2.2941,150,270,420,1.8,140,230,370,1.6429,120,170,290,1.4167,110,130,240,1.1818,100,100,200,1.0,152,69
690,190,500,170,400,570,2.3529,150,280,430,1.8667,140,240,380,1.7143,130,160,290,1.2308,110,120,230,1.0909,100,100,200,1.0,151,69
700,190,510,170,400,570,2.3529,150,290,440,1.9333,140,240,380,1.7143,120,170,290,1.4167,110,130,240,1.1818,100,110,210,1.1,151,69
700,190,510,170,400,570,2.3529,150,280,430,1.8667,140,240,380,1.7143,130,170,300,1.3077,110,130,240,1.1818,100,110,210,1.1,151,68
700,190,500,160,400,560,2.5,150,280,430,1.8667,140,240,380,1.7143,120,170,290,1.4167,110,130,240,1.1818,90,110,200,1.2222,150,68
690,200,500,170,400,570,2.3529,160,280,440,1.75,150,240,390,1.6,130,170,300,1.3077,120,120,240,1.0,100,100,200,1.0,150,68
700,190,510,170,400,570,2.3529,150,280,430,1.8667,140,240,380,1.7143,130,170,300,1.3077,110,130,240,1.1818,100,110,210,1.1,149,68
680,190,490,170,400,570,2.3529,160,280,440,1.75,150,230,380,1.5333,130,160,290,1.2308,120,120,240,1.0,100,100,200,1.0,149,67
690,190,500,170,390,560,2.2941,150,280,430,1.8667,140,230,370,1.6429,120,170,290,1.4167,110,120,230,1.0909,100,100,200,1.0,148,67
680,190,490,170,410,580,2.4118,150,290,440,1.9333,140,240,380,1.7143,130,170,300,1.3077,110,130,240,1.1818,100,100,200,1.0,148,67
680,190,490,170,390,560,2.2941,150,280,430,1.8667,140,240,380,1.7143,130,170,300,1.3077,110,130,240,1.1818,90,110,200,1.2222,147,66
680,190,500,170,400,570,2.3529,150,280,430,1.8667,140,240,380,1.7143,120,170,290,1.4167,100,130,230,1.3,90,120,210,1.3333,147,66
690,180,500,160,390,550,2.4375,140,280,420,2.0,130,240,370,1.8462,120,170,290,1.4167,90,130,220,1.4444,90,120,210,1.3333,147,66
680,190,500,170,420,590,2.4706,140,280,420,2.0,140,240,380,1.7143,120,160,280,1.3333,100,120,220,1.2,100,110,210,1.1,146,66
690,180,500,170,400,570,2.3529,140,280,420,2.0,140,240,380,1.7143,120,170,290,1.4167,100,130,230,1.3,100,120,220,1.2,146,66
680,190,500,170,390,560,2.2941,150,270,420,1.8,150,230,380,1.5333,130,160,290,1.2308,110,120,230,1.0909,100,110,210,1.1,146,66
690,180,500,160,390,550,2.4375,150,280,430,1.8667,140,230,370,1.6429,120,160,280,1.3333,110,120,230,1.0909,100,110,210,1.1,145,65
680,190,500,170,400,570,2.3529,160,280,440,1.75,150,240,390,1.6,130,160,290,1.2308,120,120,240,1.0,100,100,200,1.0,145,65
690,180,510,170,400,570,2.3529,150,290,440,1.9333,140,250,390,1.7857,120,180,300,1.5,110,140,250,1.2727,90,110,200,1.2222,145,65
690,180,500,170,390,560,2.2941,140,280,420,2.0,130,240,370,1.8462,120,170,290,1.4167,100,130,230,1.3,90,110,200,1.2222,144,65
690,190,500,170,400,570,2.3529,150,280,430,1.8667,140,240,380,1.7143,130,160,290,1.2308,100,120,220,1.2,100,110,210,1.1,144,65
690,190,500,170,390,560,2.2941,150,270,420,1.8,150,230,380,1.5333,130,160,290,1.2308,110,120,230,1.0909,100,110,210,1.1,144,65
690,190,500,170,390,560,2.2941,160,270,430,1.6875,150,230,380,1.5333,130,160,290,1.2308,120,120,240,1.0,100,100,200,1.0,144,65
680,190,500,170,400,570,2.3529,150,280,430,1.8667,140,240,380,1.7143,130,170,300,1.3077,110,120,230,1.0909,100,100,200,1.0,143,65
690,180,510,160,410,570,2.5625,140,290,430,2.0714,130,250,380,1.9231,120,170,290,1.4167,100,130,230,1.3,90,120,210,1.3333,143,65
710,180,520,170,410,580,2.4118,140,300,440,2.1429,140,250,390,1.7857,120,180,300,1.5,100,130,230,1.3,90,120,210,1.3333,143,65
690,190,500,170,390,560,2.2941,150,280,430,1.8667,140,230,370,1.6429,130,160,290,1.2308,110,120,230,1.0909,90,100,190,1.1111,143,65
690,190,500,170,400,570,2.3529,150,280,430,1.8667,140,240,380,1.7143,130,160,290,1.2308,110,120,230,1.0909,100,110,210,1.1,143,65
700,190,510,170,390,560,2.2941,150,280,430,1.8667,150,240,390,1.6,120,160,280,1.3333,110,130,240,1.1818,100,110,210,1.1,143,65
670,190,490,170,380,550,2.2353,160,270,430,1.6875,150,230,380,1.5333,130,160,290,1.2308,120,120,240,1.0,100,100,200,1.0,143,65
690,180,500,160,390,550,2.4375,150,270,420,1.8,140,230,370,1.6429,120,170,290,1.4167,100,130,230,1.3,90,100,190,1.1111,142,65
680,190,490,170,400,570,2.3529,150,280,430,1.8667,140,240,380,1.7143,130,160,290,1.2308,110,130,240,1.1818,90,100,190,1.1111,142,65
700,190,500,170,410,580,2.4118,140,290,430,2.0714,130,250,380,1.9231,130,170,300,1.3077,110,130,240,1.1818,90,110,200,1.2222,142,65
670,200,490,180,390,570,2.1667,160,270,430,1.6875,150,230,380,1.5333,140,160,300,1.1429,120,110,230,0.91667,110,100,210,0.90909,141,64
690,180,510,160,400,560,2.5,140,290,430,2.0714,140,240,380,1.7143,120,170,290,1.4167,100,130,230,1.3,90,110,200,1.2222,141,64
700,180,510,160,420,580,2.625,140,290,430,2.0714,130,240,370,1.8462,110,170,280,1.5455,100,130,230,1.3,90,110,200,1.2222,141,64
690,190,490,170,390,560,2.2941,160,280,440,1.75,150,230,380,1.5333,130,160,290,1.2308,120,120,240,1.0,100,100,200,1.0,141,64
680,200,490,180,390,570,2.1667,160,270,430,1.6875,150,230,380,1.5333,130,160,290,1.2308,110,120,230,1.0909,100,110,210,1.1,141,64
680,190,500,170,400,570,2.3529,140,280,420,2.0,140,230,370,1.6429,120,160,280,1.3333,100,130,230,1.3,100,110,210,1.1,141,64
690,180,500,160,400,560,2.5,140,280,420,2.0,140,240,380,1.7143,120,170,290,1.4167,100,130,230,1.3,90,120,210,1.3333,141,64
690,190,500,170,390,560,2.2941,150,290,440,1.9333,140,240,380,1.7143,120,170,290,1.4167,110,130,240,1.1818,100,110,210,1.1,141,64
680,190,490,170,400,570,2.3529,160,280,440,1.75,150,240,390,1.6,130,160,290,1.2308,120,120,240,1.0,100,100,200,1.0,141,64
680,210,460,190,420,610,2.2105,180,310,490,1.7222,170,270,440,1.5882,150,180,330,1.2,140,120,260,0.85714,130,100,230,0.76923,142,65
660,220,450,210,390,600,1.8571,190,290,480,1.5263,180,240,420,1.3333,160,160,320,1.0,150,110,260,0.73333,130,90,220,0.69231,144,66
670,210,460,220,390,610,1.7727,180,300,480,1.6667,170,260,430,1.5294,160,180,340,1.125,130,130,260,1.0,120,120,240,1.0,146,66
660,210,460,200,370,570,1.85,170,280,450,1.6471,160,240,400,1.5,150,160,310,1.0667,120,120,240,1.0,120,100,220,0.8333299999999999,146,66
650,200,460,190,370,560,1.9474,170,270,440,1.5882,160,230,390,1.4375,140,160,300,1.1429,120,120,240,1.0,110,100,210,0.90909,149,68
670,190,470,170,400,570,2.3529,150,270,420,1.8,150,230,380,1.5333,130,150,280,1.1538,110,130,240,1.1818,100,110,210,1.1,151,69
670,200,480,180,380,560,2.1111,160,270,430,1.6875,150,230,380,1.5333,140,160,300,1.1429,120,120,240,1.0,100,100,200,1.0,151,69
670,190,480,170,370,540,2.1765,160,270,430,1.6875,150,220,370,1.4667,130,160,290,1.2308,120,120,240,1.0,100,100,200,1.0,154,70
670,190,480,170,440,610,2.5882,160,300,460,1.875,150,250,400,1.6667,130,160,290,1.2308,110,120,230,1.0909,100,100,200,1.0,156,71
680,190,480,170,390,560,2.2941,150,270,420,1.8,150,230,380,1.5333,130,160,290,1.2308,110,120,230,1.0909,100,110,210,1.1,156,71
670,200,480,180,380,560,2.1111,160,270,430,1.6875,150,220,370,1.4667,140,150,290,1.0714,120,110,230,0.91667,110,100,210,0.90909,157,71
660,190,480,170,380,550,2.2353,150,260,410,1.7333,140,210,350,1.5,130,150,280,1.1538,120,120,240,1.0,100,100,200,1.0,157,71
680,180,480,160,390,550,2.4375,150,270,420,1.8,140,240,380,1.7143,120,170,290,1.4167,110,130,240,1.1818,90,110,200,1.2222,157,71
670,200,480,170,370,540,2.1765,160,270,430,1.6875,150,220,370,1.4667,130,160,290,1.2308,120,120,240,1.0,110,100,210,0.90909,158,72
670,190,470,180,370,550,2.0556,160,260,420,1.625,150,230,380,1.5333,140,150,290,1.0714,120,120,240,1.0,110,110,220,1.0,157,72
660,200,470,180,370,550,2.0556,160,270,430,1.6875,150,230,380,1.5333,140,150,290,1.0714,120,120,240,1.0,110,100,210,0.90909,157,72
680,190,480,170,420,590,2.4706,160,300,460,1.875,150,250,400,1.6667,130,170,300,1.3077,120,130,250,1.0833,100,110,210,1.1,157,72
670,200,460,190,410,600,2.1579,160,300,460,1.875,160,230,390,1.4375,140,160,300,1.1429,120,110,230,0.91667,120,100,220,0.8333299999999999,157,71
650,210,460,190,370,560,1.9474,170,270,440,1.5882,160,230,390,1.4375,150,150,300,1.0,120,110,230,0.91667,110,100,210,0.90909,157,71
670,190,470,170,380,550,2.2353,160,270,430,1.6875,150,240,390,1.6,130,160,290,1.2308,120,130,250,1.0833,100,110,210,1.1,157,71
670,200,470,180,380,560,2.1111,160,290,450,1.8125,150,240,390,1.6,140,170,310,1.2143,120,120,240,1.0,110,100,210,0.90909,157,72
670,200,470,180,370,550,2.0556,170,270,440,1.5882,150,230,380,1.5333,140,160,300,1.1429,120,120,240,1.0,110,100,210,0.90909,157,72
660,200,460,190,360,550,1.8947,170,260,430,1.5294,160,220,380,1.375,140,150,290,1.0714,130,120,250,0.92308,110,100,210,0.90909,157,72
660,200,470,170,360,530,2.1176,150,260,410,1.7333,150,220,370,1.4667,130,160,290,1.2308,110,120,230,1.0909,110,110,220,1.0,159,72
660,190,480,170,370,540,2.1765,160,260,420,1.625,140,220,360,1.5714,130,160,290,1.2308,110,120,230,1.0909,100,100,200,1.0,159,72
670,180,480,160,390,550,2.4375,150,270,420,1.8,140,230,370,1.6429,120,160,280,1.3333,110,130,240,1.1818,90,110,200,1.2222,160,73
680,190,490,160,390,550,2.4375,140,280,420,2.0,140,240,380,1.7143,120,160,280,1.3333,100,130,230,1.3,100,110,210,1.1,162,74
680,190,490,180,380,560,2.1111,150,270,420,1.8,140,230,370,1.6429,130,160,290,1.2308,110,120,230,1.0909,100,110,210,1.1,162,74
670,190,480,180,370,550,2.0556,160,260,420,1.625,150,220,370,1.4667,130,160,290,1.2308,110,120,230,1.0909,100,100,200,1.0,163,74
690,190,490,170,400,570,2.3529,150,290,440,1.9333,140,250,390,1.7857,130,170,300,1.3077,110,130,240,1.1818,90,120,210,1.3333,163,74
680,200,490,180,380,560,2.1111,150,270,420,1.8,140,230,370,1.6429,130,160,290,1.2308,110,120,230,1.0909,100,110,210,1.1,163,74
670,190,480,170,370,540,2.1765,150,260,410,1.7333,140,220,360,1.5714,130,160,290,1.2308,110,120,230,1.0909,100,100,200,1.0,162,74
680,190,490,170,380,550,2.2353,150,270,420,1.8,140,230,370,1.6429,130,160,290,1.2308,110,130,240,1.1818,100,100,200,1.0,162,74
670,190,480,170,390,560,2.2941,160,270,430,1.6875,150,230,380,1.5333,130,160,290,1.2308,110,120,230,1.0909,100,100,200,1.0,162,74
680,190,490,170,380,550,2.2353,150,270,420,1.8,150,230,380,1.5333,130,160,290,1.2308,110,130,240,1.1818,100,100,200,1.0,161,73
670,190,480,180,380,560,2.1111,160,270,430,1.6875,150,230,380,1.5333,130,160,290,1.2308,120,120,240,1.0,110,100,210,0.90909,160,73
670,190,480,180,410,590,2.2778,150,290,440,1.9333,150,240,390,1.6,130,170,300,1.3077,110,120,230,1.0909,100,110,210,1.1,160,73
670,190,470,180,400,580,2.2222,150,280,430,1.8667,140,240,380,1.7143,130,160,290,1.2308,110,120,230,1.0909,100,110,210,1.1,159,72
670,200,470,170,400,570,2.3529,160,280,440,1.75,150,240,390,1.6,130,160,290,1.2308,120,120,240,1.0,100,100,200,1.0,158,72
670,200,460,180,380,560,2.1111,160,270,430,1.6875,160,220,380,1.375,140,150,290,1.0714,120,110,230,0.91667,110,100,210,0.90909,158,72
660,210,460,190,360,550,1.8947,170,260,430,1.5294,160,220,380,1.375,150,150,300,1.0,120,110,230,0.91667,110,100,210,0.90909,157,71
670,200,460,180,370,550,2.0556,170,260,430,1.5294,160,220,380,1.375,140,150,290,1.0714,130,120,250,0.92308,110,100,210,0.90909,157,71
650,210,450,200,350,550,1.75,180,260,440,1.4444,170,210,380,1.2353,150,140,290,0.93333,130,100,230,0.76923,120,90,210,0.75,157,71
660,200,460,180,370,550,2.0556,170,270,440,1.5882,160,230,390,1.4375,140,160,300,1.1429,120,120,240,1.0,110,100,210,0.90909,157,71
660,200,460,190,360,550,1.8947,160,270,430,1.6875,150,220,370,1.4667,140,150,290,1.0714,120,110,230,0.91667,110,100,210,0.90909,157,71
650,200,460,180,370,550,2.0556,170,260,430,1.5294,160,220,380,1.375,130,160,290,1.2308,120,120,240,1.0,110,100,210,0.90909,157,71
670,190,470,180,370,550,2.0556,150,270,420,1.8,140,230,370,1.6429,130,160,290,1.2308,110,130,240,1.1818,100,110,210,1.1,159,72
660,200,460,180,370,550,2.0556,160,260,420,1.625,150,210,360,1.4,130,150,280,1.1538,120,120,240,1.0,110,100,210,0.90909,159,72
660,200,460,180,410,590,2.2778,160,280,440,1.75,150,230,380,1.5333,140,160,300,1.1429,120,120,240,1.0,110,110,220,1.0,159,72
660,200,460,180,370,550,2.0556,160,260,420,1.625,160,220,380,1.375,140,160,300,1.1429,120,120,240,1.0,110,100,210,0.90909,161,73
650,200,450,190,360,550,1.8947,160,260,420,1.625,150,220,370,1.4667,140,150,290,1.0714,120,110,230,0.91667,110,100,210,0.90909,163,74
660,200,460,170,370,540,2.1765,160,260,420,1.625,150,220,370,1.4667,130,160,290,1.2308,110,130,240,1.1818,100,100,200,1.0,163,74
670,200,470,180,380,560,2.1111,160,270,430,1.6875,150,230,380,1.5333,140,160,300,1.1429,120,120,240,1.0,100,110,210,1.1,164,75
650,200,450,190,360,550,1.8947,170,250,420,1.4706,160,210,370,1.3125,140,150,290,1.0714,130,130,260,1.0,110,130,240,1.1818,165,75
660,200,460,180,360,540,2.0,160,260,420,1.625,150,220,370,1.4667,140,160,300,1.1429,120,120,240,1.0,110,100,210,0.90909,165,75
660,200,460,180,370,550,2.0556,160,260,420,1.625,150,220,370,1.4667,130,150,280,1.1538,120,120,240,1.0,110,100,210,0.90909,165,76
670,200,470,180,370,550,2.0556,160,280,440,1.75,150,240,390,1.6,140,160,300,1.1429,120,120,240,1.0,100,110,210,1.1,166,76
660,200,460,170,370,540,2.1765,160,260,420,1.625,150,220,370,1.4667,130,160,290,1.2308,120,120,240,1.0,110,100,210,0.90909,166,76
670,200,470,180,360,540,2.0,160,260,420,1.625,150,230,380,1.5333,140,160,300,1.1429,120,120,240,1.0,100,110,210,1.1,167,77
650,200,460,180,370,550,2.0556,170,260,430,1.5294,160,220,380,1.375,140,150,290,1.0714,130,110,240,0.84615,120,90,210,0.75,167,77
650,190,470,180,370,550,2.0556,150,280,430,1.8667,140,230,370,1.6429,130,160,290,1.2308,110,120,230,1.0909,100,110,210,1.1,167,77
670,180,470,160,390,550,2.4375,150,270,420,1.8,140,240,380,1.7143,120,170,290,1.4167,110,130,240,1.1818,90,110,200,1.2222,166,76
670,200,470,180,370,550,2.0556,160,280,440,1.75,150,240,390,1.6,140,160,300,1.1429,120,120,240,1.0,100,110,210,1.1,165,76
640,200,450,180,350,530,1.9444,170,250,420,1.4706,160,220,380,1.375,140,150,290,1.0714,130,110,240,0.84615,110,90,200,0.81818,165,76
660,190,470,170,370,540,2.1765,150,270,420,1.8,140,230,370,1.6429,130,170,300,1.3077,110,130,240,1.1818,100,110,210,1.1,164,75
650,190,460,180,390,570,2.1667,150,270,420,1.8,150,230,380,1.5333,130,150,280,1.1538,110,120,230,1.0909,110,110,220,1.0,163,75
660,190,460,170,380,550,2.2353,160,280,440,1.75,150,240,390,1.6,130,160,290,1.2308,120,130,250,1.0833,100,100,200,1.0,163,75
640,200,450,180,360,540,2.0,160,270,430,1.6875,150,220,370,1.4667,140,160,300,1.1429,120,120,240,1.0,110,100,210,0.90909,162,74
670,190,460,170,370,540,2.1765,150,270,420,1.8,140,240,380,1.7143,130,160,290,1.2308,110,120,230,1.0909,100,110,210,1.1,162,74
650,210,440,190,370,560,1.9474,170,260,430,1.5294,160,210,370,1.3125,140,150,290,1.0714,130,110,240,0.84615,120,90,210,0.75,162,74
640,210,440,190,360,550,1.8947,180,260,440,1.4444,170,220,390,1.2941,150,150,300,1.0,130,110,240,0.84615,110,90,200,0.81818,161,74
660,200,450,180,360,540,2.0,160,270,430,1.6875,150,230,380,1.5333,140,160,300,1.1429,120,120,240,1.0,100,100,200,1.0,161,74
640,210,430,190,340,530,1.7895,170,260,430,1.5294,160,220,380,1.375,150,140,290,0.93333,120,100,220,0.8333299999999999,120,100,220,0.8333299999999999,161,74
650,210,450,190,360,550,1.8947,170,260,430,1.5294,160,220,380,1.375,140,160,300,1.1429,120,120,240,1.0,110,100,210,0.90909,161,74
650,200,450,190,350,540,1.8421,170,250,420,1.4706,160,220,380,1.375,140,150,290,1.0714,130,120,250,0.92308,110,100,210,0.90909,161,74
640,200,450,180,360,540,2.0,170,260,430,1.5294,160,210,370,1.3125,140,150,290,1.0714,130,110,240,0.84615,110,90,200,0.81818,162,74
660,190,460,180,390,570,2.1667,160,280,440,1.75,150,240,390,1.6,140,160,300,1.1429,110,120,230,1.0909,100,110,210,1.1,163,75
650,200,450,180,360,540,2.0,160,260,420,1.625,160,220,380,1.375,140,150,290,1.0714,120,110,230,0.91667,120,100,220,0.8333299999999999,163,75
650,200,450,190,360,550,1.8947,170,260,430,1.5294,160,220,380,1.375,140,160,300,1.1429,130,120,250,0.92308,110,100,210,0.90909,164,75
660,200,450,180,360,540,2.0,160,260,420,1.625,150,210,360,1.4,140,150,290,1.0714,120,120,240,1.0,110,90,200,0.81818,165,76
650,210,450,190,380,570,2.0,170,260,430,1.5294,160,220,380,1.375,150,150,300,1.0,130,110,240,0.84615,110,100,210,0.90909,165,76
660,200,460,170,370,540,2.1765,160,270,430,1.6875,150,230,380,1.5333,130,170,300,1.3077,120,130,250,1.0833,100,110,210,1.1,166,76
650,200,460,180,370,550,2.0556,160,270,430,1.6875,150,230,380,1.5333,140,150,290,1.0714,120,110,230,0.91667,110,100,210,0.90909,166,77
670,190,470,170,370,540,2.1765,160,270,430,1.6875,150,230,380,1.5333,130,160,290,1.2308,110,120,230,1.0909,100,100,200,1.0,166,77
660,200,460,180,380,560,2.1111,160,270,430,1.6875,150,230,380,1.5333,140,150,290,1.0714,120,110,230,0.91667,110,100,210,0.90909,166,77
660,200,470,180,360,540,2.0,170,270,440,1.5882,160,230,390,1.4375,140,160,300,1.1429,120,120,240,1.0,110,100,210,0.90909,166,77
670,190,470,170,370,540,2.1765,150,270,420,1.8,150,230,380,1.5333,130,160,290,1.2308,110,130,240,1.1818,100,110,210,1.1,166,77
660,200,470,180,360,540,2.0,160,270,430,1.6875,150,230,380,1.5333,130,160,290,1.2308,120,120,240,1.0,100,100,200,1.0,166,76
660,190,460,170,380,550,2.2353,160,270,430,1.6875,150,220,370,1.4667,120,150,270,1.25,110,120,230,1.0909,100,100,200,1.0,166,76
670,200,470,180,370,550,2.0556,150,270,420,1.8,140,230,370,1.6429,140,160,300,1.1429,110,120,230,1.0909,100,100,200,1.0,166,76
650,200,460,180,360,540,2.0,170,260,430,1.5294,160,220,380,1.375,140,150,290,1.0714,130,110,240,0.84615,110,90,200,0.81818,164,75
680,190,480,180,380,560,2.1111,150,280,430,1.8667,140,240,380,1.7143,130,160,290,1.2308,110,120,230,1.0909,100,110,210,1.1,164,75
670,200,470,180,400,580,2.2222,170,280,450,1.6471,160,240,400,1.5,140,160,300,1.1429,120,120,240,1.0,110,100,210,0.90909,164,75
670,200,480,170,370,540,2.1765,160,280,440,1.75,150,240,390,1.6,130,170,300,1.3077,120,130,250,1.0833,100,110,210,1.1,163,75
670,190,480,180,380,560,2.1111,160,270,430,1.6875,150,230,380,1.5333,130,160,290,1.2308,120,120,240,1.0,110,100,210,0.90909,162,74
670,190,480,170,390,560,2.2941,150,270,420,1.8,150,230,380,1.5333,130,160,290,1.2308,110,120,230,1.0909,100,110,210,1.1,162,74
680,190,480,170,400,570,2.3529,150,280,430,1.8667,140,240,380,1.7143,130,170,300,1.3077,110,130,240,1.1818,100,120,220,1.2,161,74
680,200,480,180,390,570,2.1667,160,280,440,1.75,150,240,390,1.6,140,170,310,1.2143,110,130,240,1.1818,100,110,210,1.1,161,73
680,200,480,170,380,550,2.2353,150,280,430,1.8667,140,240,380,1.7143,130,160,290,1.2308,110,120,230,1.0909,100,110,210,1.1,161,73
680,200,480,180,400,580,2.2222,160,280,440,1.75,150,240,390,1.6,140,160,300,1.1429,120,120,240,1.0,100,100,200,1.0,160,73
660,200,470,180,370,550,2.0556,160,280,440,1.75,150,240,390,1.6,140,160,300,1.1429,120,120,240,1.0,100,110,210,1.1,159,73
680,190,480,170,380,550,2.2353,150,280,430,1.8667,140,240,380,1.7143,120,170,290,1.4167,110,130,240,1.1818,100,110,210,1.1,159,73
680,200,480,170,390,560,2.2941,160,280,440,1.75,150,240,390,1.6,130,170,300,1.3077,120,120,240,1.0,100,100,200,1.0,158,72
680,200,480,180,380,560,2.1111,160,270,430,1.6875,160,230,390,1.4375,140,170,310,1.2143,120,120,240,1.0,110,100,210,0.90909,158,72
670,200,480,180,380,560,2.1111,160,280,440,1.75,160,230,390,1.4375,140,160,300,1.1429,120,120,240,1.0,110,100,210,0.90909,158,72
670,190,470,180,380,560,2.1111,150,270,420,1.8,150,230,380,1.5333,130,160,290,1.2308,110,120,230,1.0909,110,110,220,1.0,157,71
690,200,490,170,400,570,2.3529,150,280,430,1.8667,140,250,390,1.7857,130,170,300,1.3077,110,130,240,1.1818,100,110,210,1.1,157,71
670,200,480,180,380,560,2.1111,150,270,420,1.8,150,230,380,1.5333,130,160,290,1.2308,110,120,230,1.0909,110,110,220,1.0,157,71
670,190,480,180,380,560,2.1111,150,280,430,1.8667,140,240,380,1.7143,130,160,290,1.2308,110,120,230,1.0909,100,110,210,1.1,156,71
680,190,480,170,390,560,2.2941,150,280,430,1.8667,140,240,380,1.7143,130,170,300,1.3077,110,130,240,1.1818,90,110,200,1.2222,156,71
680,200,480,170,380,550,2.2353,160,280,440,1.75,150,240,390,1.6,130,170,300,1.3077,120,130,250,1.0833,100,100,200,1.0,156,71
680,200,480,170,380,550,2.2353,160,280,440,1.75,150,240,390,1.6,130,170,300,1.3077,120,130,250,1.0833,110,110,220,1.0,156,71
670,200,470,180,370,550,2.0556,160,270,430,1.6875,150,230,380,1.5333,130,160,290,1.2308,120,120,240,1.0,110,100,210,0.90909,156,71
670,200,480,170,400,570,2.3529,160,290,450,1.8125,150,250,400,1.6667,130,170,300,1.3077,120,130,250,1.0833,100,100,200,1.0,156,71
680,190,480,170,390,560,2.2941,150,280,430,1.8667,150,240,390,1.6,130,170,300,1.3077,110,130,240,1.1818,100,110,210,1.1,155,71
670,200,480,180,380,560,2.1111,150,270,420,1.8,150,240,390,1.6,130,170,300,1.3077,110,120,230,1.0909,110,110,220,1.0,155,71
690,190,490,170,390,560,2.2941,150,290,440,1.9333,140,250,390,1.7857,130,170,300,1.3077,100,130,230,1.3,90,120,210,1.3333,154,71
680,200,480,180,400,580,2.2222,150,290,440,1.9333,140,250,390,1.7857,130,170,300,1.3077,110,120,230,1.0909,100,110,210,1.1,154,71
680,200,480,180,390,570,2.1667,150,280,430,1.8667,140,240,380,1.7143,130,170,300,1.3077,110,120,230,1.0909,100,110,210,1.1,154,71
670,200,480,180,380,560,2.1111,160,280,440,1.75,150,230,380,1.5333,140,160,300,1.1429,120,120,240,1.0,100,100,200,1.0,154,70
590,200,390,180,320,500,1.7778,170,240,410,1.4118,160,200,360,1.25,140,130,270,0.92857,130,100,230,0.76923,120,80,200,0.66667,196,99
600,200,400,180,330,510,1.8333,160,250,410,1.5625,160,210,370,1.3125,140,140,280,1.0,120,100,220,0.8333299999999999,110,90,200,0.81818,195,99
600,200,400,180,320,500,1.7778,170,240,410,1.4118,160,210,370,1.3125,140,140,280,1.0,130,100,230,0.76923,110,90,200,0.81818,195,99
600,200,400,180,330,510,1.8333,170,240,410,1.4118,160,210,370,1.3125,140,140,280,1.0,120,100,220,0.8333299999999999,110,90,200,0.81818,194,99
600,200,400,180,330,510,1.8333,170,240,410,1.4118,160,210,370,1.3125,140,140,280,1.0,130,100,230,0.76923,110,80,190,0.72727,193,98
590,200,400,180,320,500,1.7778,170,240,410,1.4118,160,210,370,1.3125,140,130,270,0.92857,130,90,220,0.69231,120,80,200,0.66667,193,98
600,190,410,190,330,520,1.7368,160,260,420,1.625,160,220,380,1.375,140,150,290,1.0714,120,100,220,0.8333299999999999,110,90,200,0.81818,192,97
600,190,410,170,340,510,2.0,160,250,410,1.5625,150,220,370,1.4667,130,140,270,1.0769,120,100,220,0.8333299999999999,110,90,200,0.81818,192,97
600,190,410,170,340,510,2.0,160,250,410,1.5625,150,220,370,1.4667,130,140,270,1.0769,120,100,220,0.8333299999999999,110,90,200,0.81818,189,96
610,190,420,170,340,510,2.0,160,260,420,1.625,150,220,370,1.4667,130,150,280,1.1538,120,100,220,0.8333299999999999,110,90,200,0.81818,188,96
590,190,410,170,330,500,1.9412,160,250,410,1.5625,150,210,360,1.4,130,140,270,1.0769,120,100,220,0.8333299999999999,110,90,200,0.81818,188,96
610,180,410,160,360,520,2.25,150,260,410,1.7333,140,220,360,1.5714,120,150,270,1.25,110,100,210,0.90909,100,90,190,0.9,186,95
600,200,410,180,330,510,1.8333,170,250,420,1.4706,160,210,370,1.3125,130,140,270,1.0769,120,100,220,0.8333299999999999,110,90,200,0.81818,186,95
600,190,410,180,330,510,1.8333,170,240,410,1.4118,160,210,370,1.3125,140,150,290,1.0714,120,110,230,0.91667,110,90,200,0.81818,184,94
600,190,410,170,330,500,1.9412,160,250,410,1.5625,150,210,360,1.4,140,140,280,1.0,120,100,220,0.8333299999999999,110,90,200,0.81818,182,93
600,190,410,170,330,500,1.9412,160,250,410,1.5625,150,210,360,1.4,130,150,280,1.1538,120,100,220,0.8333299999999999,100,90,190,0.9,182,93
610,190,410,170,330,500,1.9412,160,250,410,1.5625,150,210,360,1.4,130,150,280,1.1538,120,110,230,0.91667,100,80,180,0.8,181,92
600,200,400,180,320,500,1.7778,160,240,400,1.5,150,210,360,1.4,140,140,280,1.0,120,100,220,0.8333299999999999,110,80,190,0.72727,181,92
600,200,410,180,320,500,1.7778,160,240,400,1.5,150,210,360,1.4,140,140,280,1.0,120,100,220,0.8333299999999999,100,80,180,0.8,178,91
600,190,420,170,330,500,1.9412,150,250,400,1.6667,140,220,360,1.5714,130,150,280,1.1538,110,110,220,1.0,100,80,180,0.8,177,91
610,180,430,160,350,510,2.1875,140,270,410,1.9286,140,230,370,1.6429,120,160,280,1.3333,100,120,220,1.2,100,90,190,0.9,177,91
610,180,420,160,340,500,2.125,150,260,410,1.7333,140,220,360,1.5714,120,150,270,1.25,110,110,220,1.0,100,90,190,0.9,177,91
600,190,420,170,340,510,2.0,150,260,410,1.7333,150,220,370,1.4667,130,150,280,1.1538,120,100,220,0.8333299999999999,100,90,190,0.9,177,91
610,180,440,160,380,540,2.375,140,270,410,1.9286,130,230,360,1.7692,120,160,280,1.3333,100,110,210,1.1,90,90,180,1.0,175,90
610,170,440,160,370,530,2.3125,140,270,410,1.9286,130,240,370,1.8462,120,170,290,1.4167,100,110,210,1.1,90,90,180,1.0,174,90
630,170,440,160,360,520,2.25,140,270,410,1.9286,140,240,380,1.7143,120,160,280,1.3333,100,120,220,1.2,90,100,190,1.1111,174,90
610,190,420,170,340,510,2.0,160,250,410,1.5625,150,220,370,1.4667,130,150,280,1.1538,120,110,230,0.91667,110,90,200,0.81818,173,89
620,190,420,180,340,520,1.8889,160,260,420,1.625,150,220,370,1.4667,140,160,300,1.1429,120,120,240,1.0,100,100,200,1.0,173,89
610,200,410,190,330,520,1.7368,160,250,410,1.5625,160,220,380,1.375,140,150,290,1.0714,120,110,230,0.91667,120,100,220,0.8333299999999999,173,89
610,200,400,180,330,510,1.8333,170,250,420,1.4706,160,210,370,1.3125,140,150,290,1.0714,130,110,240,0.84615,110,90,200,0.81818,171,89
610,210,400,180,340,520,1.8889,170,250,420,1.4706,160,210,370,1.3125,140,150,290,1.0714,130,110,240,0.84615,110,90,200,0.81818,171,89
600,210,400,190,340,530,1.7895,160,250,410,1.5625,150,220,370,1.4667,140,150,290,1.0714,120,110,230,0.91667,110,100,210,0.90909,168,87
630,200,420,170,350,520,2.0588,150,270,420,1.8,150,230,380,1.5333,130,160,290,1.2308,110,130,240,1.1818,100,110,210,1.1,166,86
610,210,400,190,330,520,1.7368,180,240,420,1.3333,170,210,380,1.2353,150,150,300,1.0,130,110,240,0.84615,120,90,210,0.75,166,86
620,210,400,190,330,520,1.7368,170,250,420,1.4706,160,210,370,1.3125,150,150,300,1.0,120,110,230,0.91667,110,100,210,0.90909,165,85
610,220,400,200,330,530,1.65,180,250,430,1.3889,170,210,380,1.2353,150,140,290,0.93333,130,100,230,0.76923,120,90,210,0.75,165,85
610,210,400,190,330,520,1.7368,180,250,430,1.3889,170,210,380,1.2353,140,150,290,1.0714,130,110,240,0.84615,120,90,210,0.75,164,84
620,210,410,190,350,540,1.8421,160,270,430,1.6875,150,230,380,1.5333,140,150,290,1.0714,120,110,230,0.91667,110,100,210,0.90909,165,84
630,210,420,190,330,520,1.7368,170,250,420,1.4706,160,210,370,1.3125,140,150,290,1.0714,130,120,250,0.92308,110,90,200,0.81818,165,84
620,210,410,190,340,530,1.7895,170,250,420,1.4706,160,220,380,1.375,150,140,290,0.93333,120,110,230,0.91667,120,100,220,0.8333299999999999,165,84
620,210,410,190,330,520,1.7368,180,250,430,1.3889,160,210,370,1.3125,140,150,290,1.0714,130,120,250,0.92308,110,90,200,0.81818,166,84
620,210,420,190,340,530,1.7895,160,260,420,1.625,160,220,380,1.375,140,150,290,1.0714,120,110,230,0.91667,110,100,210,0.90909,166,84
630,200,420,180,340,520,1.8889,170,260,430,1.5294,160,220,380,1.375,140,160,300,1.1429,120,120,240,1.0,110,100,210,0.90909,167,84
620,210,410,190,340,530,1.7895,170,250,420,1.4706,170,210,380,1.2353,140,150,290,1.0714,130,110,240,0.84615,110,90,200,0.81818,167,84
630,210,420,190,340,530,1.7895,170,260,430,1.5294,160,220,380,1.375,140,150,290,1.0714,120,110,230,0.91667,110,100,210,0.90909,167,83
620,210,420,190,350,540,1.8421,170,260,430,1.5294,160,210,370,1.3125,140,150,290,1.0714,130,120,250,0.92308,110,90,200,0.81818,167,83
640,200,430,180,350,530,1.9444,160,260,420,1.625,160,220,380,1.375,130,160,290,1.2308,120,120,240,1.0,100,100,200,1.0,167,83
620,210,420,190,340,530,1.7895,170,260,430,1.5294,160,220,380,1.375,150,150,300,1.0,120,110,230,0.91667,120,100,220,0.8333299999999999,167,83
630,200,430,180,360,540,2.0,160,270,430,1.6875,150,230,380,1.5333,140,160,300,1.1429,120,120,240,1.0,100,110,210,1.1,166,82
640,200,440,170,360,530,2.1176,160,270,430,1.6875,150,230,380,1.5333,130,160,290,1.2308,120,130,250,1.0833,100,100,200,1.0,166,82
640,200,430,180,350,530,1.9444,170,260,430,1.5294,160,220,380,1.375,140,150,290,1.0714,120,120,240,1.0,110,100,210,0.90909,165,81
620,210,420,190,350,540,1.8421,170,260,430,1.5294,170,210,380,1.2353,140,150,290,1.0714,130,110,240,0.84615,120,90,210,0.75,165,81
650,200,440,180,360,540,2.0,150,270,420,1.8,150,230,380,1.5333,130,160,290,1.2308,110,130,240,1.1818,100,110,210,1.1,165,81
630,210,430,190,340,530,1.7895,170,260,430,1.5294,160,220,380,1.375,150,140,290,0.93333,120,110,230,0.91667,120,100,220,0.8333299999999999,164,80
640,200,430,180,350,530,1.9444,160,270,430,1.6875,150,230,380,1.5333,140,150,290,1.0714,120,110,230,0.91667,110,100,210,0.90909,164,80
640,210,430,190,350,540,1.8421,170,260,430,1.5294,160,220,380,1.375,150,150,300,1.0,120,110,230,0.91667,110,100,210,0.90909,162,79
630,210,430,190,350,540,1.8421,170,260,430,1.5294,160,220,380,1.375,150,150,300,1.0,130,110,240,0.84615,110,100,210,0.90909,162,79
650,200,440,180,360,540,2.0,160,270,430,1.6875,150,230,380,1.5333,140,160,300,1.1429,120,120,240,1.0,100,110,210,1.1,162,79
640,210,430,190,350,540,1.8421,170,270,440,1.5882,150,230,380,1.5333,140,150,290,1.0714,120,110,230,0.91667,110,100,210,0.90909,160,78
650,210,440,190,360,550,1.8947,160,270,430,1.6875,150,230,380,1.5333,140,160,300,1.1429,120,120,240,1.0,110,110,220,1.0,160,78
650,210,440,190,360,550,1.8947,170,260,430,1.5294,160,220,380,1.375,140,150,290,1.0714,120,120,240,1.0,110,100,210,0.90909,159,77
650,210,440,190,360,550,1.8947,170,270,440,1.5882,170,230,400,1.3529,130,150,280,1.1538,130,120,250,0.92308,130,90,220,0.69231,159,77
640,210,430,190,360,550,1.8947,180,260,440,1.4444,170,220,390,1.2941,140,150,290,1.0714,130,120,250,0.92308,120,90,210,0.75,159,77
660,210,450,180,370,550,2.0556,160,270,430,1.6875,160,230,390,1.4375,140,160,300,1.1429,120,120,240,1.0,110,100,210,0.90909,158,76
650,210,450,190,360,550,1.8947,170,280,450,1.6471,160,220,380,1.375,140,150,290,1.0714,130,120,250,0.92308,110,100,210,0.90909,157,76
670,200,460,180,370,550,2.0556,160,270,430,1.6875,150,230,380,1.5333,140,170,310,1.2143,110,130,240,1.1818,100,110,210,1.1,157,76
650,210,440,190,360,550,1.8947,180,270,450,1.5,170,220,390,1.2941,150,160,310,1.0667,130,120,250,0.92308,120,90,210,0.75,157,76
660,210,450,190,360,550,1.8947,170,270,440,1.5882,160,230,390,1.4375,150,150,300,1.0,120,120,240,1.0,110,110,220,1.0,156,76
650,210,440,190,360,550,1.8947,170,260,430,1.5294,170,220,390,1.2941,150,160,310,1.0667,130,110,240,0.84615,120,90,210,0.75,155,75
660,210,450,180,360,540,2.0,170,270,440,1.5882,160,230,390,1.4375,140,160,300,1.1429,120,120,240,1.0,100,110,210,1.1,155,75
660,210,450,190,370,560,1.9474,170,270,440,1.5882,160,230,390,1.4375,140,160,300,1.1429,120,120,240,1.0,110,100,210,0.90909,155,75
660,210,440,190,360,550,1.8947,170,270,440,1.5882,160,230,390,1.4375,140,160,300,1.1429,130,120,250,0.92308,110,100,210,0.90909,155,75
660,220,450,190,370,560,1.9474,170,270,440,1.5882,160,230,390,1.4375,150,160,310,1.0667,120,120,240,1.0,110,100,210,0.90909,155,75
660,210,450,190,360,550,1.8947,170,270,440,1.5882,160,230,390,1.4375,140,160,300,1.1429,130,120,250,0.92308,110,100,210,0.90909,155,75
660,210,450,190,360,550,1.8947,170,270,440,1.5882,160,220,380,1.375,140,160,300,1.1429,120,120,240,1.0,120,100,220,0.8333299999999999,154,75
670,210,440,190,360,550,1.8947,180,270,450,1.5,160,230,390,1.4375,140,160,300,1.1429,130,120,250,0.92308,110,100,210,0.90909,154,75
650,230,440,210,350,560,1.6667,180,260,440,1.4444,170,210,380,1.2353,160,150,310,0.9375,130,110,240,0.84615,130,90,220,0.69231,154,75
670,210,450,190,360,550,1.8947,180,270,450,1.5,160,230,390,1.4375,140,160,300,1.1429,130,120,250,0.92308,110,110,220,1.0,154,75
660,220,440,200,350,550,1.75,180,250,430,1.3889,170,220,390,1.2941,160,150,310,0.9375,130,110,240,0.84615,130,90,220,0.69231,154,75
660,220,440,200,360,560,1.8,180,270,450,1.5,170,230,400,1.3529,150,150,300,1.0,130,110,240,0.84615,120,100,220,0.8333299999999999,155,75
660,220,450,200,360,560,1.8,170,260,430,1.5294,170,220,390,1.2941,150,160,310,1.0667,130,120,250,0.92308,120,100,220,0.8333299999999999,155,76
670,210,450,190,360,550,1.8947,170,270,440,1.5882,160,230,390,1.4375,150,160,310,1.0667,130,120,250,0.92308,110,110,220,1.0,155,76
660,220,440,200,360,560,1.8,180,260,440,1.4444,170,220,390,1.2941,150,160,310,1.0667,140,120,260,0.85714,120,100,220,0.8333299999999999,157,76
660,220,450,200,360,560,1.8,180,260,440,1.4444,160,220,380,1.375,150,160,310,1.0667,130,120,250,0.92308,120,100,220,0.8333299999999999,158,77
670,210,450,190,360,550,1.8947,170,270,440,1.5882,160,220,380,1.375,140,160,300,1.1429,130,120,250,0.92308,110,110,220,1.0,158,77
650,220,450,200,360,560,1.8,180,250,430,1.3889,170,210,380,1.2353,150,150,300,1.0,130,120,250,0.92308,120,100,220,0.8333299999999999,159,78
680,200,460,180,370,550,2.0556,160,280,440,1.75,150,240,390,1.6,140,160,300,1.1429,120,130,250,1.0833,100,120,220,1.2,160,78
660,220,450,200,360,560,1.8,180,260,440,1.4444,170,220,390,1.2941,150,160,310,1.0667,140,120,260,0.85714,120,100,220,0.8333299999999999,160,78
660,210,450,190,360,550,1.8947,170,260,430,1.5294,160,220,380,1.375,150,160,310,1.0667,120,120,240,1.0,120,100,220,0.8333299999999999,161,79
680,210,460,180,370,550,2.0556,170,280,450,1.6471,160,240,400,1.5,140,160,300,1.1429,120,130,250,1.0833,100,110,210,1.1,161,79
670,220,450,190,360,550,1.8947,180,260,440,1.4444,170,220,390,1.2941,150,160,310,1.0667,140,120,260,0.85714,120,100,220,0.8333299999999999,161,79
660,220,450,200,370,570,1.85,180,260,440,1.4444,170,220,390,1.2941,150,150,300,1.0,130,120,250,0.92308,120,90,210,0.75,161,79
680,210,470,190,380,570,2.0,160,280,440,1.75,150,240,390,1.6,140,190,330,1.3571,110,130,240,1.1818,110,110,220,1.0,162,79
670,210,460,190,360,550,1.8947,170,270,440,1.5882,160,230,390,1.4375,150,150,300,1.0,130,120,250,0.92308,110,100,210,0.90909,162,79
670,210,460,190,360,550,1.8947,170,270,440,1.5882,160,220,380,1.375,140,160,300,1.1429,130,120,250,0.92308,110,100,210,0.90909,162,79
660,210,450,190,370,560,1.9474,170,270,440,1.5882,170,230,400,1.3529,150,160,310,1.0667,130,130,260,1.0,110,100,210,0.90909,161,79
680,210,470,180,380,560,2.1111,160,280,440,1.75,150,240,390,1.6,140,170,310,1.2143,110,140,250,1.2727,100,110,210,1.1,161,79
680,210,470,190,370,560,1.9474,170,270,440,1.5882,160,230,390,1.4375,140,160,300,1.1429,120,120,240,1.0,110,110,220,1.0,160,78
670,210,460,190,370,560,1.9474,180,270,450,1.5,160,230,390,1.4375,150,150,300,1.0,130,120,250,0.92308,110,100,210,0.90909,160,78
660,210,450,190,360,550,1.8947,170,260,430,1.5294,160,230,390,1.4375,140,160,300,1.1429,120,120,240,1.0,110,110,220,1.0,160,78
670,210,470,180,380,560,2.1111,160,280,440,1.75,160,240,400,1.5,140,170,310,1.2143,120,130,250,1.0833,110,110,220,1.0,159,77
670,200,460,180,370,550,2.0556,150,270,420,1.8,150,230,380,1.5333,130,160,290,1.2308,110,120,230,1.0909,100,100,200,1.0,159,77
680,210,470,180,380,560,2.1111,170,280,450,1.6471,160,230,390,1.4375,140,160,300,1.1429,120,120,240,1.0,110,110,220,1.0,159,77
670,210,460,190,380,570,2.0,170,280,450,1.6471,160,230,390,1.4375,140,160,300,1.1429,130,120,250,0.92308,110,100,210,0.90909,158,77
680,210,470,190,370,560,1.9474,170,280,450,1.6471,170,240,410,1.4118,140,170,310,1.2143,130,130,260,1.0,110,110,220,1.0,158,76
680,210,470,190,370,560,1.9474,170,270,440,1.5882,170,240,410,1.4118,150,160,310,1.0667,130,130,260,1.0,120,100,220,0.8333299999999999,158,76
670,210,460,190,370,560,1.9474,170,270,440,1.5882,170,230,400,1.3529,150,160,310,1.0667,130,120,250,0.92308,120,100,220,0.8333299999999999,158,76
680,210,470,190,380,570,2.0,160,270,430,1.6875,160,230,390,1.4375,140,160,300,1.1429,120,120,240,1.0,110,100,210,0.90909,157,76
660,210,460,190,380,570,2.0,170,270,440,1.5882,160,230,390,1.4375,140,160,300,1.1429,120,120,240,1.0,120,100,220,0.8333299999999999,157,76
680,200,470,180,380,560,2.1111,160,280,440,1.75,150,240,390,1.6,140,170,310,1.2143,120,130,250,1.0833,100,110,210,1.1,157,76
690,210,480,180,380,560,2.1111,170,280,450,1.6471,160,240,400,1.5,140,160,300,1.1429,120,120,240,1.0,110,110,220,1.0,157,75
680,210,470,190,390,580,2.0526,170,280,450,1.6471,160,240,400,1.5,150,170,320,1.1333,120,120,240,1.0,110,110,220,1.0,157,75
670,210,470,190,380,570,2.0,170,270,440,1.5882,160,230,390,1.4375,150,170,320,1.1333,130,120,250,0.92308,110,110,220,1.0,157,75
670,200,470,180,390,570,2.1667,170,280,450,1.6471,160,240,400,1.5,140,170,310,1.2143,120,130,250,1.0833,110,120,230,1.0909,156,75
680,200,460,170,380,550,2.2353,160,290,450,1.8125,150,250,400,1.6667,130,170,300,1.3077,120,130,250,1.0833,100,110,210,1.1,156,75
680,220,450,200,350,550,1.75,170,260,430,1.5294,170,220,390,1.2941,150,150,300,1.0,130,110,240,0.84615,120,90,210,0.75,155,75
650,230,450,200,360,560,1.8,180,260,440,1.4444,170,220,390,1.2941,160,150,310,0.9375,130,110,240,0.84615,130,90,220,0.69231,155,75
680,200,470,180,380,560,2.1111,160,280,440,1.75,150,240,390,1.6,140,160,300,1.1429,110,130,240,1.1818,100,110,210,1.1,155,75
680,210,470,190,380,570,2.0,160,270,430,1.6875,160,230,390,1.4375,140,170,310,1.2143,120,120,240,1.0,110,100,210,0.90909,155,75
690,210,480,190,380,570,2.0,170,270,440,1.5882,160,230,390,1.4375,150,160,310,1.0667,120,120,240,1.0,120,100,220,0.8333299999999999,155,75
670,210,470,190,380,570,2.0,170,280,450,1.6471,170,240,410,1.4118,150,160,310,1.0667,130,120,250,0.92308,120,100,220,0.8333299999999999,155,75
680,200,480,190,380,570,2.0,160,280,440,1.75,160,240,400,1.5,140,170,310,1.2143,120,140,260,1.1667,110,110,220,1.0,155,75
680,200,470,180,380,560,2.1111,160,280,440,1.75,160,240,400,1.5,140,160,300,1.1429,120,130,250,1.0833,110,100,210,0.90909,154,75
670,210,460,190,380,570,2.0,160,270,430,1.6875,160,220,380,1.375,140,160,300,1.1429,120,120,240,1.0,120,100,220,0.8333299999999999,154,75
670,210,470,190,380,570,2.0,170,270,440,1.5882,160,230,390,1.4375,140,150,290,1.0714,120,120,240,1.0,110,100,210,0.90909,153,75
680,200,480,180,390,570,2.1667,160,280,440,1.75,150,240,390,1.6,140,170,310,1.2143,110,130,240,1.1818,100,120,220,1.2,153,74
690,200,490,180,390,570,2.1667,160,280,440,1.75,150,240,390,1.6,140,170,310,1.2143,110,130,240,1.1818,100,120,220,1.2,153,74
690,200,490,180,390,570,2.1667,160,290,450,1.8125,150,250,400,1.6667,130,170,300,1.3077,110,130,240,1.1818,110,110,220,1.0,153,74
690,200,490,180,380,560,2.1111,160,280,440,1.75,160,240,400,1.5,140,160,300,1.1429,120,120,240,1.0,110,100,210,0.90909,153,74
680,200,480,190,380,570,2.0,170,280,450,1.6471,160,240,400,1.5,140,170,310,1.2143,130,120,250,0.92308,110,100,210,0.90909,153,74
680,200,480,180,390,570,2.1667,170,280,450,1.6471,160,240,400,1.5,140,170,310,1.2143,120,120,240,1.0,110,100,210,0.90909,152,74
670,200,470,180,390,570,2.1667,170,290,460,1.7059,160,250,410,1.5625,130,170,300,1.3077,120,130,250,1.0833,110,110,220,1.0,151,73
690,200,490,180,390,570,2.1667,160,280,440,1.75,150,240,390,1.6,130,170,300,1.3077,120,130,250,1.0833,100,110,210,1.1,151,73
680,200,480,180,400,580,2.2222,160,290,450,1.8125,150,250,400,1.6667,130,170,300,1.3077,120,130,250,1.0833,100,110,210,1.1,151,73
700,200,490,180,400,580,2.2222,160,290,450,1.8125,150,250,400,1.6667,130,170,300,1.3077,120,130,250,1.0833,110,110,220,1.0,151,73
680,210,470,190,400,590,2.1053,170,290,460,1.7059,160,240,400,1.5,150,170,320,1.1333,130,120,250,0.92308,110,110,220,1.0,151,73
680,210,470,190,390,580,2.0526,160,280,440,1.75,150,240,390,1.6,140,170,310,1.2143,120,120,240,1.0,110,110,220,1.0,150,72
660,210,460,190,360,550,1.8947,170,280,450,1.6471,160,230,390,1.4375,150,150,300,1.0,120,110,230,0.91667,110,100,210,0.90909,148,72
680,200,480,170,410,580,2.4118,160,300,460,1.875,150,260,410,1.7333,130,180,310,1.3846,110,140,250,1.2727,100,120,220,1.2,148,72
680,200,470,180,370,550,2.0556,170,280,450,1.6471,160,230,390,1.4375,140,160,300,1.1429,120,120,240,1.0,110,100,210,0.90909,148,72
670,210,460,200,370,570,1.85,170,290,460,1.7059,170,240,410,1.4118,150,170,320,1.1333,130,120,250,0.92308,120,100,220,0.8333299999999999,149,72
670,210,470,190,390,580,2.0526,170,270,440,1.5882,160,230,390,1.4375,150,170,320,1.1333,120,120,240,1.0,110,100,210,0.90909,149,72
690,200,480,180,400,580,2.2222,150,300,450,2.0,150,260,410,1.7333,130,180,310,1.3846,110,140,250,1.2727,100,120,220,1.2,149,72
670,210,460,190,370,560,1.9474,170,270,440,1.5882,160,230,390,1.4375,150,150,300,1.0,130,110,240,0.84615,120,100,220,0.8333299999999999,150,73
660,210,460,190,380,570,2.0,180,270,450,1.5,160,230,390,1.4375,150,160,310,1.0667,130,110,240,0.84615,110,100,210,0.90909,150,73
650,200,450,190,370,560,1.9474,170,270,440,1.5882,160,230,390,1.4375,140,160,300,1.1429,130,120,250,0.92308,110,100,210,0.90909,152,74
670,200,460,180,380,560,2.1111,160,280,440,1.75,150,240,390,1.6,140,160,300,1.1429,120,120,240,1.0,100,100,200,1.0,152,75
650,210,450,190,370,560,1.9474,170,280,450,1.6471,170,230,400,1.3529,140,160,300,1.1429,130,120,250,0.92308,110,100,210,0.90909,152,75
680,200,460,180,380,560,2.1111,160,280,440,1.75,150,240,390,1.6,140,170,310,1.2143,120,130,250,1.0833,100,120,220,1.2,152,75
660,220,440,200,360,560,1.8,180,280,460,1.5556,170,230,400,1.3529,150,160,310,1.0667,140,110,250,0.78571,120,90,210,0.75,154,76
650,220,440,200,360,560,1.8,180,260,440,1.4444,170,230,400,1.3529,160,150,310,0.9375,130,110,240,0.84615,120,100,220,0.8333299999999999,154,76
660,210,450,190,370,560,1.9474,170,270,440,1.5882,170,230,400,1.3529,140,160,300,1.1429,130,130,260,1.0,120,100,220,0.8333299999999999,155,76
650,210,440,190,370,560,1.9474,170,270,440,1.5882,160,230,390,1.4375,150,150,300,1.0,130,110,240,0.84615,110,100,210,0.90909,156,78
660,210,450,190,370,560,1.9474,160,270,430,1.6875,160,230,390,1.4375,140,160,300,1.1429,120,120,240,1.0,110,100,210,0.90909,156,78
650,210,440,190,360,550,1.8947,180,270,450,1.5,170,220,390,1.2941,150,150,300,1.0,130,110,240,0.84615,120,90,210,0.75,157,78
660,210,450,190,360,550,1.8947,170,270,440,1.5882,160,230,390,1.4375,150,160,310,1.0667,120,120,240,1.0,110,110,220,1.0,160,80
650,210,450,190,360,550,1.8947,170,270,440,1.5882,160,220,380,1.375,140,150,290,1.0714,130,110,240,0.84615,120,100,220,0.8333299999999999,160,80
660,200,460,180,370,550,2.0556,160,280,440,1.75,150,240,390,1.6,140,160,300,1.1429,120,120,240,1.0,100,110,210,1.1,161,80
660,200,460,180,380,560,2.1111,160,270,430,1.6875,160,240,400,1.5,140,160,300,1.1429,120,130,250,1.0833,110,100,210,0.90909,163,81
650,200,460,180,390,570,2.1667,160,280,440,1.75,150,240,390,1.6,140,160,300,1.1429,120,120,240,1.0,110,110,220,1.0,163,81
660,190,460,170,380,550,2.2353,150,280,430,1.8667,150,240,390,1.6,130,160,290,1.2308,110,130,240,1.1818,100,110,210,1.1,163,82
660,200,460,170,370,540,2.1765,160,280,440,1.75,150,230,380,1.5333,140,160,300,1.1429,120,120,240,1.0,100,100,200,1.0,163,82
660,200,460,180,370,550,2.0556,160,270,430,1.6875,150,240,390,1.6,140,150,290,1.0714,110,120,230,1.0909,110,110,220,1.0,163,82
670,200,460,170,370,540,2.1765,160,270,430,1.6875,150,230,380,1.5333,130,170,300,1.3077,120,130,250,1.0833,100,110,210,1.1,163,81
640,210,460,190,380,570,2.0,160,270,430,1.6875,160,220,380,1.375,140,150,290,1.0714,120,120,240,1.0,120,100,220,0.8333299999999999,163,81
690,180,490,160,390,550,2.4375,150,300,450,2.0,130,260,390,2.0,120,180,300,1.5,90,140,230,1.5556,80,130,210,1.625,163,81
670,200,470,180,370,550,2.0556,170,270,440,1.5882,160,240,400,1.5,140,170,310,1.2143,130,130,260,1.0,110,110,220,1.0,162,81
640,200,460,190,380,570,2.0,160,270,430,1.6875,160,220,380,1.375,140,150,290,1.0714,120,110,230,0.91667,120,100,220,0.8333299999999999,162,80
680,180,480,170,390,560,2.2941,150,290,440,1.9333,140,250,390,1.7857,120,170,290,1.4167,100,140,240,1.4,90,120,210,1.3333,162,80
660,200,460,180,380,560,2.1111,160,280,440,1.75,160,230,390,1.4375,140,160,300,1.1429,120,110,230,0.91667,120,100,220,0.8333299999999999,161,80
660,200,460,180,380,560,2.1111,170,280,450,1.6471,150,240,390,1.6,140,160,300,1.1429,120,120,240,1.0,110,100,210,0.90909,160,79
670,200,460,180,380,560,2.1111,160,280,440,1.75,160,240,400,1.5,140,160,300,1.1429,120,130,250,1.0833,110,110,220,1.0,160,79
660,210,460,190,380,570,2.0,160,270,430,1.6875,150,230,380,1.5333,140,160,300,1.1429,120,120,240,1.0,110,110,220,1.0,160,79
660,200,460,180,370,550,2.0556,170,280,450,1.6471,160,240,400,1.5,130,170,300,1.3077,120,130,250,1.0833,110,110,220,1.0,160,79
670,200,470,180,380,560,2.1111,160,280,440,1.75,150,230,380,1.5333,140,170,310,1.2143,110,130,240,1.1818,110,110,220,1.0,160,79
650,200,440,180,370,550,2.0556,160,270,430,1.6875,150,220,370,1.4667,140,150,290,1.0714,120,110,230,0.91667,110,90,200,0.81818,159,78
660,200,460,180,370,550,2.0556,170,280,450,1.6471,160,240,400,1.5,140,170,310,1.2143,120,130,250,1.0833,110,110,220,1.0,158,77
670,200,460,190,370,560,1.9474,160,280,440,1.75,150,240,390,1.6,140,170,310,1.2143,120,120,240,1.0,110,110,220,1.0,158,77
650,210,450,180,360,540,2.0,180,270,450,1.5,170,230,400,1.3529,150,160,310,1.0667,130,120,250,0.92308,120,100,220,0.8333299999999999,157,77
670,200,460,180,380,560,2.1111,160,280,440,1.75,150,240,390,1.6,140,160,300,1.1429,120,130,250,1.0833,110,110,220,1.0,157,77
650,210,450,190,380,570,2.0,170,270,440,1.5882,160,220,380,1.375,140,160,300,1.1429,130,120,250,0.92308,110,100,210,0.90909,157,77
660,200,460,180,370,550,2.0556,160,270,430,1.6875,150,230,380,1.5333,140,160,300,1.1429,120,120,240,1.0,110,110,220,1.0,158,77
670,200,460,170,370,540,2.1765,160,280,440,1.75,150,230,380,1.5333,130,160,290,1.2308,120,130,250,1.0833,110,100,210,0.90909,158,78
650,210,450,190,360,550,1.8947,170,260,430,1.5294,160,220,380,1.375,140,160,300,1.1429,120,120,240,1.0,120,100,220,0.8333299999999999,158,78
670,200,460,180,380,560,2.1111,160,280,440,1.75,150,240,390,1.6,130,170,300,1.3077,120,130,250,1.0833,100,110,210,1.1,159,78
650,210,460,190,380,570,2.0,170,270,440,1.5882,160,230,390,1.4375,150,160,310,1.0667,120,120,240,1.0,120,100,220,0.8333299999999999,159,77
670,190,470,190,410,600,2.1579,170,290,460,1.7059,160,230,390,1.4375,140,160,300,1.1429,120,130,250,1.0833,110,110,220,1.0,159,77
660,200,460,190,400,590,2.1053,160,270,430,1.6875,160,220,380,1.375,140,160,300,1.1429,120,120,240,1.0,110,100,210,0.90909,158,77
650,200,460,180,440,620,2.4444,160,310,470,1.9375,150,280,430,1.8667,140,160,300,1.1429,120,120,240,1.0,100,110,210,1.1,158,77
670,190,470,180,380,560,2.1111,150,280,430,1.8667,150,240,390,1.6,140,170,310,1.2143,110,130,240,1.1818,110,110,220,1.0,158,77
660,200,460,180,390,570,2.1667,160,280,440,1.75,150,240,390,1.6,140,160,300,1.1429,120,120,240,1.0,110,110,220,1.0,157,75
660,200,460,180,380,560,2.1111,160,290,450,1.8125,160,240,400,1.5,130,160,290,1.2308,120,130,250,1.0833,110,110,220,1.0,157,75
660,200,470,180,410,590,2.2778,150,300,450,2.0,140,250,390,1.7857,130,190,320,1.4615,110,140,250,1.2727,100,120,220,1.2,157,75
720,190,500,210,430,640,2.0476,160,340,500,2.125,150,290,440,1.9333,130,220,350,1.6923,110,150,260,1.3636,100,130,230,1.3,156,75
650,220,440,210,360,570,1.7143,190,260,450,1.3684,180,220,400,1.2222,160,150,310,0.9375,140,100,240,0.71429,120,90,210,0.75,155,75
630,210,450,190,460,650,2.4211,170,320,490,1.8824,160,270,430,1.6875,130,190,320,1.4615,120,130,250,1.0833,100,100,200,1.0,155,75
660,180,460,160,470,630,2.9375,140,290,430,2.0714,120,240,360,2.0,110,180,290,1.6364,90,130,220,1.4444,80,100,180,1.25,154,74
640,200,360,170,310,480,1.8235,150,250,400,1.6667,140,220,360,1.5714,120,170,290,1.4167,100,130,230,1.3,90,100,190,1.1111,154,74
670,280,480,190,390,580,2.0526,150,280,430,1.8667,140,240,380,1.7143,120,170,290,1.4167,100,130,230,1.3,90,120,210,1.3333,154,74
700,190,490,210,420,630,2.0,210,350,560,1.6667,210,290,500,1.381,150,170,320,1.1333,130,120,250,0.92308,110,100,210,0.90909,154,73
660,210,460,190,430,620,2.2632,170,320,490,1.8824,160,270,430,1.6875,150,180,330,1.2,130,130,260,1.0,110,110,220,1.0,154,73
670,200,460,180,470,650,2.6111,170,330,500,1.9412,160,280,440,1.75,130,180,310,1.3846,120,130,250,1.0833,100,110,210,1.1,152,72
680,210,460,190,470,660,2.4737,160,440,600,2.75,160,380,540,2.375,140,260,400,1.8571,120,180,300,1.5,110,150,260,1.3636,151,71
640,220,390,200,320,520,1.6,180,240,420,1.3333,170,210,380,1.2353,150,140,290,0.93333,130,100,230,0.76923,120,90,210,0.75,151,71
640,250,470,200,480,680,2.4,170,440,610,2.5882,160,400,560,2.5,150,250,400,1.6667,130,140,270,1.0769,120,110,230,0.91667,150,71
700,170,490,190,400,590,2.1053,190,280,470,1.4737,190,230,420,1.2105,140,190,330,1.3571,120,140,260,1.1667,100,130,230,1.3,151,72
710,210,460,190,400,590,2.1053,170,300,470,1.7647,160,240,400,1.5,140,160,300,1.1429,120,120,240,1.0,110,100,210,0.90909,151,72
640,250,430,220,440,660,2.0,200,320,520,1.6,190,270,460,1.4211,170,190,360,1.1176,140,130,270,0.92857,130,100,230,0.76923,150,72
690,210,460,190,470,660,2.4737,170,330,500,1.9412,160,280,440,1.75,140,200,340,1.4286,130,130,260,1.0,110,110,220,1.0,150,72
690,210,460,180,430,610,2.3889,170,280,450,1.6471,160,240,400,1.5,140,160,300,1.1429,120,130,250,1.0833,110,110,220,1.0,149,71
660,230,460,200,390,590,1.95,170,280,450,1.6471,160,230,390,1.4375,150,150,300,1.0,130,110,240,0.84615,120,100,220,0.8333299999999999,149,70
660,200,470,170,390,560,2.2941,160,290,450,1.8125,150,250,400,1.6667,130,160,290,1.2308,120,120,240,1.0,110,100,210,0.90909,148,70
680,190,470,160,360,520,2.25,150,260,410,1.7333,140,230,370,1.6429,120,160,280,1.3333,110,130,240,1.1818,90,110,200,1.2222,148,70
670,210,480,190,440,630,2.3158,160,370,530,2.3125,150,320,470,2.1333,140,190,330,1.3571,120,130,250,1.0833,110,110,220,1.0,148,70
680,190,470,210,360,570,1.7143,160,280,440,1.75,150,230,380,1.5333,140,160,300,1.1429,110,120,230,1.0909,100,110,210,1.1,148,70
680,210,480,180,440,620,2.4444,170,340,510,2.0,160,280,440,1.75,140,200,340,1.4286,120,130,250,1.0833,110,110,220,1.0,147,70
680,200,480,180,400,580,2.2222,160,290,450,1.8125,150,250,400,1.6667,140,170,310,1.2143,120,130,250,1.0833,100,120,220,1.2,147,70
680,200,480,180,420,600,2.3333,160,300,460,1.875,150,250,400,1.6667,140,170,310,1.2143,120,130,250,1.0833,110,110,220,1.0,147,70
680,200,480,220,360,580,1.6364,180,290,470,1.6111,170,270,440,1.5882,140,200,340,1.4286,130,150,280,1.1538,110,120,230,1.0909,146,70
660,200,470,180,480,660,2.6667,170,360,530,2.1176,160,290,450,1.8125,140,190,330,1.3571,120,130,250,1.0833,110,110,220,1.0,146,70
700,190,480,210,440,650,2.0952,180,420,600,2.3333,160,330,490,2.0625,150,200,350,1.3333,120,150,270,1.25,110,120,230,1.0909,146,70
660,220,460,190,470,660,2.4737,170,410,580,2.4118,160,320,480,2.0,140,190,330,1.3571,120,120,240,1.0,100,100,200,1.0,146,70
690,200,480,180,420,600,2.3333,160,310,470,1.9375,150,260,410,1.7333,130,180,310,1.3846,120,130,250,1.0833,100,100,200,1.0,146,70
680,210,470,190,480,670,2.5263,170,310,480,1.8235,160,270,430,1.6875,140,170,310,1.2143,130,130,260,1.0,110,100,210,0.90909,146,70
680,210,470,230,400,630,1.7391,190,300,490,1.5789,180,270,450,1.5,150,190,340,1.2667,130,130,260,1.0,120,120,240,1.0,146,70
660,210,470,190,480,670,2.5263,170,450,620,2.6471,170,390,560,2.2941,150,210,360,1.4,130,130,260,1.0,120,110,230,0.91667,146,70
670,190,480,210,430,640,2.0476,160,380,540,2.375,150,270,420,1.8,140,190,330,1.3571,110,140,250,1.2727,100,110,210,1.1,145,70
670,190,470,180,380,560,2.1111,150,280,430,1.8667,140,240,380,1.7143,130,160,290,1.2308,110,120,230,1.0909,100,110,210,1.1,145,70
690,210,460,200,380,580,1.9,170,280,450,1.6471,160,240,400,1.5,150,170,320,1.1333,120,130,250,1.0833,110,100,210,0.90909,146,70
680,230,440,210,390,600,1.8571,190,290,480,1.5263,180,250,430,1.3889,170,170,340,1.0,140,120,260,0.85714,130,90,220,0.69231,146,70
670,240,420,220,360,580,1.6364,200,270,470,1.35,190,240,430,1.2632,170,160,330,0.94118,150,110,260,0.73333,130,90,220,0.69231,147,70
660,250,430,220,390,610,1.7727,200,300,500,1.5,200,260,460,1.3,180,180,360,1.0,160,110,270,0.6875,130,100,230,0.76923,147,71
680,230,440,210,380,590,1.8095,190,300,490,1.5789,180,260,440,1.4444,170,180,350,1.0588,150,120,270,0.8,140,100,240,0.71429,147,71
670,240,420,220,370,590,1.6818,210,290,500,1.381,200,250,450,1.25,180,170,350,0.94444,160,120,280,0.75,140,80,220,0.57143,147,71
680,250,430,240,370,610,1.5417,210,290,500,1.381,210,240,450,1.1429,190,170,360,0.89474,170,110,280,0.6470600000000001,150,90,240,0.6,151,73
660,250,430,240,360,600,1.5,210,270,480,1.2857,210,230,440,1.0952,190,160,350,0.84211,170,100,270,0.58824,140,80,220,0.57143,151,73
670,230,440,210,380,590,1.8095,190,280,470,1.4737,190,240,430,1.2632,160,170,330,1.0625,140,120,260,0.85714,120,100,220,0.8333299999999999,153,74
670,230,450,220,370,590,1.6818,200,280,480,1.4,190,230,420,1.2105,180,160,340,0.88889,140,110,250,0.78571,120,90,210,0.75,156,76
650,220,440,210,370,580,1.7619,180,270,450,1.5,170,230,400,1.3529,160,150,310,0.9375,130,110,240,0.84615,120,90,210,0.75,156,76
670,210,460,180,370,550,2.0556,170,280,450,1.6471,160,240,400,1.5,140,160,300,1.1429,120,120,240,1.0,100,100,200,1.0,157,76
660,210,450,200,390,590,1.95,170,290,460,1.7059,170,240,410,1.4118,150,160,310,1.0667,130,110,240,0.84615,120,90,210,0.75,159,77
660,210,460,190,380,570,2.0,170,280,450,1.6471,150,230,380,1.5333,140,160,300,1.1429,120,120,240,1.0,110,100,210,0.90909,159,77
670,200,470,180,380,560,2.1111,170,290,460,1.7059,160,250,410,1.5625,130,170,300,1.3077,120,130,250,1.0833,100,110,210,1.1,160,77
670,200,460,180,380,560,2.1111,160,270,430,1.6875,150,220,370,1.4667,130,150,280,1.1538,120,110,230,0.91667,100,100,200,1.0,161,77
670,210,460,190,390,580,2.0526,170,280,450,1.6471,160,230,390,1.4375,140,160,300,1.1429,120,120,240,1.0,110,110,220,1.0,161,77
660,210,460,190,370,560,1.9474,180,280,460,1.5556,170,240,410,1.4118,140,160,300,1.1429,130,120,250,0.92308,110,110,220,1.0,161,77
680,200,470,180,380,560,2.1111,160,290,450,1.8125,160,240,400,1.5,140,170,310,1.2143,120,130,250,1.0833,110,110,220,1.0,160,77
660,210,460,190,380,570,2.0,170,270,440,1.5882,160,230,390,1.4375,150,160,310,1.0667,120,110,230,0.91667,120,100,220,0.8333299999999999,160,77
690,200,470,180,370,550,2.0556,170,270,440,1.5882,160,230,390,1.4375,140,160,300,1.1429,120,120,240,1.0,110,100,210,0.90909,160,77
660,220,450,200,380,580,1.9,190,280,470,1.4737,180,230,410,1.2778,160,150,310,0.9375,140,110,250,0.78571,130,90,220,0.69231,160,77
680,210,480,190,370,560,1.9474,170,280,450,1.6471,160,230,390,1.4375,140,160,300,1.1429,130,120,250,0.92308,120,100,220,0.8333299999999999,160,77
680,200,470,190,390,580,2.0526,170,290,460,1.7059,160,250,410,1.5625,140,170,310,1.2143,130,130,260,1.0,110,110,220,1.0,161,77
680,210,470,190,380,570,2.0,170,280,450,1.6471,170,230,400,1.3529,140,160,300,1.1429,130,120,250,0.92308,120,100,220,0.8333299999999999,160,77
660,210,470,190,380,570,2.0,170,270,440,1.5882,170,230,400,1.3529,150,160,310,1.0667,130,120,250,0.92308,120,100,220,0.8333299999999999,160,77
670,190,470,170,390,560,2.2941,150,280,430,1.8667,150,240,390,1.6,130,170,300,1.3077,110,130,240,1.1818,100,110,210,1.1,160,77
680,200,480,180,390,570,2.1667,160,280,440,1.75,150,240,390,1.6,140,170,310,1.2143,120,120,240,1.0,100,110,210,1.1,159,76
680,200,470,190,380,570,2.0,170,280,450,1.6471,150,230,380,1.5333,140,160,300,1.1429,120,120,240,1.0,110,110,220,1.0,159,76
670,210,470,180,370,550,2.0556,170,280,450,1.6471,160,230,390,1.4375,140,160,300,1.1429,130,120,250,0.92308,110,110,220,1.0,159,76
690,200,490,180,380,560,2.1111,170,280,450,1.6471,160,240,400,1.5,140,170,310,1.2143,120,130,250,1.0833,110,110,220,1.0,158,76
680,200,480,180,390,570,2.1667,160,280,440,1.75,150,240,390,1.6,140,170,310,1.2143,120,130,250,1.0833,110,110,220,1.0,158,76
690,200,490,180,390,570,2.1667,160,280,440,1.75,150,240,390,1.6,140,160,300,1.1429,120,130,250,1.0833,100,110,210,1.1,157,76
670,200,470,190,390,580,2.0526,160,270,430,1.6875,150,230,380,1.5333,140,160,300,1.1429,120,120,240,1.0,110,100,210,0.90909,156,75
670,200,480,180,390,570,2.1667,160,270,430,1.6875,150,240,390,1.6,140,160,300,1.1429,120,120,240,1.0,100,100,200,1.0,155,74
690,190,490,170,400,570,2.3529,150,290,440,1.9333,140,250,390,1.7857,130,170,300,1.3077,110,130,240,1.1818,90,120,210,1.3333,155,74
690,200,490,180,390,570,2.1667,160,280,440,1.75,150,240,390,1.6,140,170,310,1.2143,120,130,250,1.0833,100,120,220,1.2,155,74
700,200,490,180,390,570,2.1667,160,280,440,1.75,150,240,390,1.6,140,170,310,1.2143,120,130,250,1.0833,110,110,220,1.0,154,74
690,210,480,180,400,580,2.2222,170,290,460,1.7059,160,250,410,1.5625,140,170,310,1.2143,130,130,260,1.0,120,110,230,0.91667,154,74
680,210,480,190,390,580,2.0526,170,280,450,1.6471,160,240,400,1.5,140,160,300,1.1429,130,120,250,0.92308,110,100,210,0.90909,153,73
690,200,490,180,400,580,2.2222,150,290,440,1.9333,140,240,380,1.7143,130,170,300,1.3077,110,130,240,1.1818,100,120,220,1.2,152,73
670,200,480,180,390,570,2.1667,160,290,450,1.8125,150,240,390,1.6,130,170,300,1.3077,110,120,230,1.0909,110,110,220,1.0,152,73
700,190,500,170,410,580,2.4118,150,300,450,2.0,140,260,400,1.8571,130,190,320,1.4615,110,140,250,1.2727,100,120,220,1.2,151,72
680,200,490,180,400,580,2.2222,160,280,440,1.75,160,240,400,1.5,140,160,300,1.1429,120,130,250,1.0833,110,100,210,0.90909,150,72
700,190,500,170,400,570,2.3529,160,290,450,1.8125,150,250,400,1.6667,130,180,310,1.3846,110,140,250,1.2727,100,120,220,1.2,150,72
690,200,500,180,410,590,2.2778,150,290,440,1.9333,140,250,390,1.7857,130,170,300,1.3077,110,130,240,1.1818,100,110,210,1.1,150,71
700,190,500,170,410,580,2.4118,150,300,450,2.0,150,260,410,1.7333,130,180,310,1.3846,110,140,250,1.2727,100,120,220,1.2,149,71
700,200,490,170,400,570,2.3529,160,290,450,1.8125,150,250,400,1.6667,130,170,300,1.3077,120,130,250,1.0833,100,120,220,1.2,149,71
670,210,470,190,380,570,2.0,170,270,440,1.5882,160,230,390,1.4375,150,150,300,1.0,130,110,240,0.84615,110,100,210,0.90909,148,71
690,200,490,180,400,580,2.2222,160,280,440,1.75,150,240,390,1.6,140,170,310,1.2143,120,120,240,1.0,100,110,210,1.1,147,70
700,200,490,180,420,600,2.3333,160,300,460,1.875,150,250,400,1.6667,140,170,310,1.2143,120,130,250,1.0833,110,110,220,1.0,146,70
680,210,480,190,380,570,2.0,170,270,440,1.5882,170,230,400,1.3529,150,160,310,1.0667,130,120,250,0.92308,120,100,220,0.8333299999999999,146,70
690,200,480,190,390,580,2.0526,170,290,460,1.7059,160,240,400,1.5,140,170,310,1.2143,130,130,260,1.0,110,110,220,1.0,146,70
690,210,490,180,400,580,2.2222,170,290,460,1.7059,160,240,400,1.5,140,170,310,1.2143,120,130,250,1.0833,110,120,230,1.0909,146,70
670,200,480,190,390,580,2.0526,170,290,460,1.7059,160,240,400,1.5,140,170,310,1.2143,120,130,250,1.0833,110,110,220,1.0,146,70
690,190,490,170,400,570,2.3529,140,290,430,2.0714,140,250,390,1.7857,130,180,310,1.3846,100,140,240,1.4,100,120,220,1.2,145,70
690,200,490,180,390,570,2.1667,160,280,440,1.75,150,240,390,1.6,140,160,300,1.1429,120,120,240,1.0,110,110,220,1.0,145,69
660,200,490,180,410,590,2.2778,160,290,450,1.8125,160,250,410,1.5625,140,170,310,1.2143,120,130,250,1.0833,110,100,210,0.90909,145,69
700,200,500,180,400,580,2.2222,160,290,450,1.8125,150,240,390,1.6,140,170,310,1.2143,110,130,240,1.1818,100,120,220,1.2,145,69
700,200,500,180,420,600,2.3333,160,300,460,1.875,150,260,410,1.7333,130,180,310,1.3846,120,140,260,1.1667,110,120,230,1.0909,145,69
680,200,480,190,390,580,2.0526,170,280,450,1.6471,160,240,400,1.5,140,160,300,1.1429,130,120,250,0.92308,110,110,220,1.0,145,69
670,200,480,180,400,580,2.2222,160,290,450,1.8125,140,250,390,1.7857,130,170,300,1.3077,110,130,240,1.1818,100,110,210,1.1,144,69
680,190,490,170,410,580,2.4118,150,290,440,1.9333,140,250,390,1.7857,130,170,300,1.3077,110,130,240,1.1818,100,110,210,1.1,144,69
690,190,500,170,410,580,2.4118,150,290,440,1.9333,140,250,390,1.7857,130,180,310,1.3846,100,130,230,1.3,90,120,210,1.3333,143,69
690,190,500,170,400,570,2.3529,150,290,440,1.9333,140,250,390,1.7857,130,180,310,1.3846,110,140,250,1.2727,100,120,220,1.2,143,69
700,190,500,170,400,570,2.3529,150,290,440,1.9333,150,250,400,1.6667,120,180,300,1.5,110,140,250,1.2727,100,110,210,1.1,143,68
690,200,490,170,410,580,2.4118,160,290,450,1.8125,150,250,400,1.6667,130,170,300,1.3077,120,130,250,1.0833,100,120,220,1.2,143,68
690,200,490,180,400,580,2.2222,160,290,450,1.8125,150,250,400,1.6667,140,170,310,1.2143,120,130,250,1.0833,100,120,220,1.2,142,68
680,200,490,180,390,570,2.1667,160,300,460,1.875,150,260,410,1.7333,140,180,320,1.2857,120,130,250,1.0833,110,110,220,1.0,141,67
680,190,490,170,410,580,2.4118,150,290,440,1.9333,150,240,390,1.6,130,160,290,1.2308,110,120,230,1.0909,100,110,210,1.1,141,67
690,190,500,170,420,590,2.4706,150,300,450,2.0,150,250,400,1.6667,130,180,310,1.3846,110,150,260,1.3636,100,110,210,1.1,140,67
660,250,420,220,360,580,1.6364,200,300,500,1.5,180,270,450,1.5,160,200,360,1.25,140,140,280,1.0,120,110,230,0.91667,137,67
660,240,420,220,370,590,1.6818,200,300,500,1.5,190,270,460,1.4211,160,200,360,1.25,130,140,270,1.0769,120,100,220,0.8333299999999999,137,67
650,240,410,220,360,580,1.6364,190,300,490,1.5789,180,270,450,1.5,160,200,360,1.25,130,140,270,1.0769,110,120,230,1.0909,136,67
670,240,420,230,370,600,1.6087,190,300,490,1.5789,190,270,460,1.4211,160,200,360,1.25,130,140,270,1.0769,110,110,220,1.0,137,68
650,250,410,220,360,580,1.6364,200,290,490,1.45,190,250,440,1.3158,170,190,360,1.1176,140,130,270,0.92857,120,100,220,0.8333299999999999,137,68
670,240,420,220,370,590,1.6818,190,300,490,1.5789,180,270,450,1.5,150,190,340,1.2667,130,140,270,1.0769,110,110,220,1.0,139,68
650,250,410,220,370,590,1.6818,200,300,500,1.5,180,260,440,1.4444,160,200,360,1.25,140,130,270,0.92857,120,100,220,0.8333299999999999,143,71
660,240,420,220,360,580,1.6364,190,300,490,1.5789,180,270,450,1.5,150,190,340,1.2667,130,140,270,1.0769,110,110,220,1.0,143,71
650,240,420,220,370,590,1.6818,200,300,500,1.5,180,270,450,1.5,160,200,360,1.25,140,140,280,1.0,130,110,240,0.84615,145,72
670,230,430,220,370,590,1.6818,190,310,500,1.6316,180,280,460,1.5556,150,200,350,1.3333,130,140,270,1.0769,110,120,230,1.0909,149,74
680,240,410,220,370,590,1.6818,200,300,500,1.5,180,270,450,1.5,150,210,360,1.4,130,140,270,1.0769,110,110,220,1.0,149,74
640,270,400,240,390,630,1.625,210,310,520,1.4762,210,280,490,1.3333,180,210,390,1.1667,150,140,290,0.93333,130,100,230,0.76923,151,75
660,240,420,220,370,590,1.6818,200,310,510,1.55,180,270,450,1.5,160,210,370,1.3125,130,140,270,1.0769,120,110,230,0.91667,155,76
690,240,440,220,380,600,1.7273,190,310,500,1.6316,180,280,460,1.5556,150,210,360,1.4,130,150,280,1.1538,110,110,220,1.0,155,76
660,250,420,230,380,610,1.6522,200,320,520,1.6,200,290,490,1.45,160,220,380,1.375,140,170,310,1.2143,120,140,260,1.1667,157,77
670,240,430,220,380,600,1.7273,190,320,510,1.6842,180,280,460,1.5556,160,210,370,1.3125,130,150,280,1.1538,110,120,230,1.0909,158,78
670,240,440,220,370,590,1.6818,190,320,510,1.6842,180,280,460,1.5556,160,210,370,1.3125,130,150,280,1.1538,120,120,240,1.0,158,78
660,230,420,210,400,610,1.9048,190,340,530,1.7895,180,300,480,1.6667,160,220,380,1.375,130,170,300,1.3077,120,130,250,1.0833,158,77
680,240,440,220,390,610,1.7727,190,320,510,1.6842,180,280,460,1.5556,150,210,360,1.4,130,150,280,1.1538,110,120,230,1.0909,157,77
680,240,440,220,400,620,1.8182,190,320,510,1.6842,180,280,460,1.5556,160,220,380,1.375,140,160,300,1.1429,110,120,230,1.0909,157,77
690,240,450,220,390,610,1.7727,190,320,510,1.6842,180,280,460,1.5556,160,210,370,1.3125,140,150,290,1.0714,120,120,240,1.0,156,76
690,240,450,220,400,620,1.8182,190,340,530,1.7895,180,300,480,1.6667,150,230,380,1.5333,130,160,290,1.2308,110,130,240,1.1818,156,75
690,240,450,230,380,610,1.6522,200,320,520,1.6,190,290,480,1.5263,160,220,380,1.375,140,160,300,1.1429,120,120,240,1.0,156,75
680,240,440,230,380,610,1.6522,210,310,520,1.4762,190,280,470,1.4737,170,210,380,1.2353,140,140,280,1.0,120,110,230,0.91667,153,74
670,240,440,210,380,590,1.8095,190,320,510,1.6842,180,290,470,1.6111,160,210,370,1.3125,130,150,280,1.1538,120,120,240,1.0,152,73
700,230,450,210,400,610,1.9048,190,330,520,1.7368,180,300,480,1.6667,160,220,380,1.375,130,160,290,1.2308,110,130,240,1.1818,152,73
680,250,440,220,410,630,1.8636,200,340,540,1.7,190,310,500,1.6316,170,240,410,1.4118,140,170,310,1.2143,120,140,260,1.1667,149,71
720,240,460,220,400,620,1.8182,190,330,520,1.7368,180,300,480,1.6667,150,230,380,1.5333,130,160,290,1.2308,110,130,240,1.1818,149,71
690,260,440,230,400,630,1.7391,210,330,540,1.5714,190,290,480,1.5263,170,220,390,1.2941,140,160,300,1.1429,130,120,250,0.92308,149,71
700,250,450,230,390,620,1.6957,210,310,520,1.4762,190,270,460,1.4211,170,200,370,1.1765,140,140,280,1.0,120,100,220,0.8333299999999999,147,70
680,250,440,230,390,620,1.6957,210,320,530,1.5238,190,290,480,1.5263,170,210,380,1.2353,140,150,290,1.0714,130,120,250,0.92308,145,69
680,240,440,220,380,600,1.7273,190,320,510,1.6842,180,290,470,1.6111,160,220,380,1.375,130,160,290,1.2308,120,130,250,1.0833,143,68
700,240,450,210,410,620,1.9524,190,340,530,1.7895,170,300,470,1.7647,150,240,390,1.6,130,170,300,1.3077,110,130,240,1.1818,143,68
700,250,450,230,390,620,1.6957,190,330,520,1.7368,190,290,480,1.5263,160,220,380,1.375,140,160,300,1.1429,120,120,240,1.0,142,68
690,250,450,230,390,620,1.6957,200,320,520,1.6,190,290,480,1.5263,170,210,380,1.2353,140,150,290,1.0714,120,120,240,1.0,141,67
720,240,460,220,400,620,1.8182,200,330,530,1.65,180,290,470,1.6111,160,220,380,1.375,140,160,300,1.1429,120,120,240,1.0,141,67
700,260,450,230,400,630,1.7391,210,330,540,1.5714,190,290,480,1.5263,170,230,400,1.3529,140,160,300,1.1429,130,130,260,1.0,141,67
690,250,450,230,380,610,1.6522,200,320,520,1.6,190,290,480,1.5263,160,220,380,1.375,140,160,300,1.1429,120,130,250,1.0833,141,67
670,240,430,220,370,590,1.6818,200,310,510,1.55,190,280,470,1.4737,170,210,380,1.2353,140,150,290,1.0714,130,120,250,0.92308,141,67
700,240,450,210,390,600,1.8571,190,330,520,1.7368,180,300,480,1.6667,160,220,380,1.375,120,160,280,1.3333,120,130,250,1.0833,139,67
680,250,440,220,400,620,1.8182,200,320,520,1.6,190,290,480,1.5263,160,220,380,1.375,140,160,300,1.1429,120,120,240,1.0,139,66
680,240,430,210,400,610,1.9048,180,320,500,1.7778,180,290,470,1.6111,140,220,360,1.5714,110,160,270,1.4545,90,120,210,1.3333,139,66
710,250,450,220,400,620,1.8182,190,320,510,1.6842,180,290,470,1.6111,160,220,380,1.375,140,160,300,1.1429,120,120,240,1.0,138,66
680,260,440,230,400,630,1.7391,210,330,540,1.5714,200,290,490,1.45,170,220,390,1.2941,140,160,300,1.1429,130,130,260,1.0,138,66
680,240,440,250,380,630,1.52,210,320,530,1.5238,200,290,490,1.45,170,210,380,1.2353,150,160,310,1.0667,140,120,260,0.85714,138,66
680,240,440,220,390,610,1.7727,200,330,530,1.65,180,290,470,1.6111,160,220,380,1.375,130,160,290,1.2308,110,130,240,1.1818,138,66
680,240,440,210,380,590,1.8095,190,330,520,1.7368,170,290,460,1.7059,150,220,370,1.4667,130,160,290,1.2308,110,120,230,1.0909,137,66
690,240,440,210,410,620,1.9524,190,340,530,1.7895,180,300,480,1.6667,150,230,380,1.5333,130,170,300,1.3077,110,130,240,1.1818,136,66
690,250,440,220,390,610,1.7727,190,320,510,1.6842,180,290,470,1.6111,160,220,380,1.375,140,160,300,1.1429,120,130,250,1.0833,136,66
690,250,440,230,390,620,1.6957,200,320,520,1.6,190,280,470,1.4737,160,220,380,1.375,140,160,300,1.1429,120,120,240,1.0,136,65
680,250,430,230,390,620,1.6957,200,320,520,1.6,190,290,480,1.5263,160,220,380,1.375,130,150,280,1.1538,110,120,230,1.0909,136,66
670,250,430,220,390,610,1.7727,190,320,510,1.6842,190,290,480,1.5263,160,220,380,1.375,130,160,290,1.2308,110,120,230,1.0909,135,65
690,240,440,220,400,620,1.8182,190,320,510,1.6842,180,290,470,1.6111,150,220,370,1.4667,130,160,290,1.2308,110,120,230,1.0909,135,65
690,250,440,220,390,610,1.7727,190,330,520,1.7368,190,300,490,1.5789,160,230,390,1.4375,140,160,300,1.1429,110,130,240,1.1818,134,65
690,250,440,220,380,600,1.7273,200,320,520,1.6,180,280,460,1.5556,160,220,380,1.375,130,150,280,1.1538,120,120,240,1.0,134,65
700,250,440,230,380,610,1.6522,210,310,520,1.4762,190,280,470,1.4737,170,210,380,1.2353,140,150,290,1.0714,130,120,250,0.92308,134,65
680,260,430,230,380,610,1.6522,210,310,520,1.4762,190,280,470,1.4737,170,210,380,1.2353,140,150,290,1.0714,120,120,240,1.0,134,65
670,250,440,230,390,620,1.6957,210,310,520,1.4762,190,280,470,1.4737,160,220,380,1.375,140,150,290,1.0714,110,120,230,1.0909,134,65
680,230,440,220,390,610,1.7727,180,320,500,1.7778,180,290,470,1.6111,150,220,370,1.4667,130,160,290,1.2308,100,120,220,1.2,133,65
690,240,440,220,390,610,1.7727,190,320,510,1.6842,180,290,470,1.6111,160,220,380,1.375,140,160,300,1.1429,110,120,230,1.0909,133,65
670,250,430,230,410,640,1.7826,200,340,540,1.7,190,310,500,1.6316,160,230,390,1.4375,140,160,300,1.1429,120,130,250,1.0833,133,65
700,240,440,220,390,610,1.7727,180,320,500,1.7778,180,290,470,1.6111,150,230,380,1.5333,130,160,290,1.2308,110,130,240,1.1818,133,65
700,260,440,230,380,610,1.6522,200,310,510,1.55,200,280,480,1.4,170,220,390,1.2941,140,150,290,1.0714,120,120,240,1.0,133,65
680,260,430,240,370,610,1.5417,220,310,530,1.4091,200,280,480,1.4,170,210,380,1.2353,140,150,290,1.0714,130,120,250,0.92308,133,65
680,250,430,230,380,610,1.6522,210,320,530,1.5238,190,280,470,1.4737,170,210,380,1.2353,140,160,300,1.1429,120,120,240,1.0,133,65
680,250,440,230,380,610,1.6522,200,320,520,1.6,190,280,470,1.4737,160,210,370,1.3125,140,160,300,1.1429,120,120,240,1.0,133,65
670,240,430,220,410,630,1.8636,200,340,540,1.7,180,300,480,1.6667,170,230,400,1.3529,140,160,300,1.1429,120,130,250,1.0833,132,65
690,240,440,220,380,600,1.7273,190,320,510,1.6842,180,290,470,1.6111,160,220,380,1.375,130,160,290,1.2308,110,130,240,1.1818,132,65
690,250,440,220,390,610,1.7727,200,320,520,1.6,180,280,460,1.5556,160,220,380,1.375,140,160,300,1.1429,120,120,240,1.0,132,65
700,250,450,230,390,620,1.6957,200,320,520,1.6,190,280,470,1.4737,170,220,390,1.2941,140,150,290,1.0714,120,120,240,1.0,132,65
690,250,440,230,390,620,1.6957,200,330,530,1.65,190,290,480,1.5263,170,220,390,1.2941,130,160,290,1.2308,120,130,250,1.0833,133,65
690,250,440,230,390,620,1.6957,210,320,530,1.5238,190,280,470,1.4737,170,210,380,1.2353,140,160,300,1.1429,120,120,240,1.0,133,65
690,250,450,230,390,620,1.6957,200,320,520,1.6,190,290,480,1.5263,160,220,380,1.375,140,160,300,1.1429,110,120,230,1.0909,134,66
680,240,430,220,380,600,1.7273,200,310,510,1.55,190,290,480,1.5263,160,220,380,1.375,130,160,290,1.2308,120,120,240,1.0,133,66
690,250,440,230,380,610,1.6522,200,320,520,1.6,190,290,480,1.5263,160,220,380,1.375,140,150,290,1.0714,120,120,240,1.0,133,66
700,250,450,220,410,630,1.8636,200,330,530,1.65,190,300,490,1.5789,170,230,400,1.3529,130,170,300,1.3077,120,130,250,1.0833,133,66
700,250,440,230,390,620,1.6957,200,310,510,1.55,190,280,470,1.4737,170,210,380,1.2353,140,150,290,1.0714,120,110,230,0.91667,134,66
710,260,450,240,410,650,1.7083,210,330,540,1.5714,200,290,490,1.45,170,220,390,1.2941,140,160,300,1.1429,130,120,250,0.92308,134,66
700,260,450,240,390,630,1.625,200,320,520,1.6,200,290,490,1.45,170,220,390,1.2941,140,160,300,1.1429,120,120,240,1.0,134,66
690,250,440,230,390,620,1.6957,210,320,530,1.5238,190,280,470,1.4737,170,210,380,1.2353,140,160,300,1.1429,120,120,240,1.0,133,66
690,250,440,220,390,610,1.7727,190,310,500,1.6316,190,280,470,1.4737,160,210,370,1.3125,140,150,290,1.0714,120,120,240,1.0,133,66
700,250,450,230,390,620,1.6957,200,320,520,1.6,190,290,480,1.5263,160,220,380,1.375,140,150,290,1.0714,120,120,240,1.0,133,66
710,250,450,220,400,620,1.8182,200,330,530,1.65,190,300,490,1.5789,170,230,400,1.3529,140,160,300,1.1429,120,130,250,1.0833,132,65
700,260,440,230,400,630,1.7391,210,320,530,1.5238,200,290,490,1.45,170,210,380,1.2353,140,150,290,1.0714,130,120,250,0.92308,132,65
720,260,470,230,400,630,1.7391,200,320,520,1.6,190,290,480,1.5263,170,220,390,1.2941,140,160,300,1.1429,120,120,240,1.0,132,65
720,250,470,230,390,620,1.6957,210,320,530,1.5238,190,290,480,1.5263,170,220,390,1.2941,140,160,300,1.1429,120,130,250,1.0833,132,65
700,250,450,230,390,620,1.6957,210,310,520,1.4762,190,270,460,1.4211,170,220,390,1.2941,150,160,310,1.0667,120,120,240,1.0,132,65
680,250,440,230,380,610,1.6522,210,310,520,1.4762,190,280,470,1.4737,170,210,380,1.2353,140,150,290,1.0714,130,120,250,0.92308,131,64
720,240,460,210,410,620,1.9524,190,330,520,1.7368,170,290,460,1.7059,150,220,370,1.4667,130,170,300,1.3077,110,130,240,1.1818,131,64
700,260,450,230,420,650,1.8261,210,350,560,1.6667,190,320,510,1.6842,170,250,420,1.4706,140,160,300,1.1429,130,130,260,1.0,131,64
710,250,460,230,400,630,1.7391,190,330,520,1.7368,190,290,480,1.5263,160,230,390,1.4375,140,160,300,1.1429,110,130,240,1.1818,131,64
730,250,470,220,410,630,1.8636,200,330,530,1.65,190,300,490,1.5789,170,230,400,1.3529,140,160,300,1.1429,120,130,250,1.0833,131,64
710,260,450,240,390,630,1.625,210,310,520,1.4762,200,270,470,1.35,180,200,380,1.1111,150,140,290,0.93333,130,110,240,0.84615,131,64
700,260,450,230,400,630,1.7391,210,320,530,1.5238,200,290,490,1.45,180,220,400,1.2222,140,160,300,1.1429,120,120,240,1.0,130,64
690,250,450,230,390,620,1.6957,200,320,520,1.6,190,290,480,1.5263,160,210,370,1.3125,140,150,290,1.0714,120,120,240,1.0,130,64
720,240,450,220,410,630,1.8636,200,340,540,1.7,180,300,480,1.6667,160,230,390,1.4375,130,170,300,1.3077,120,130,250,1.0833,130,64
710,270,450,240,410,650,1.7083,210,330,540,1.5714,200,290,490,1.45,170,220,390,1.2941,140,160,300,1.1429,130,120,250,0.92308,129,63
710,260,450,230,390,620,1.6957,210,320,530,1.5238,200,280,480,1.4,170,210,380,1.2353,140,150,290,1.0714,120,120,240,1.0,129,63
720,260,470,230,400,630,1.7391,210,330,540,1.5714,190,290,480,1.5263,170,220,390,1.2941,150,150,300,1.0,130,120,250,0.92308,129,63
720,250,470,230,400,630,1.7391,200,330,530,1.65,190,300,490,1.5789,160,230,390,1.4375,140,160,300,1.1429,110,130,240,1.1818,129,63
710,250,460,230,400,630,1.7391,210,320,530,1.5238,190,290,480,1.5263,170,220,390,1.2941,140,150,290,1.0714,120,120,240,1.0,130,63
690,250,440,230,390,620,1.6957,210,320,530,1.5238,190,280,470,1.4737,180,210,390,1.1667,140,150,290,1.0714,130,120,250,0.92308,129,63
720,250,460,220,410,630,1.8636,190,330,520,1.7368,190,300,490,1.5789,160,230,390,1.4375,140,160,300,1.1429,110,120,230,1.0909,129,63
710,260,460,230,410,640,1.7826,200,340,540,1.7,190,300,490,1.5789,170,230,400,1.3529,140,160,300,1.1429,120,120,240,1.0,128,63
720,250,470,220,410,630,1.8636,200,330,530,1.65,180,300,480,1.6667,160,230,390,1.4375,140,160,300,1.1429,120,130,250,1.0833,128,63
710,250,450,240,400,640,1.6667,200,330,530,1.65,200,300,500,1.5,170,220,390,1.2941,140,160,300,1.1429,120,130,250,1.0833,127,62
690,270,420,250,380,630,1.52,230,310,540,1.3478,210,270,480,1.2857,190,190,380,1.0,160,140,300,0.875,130,100,230,0.76923,128,62
710,240,460,220,400,620,1.8182,190,320,510,1.6842,180,290,470,1.6111,160,220,380,1.375,130,160,290,1.2308,110,120,230,1.0909,127,63
700,250,440,250,390,640,1.56,210,330,540,1.5714,200,300,500,1.5,170,230,400,1.3529,150,170,320,1.1333,130,130,260,1.0,129,63
710,260,460,230,390,620,1.6957,200,320,520,1.6,190,290,480,1.5263,170,220,390,1.2941,150,150,300,1.0,120,110,230,0.91667,129,63
710,250,460,220,400,620,1.8182,200,330,530,1.65,190,300,490,1.5789,160,230,390,1.4375,140,160,300,1.1429,120,120,240,1.0,130,64
690,250,440,230,370,600,1.6087,210,300,510,1.4286,200,260,460,1.3,170,190,360,1.1176,140,130,270,0.92857,130,100,230,0.76923,132,65
680,250,440,220,380,600,1.7273,200,320,520,1.6,190,280,470,1.4737,170,210,380,1.2353,140,150,290,1.0714,120,120,240,1.0,132,65
710,240,460,220,400,620,1.8182,190,320,510,1.6842,180,290,470,1.6111,160,220,380,1.375,140,160,300,1.1429,120,120,240,1.0,132,65
700,250,450,220,430,650,1.9545,200,360,560,1.8,190,320,510,1.6842,170,250,420,1.4706,140,180,320,1.2857,130,150,280,1.1538,132,65
710,250,460,220,400,620,1.8182,190,330,520,1.7368,190,300,490,1.5789,160,220,380,1.375,140,160,300,1.1429,120,120,240,1.0,132,65
680,250,460,230,400,630,1.7391,210,320,530,1.5238,190,290,480,1.5263,170,210,380,1.2353,140,160,300,1.1429,130,120,250,0.92308,132,65
730,220,480,200,410,610,2.05,180,340,520,1.8889,170,300,470,1.7647,140,230,370,1.6429,120,160,280,1.3333,100,130,230,1.3,133,65
700,250,460,230,390,620,1.6957,200,330,530,1.65,190,290,480,1.5263,170,230,400,1.3529,140,160,300,1.1429,120,130,250,1.0833,132,65
690,240,460,220,400,620,1.8182,200,330,530,1.65,180,290,470,1.6111,160,220,380,1.375,130,160,290,1.2308,120,130,250,1.0833,132,65
690,230,450,210,420,630,2.0,180,350,530,1.9444,180,310,490,1.7222,150,240,390,1.6,130,170,300,1.3077,110,130,240,1.1818,131,64
710,240,470,220,400,620,1.8182,190,330,520,1.7368,180,300,480,1.6667,150,230,380,1.5333,130,160,290,1.2308,110,120,230,1.0909,131,64
700,240,460,220,400,620,1.8182,200,330,530,1.65,180,290,470,1.6111,160,230,390,1.4375,140,160,300,1.1429,120,120,240,1.0,131,64
730,240,470,220,410,630,1.8636,190,340,530,1.7895,180,300,480,1.6667,160,220,380,1.375,130,170,300,1.3077,120,130,250,1.0833,131,64
700,260,440,240,400,640,1.6667,210,330,540,1.5714,200,290,490,1.45,170,210,380,1.2353,150,150,300,1.0,130,120,250,0.92308,131,64
700,260,450,230,390,620,1.6957,210,320,530,1.5238,190,280,470,1.4737,170,220,390,1.2941,150,150,300,1.0,130,120,250,0.92308,131,64
710,250,460,230,410,640,1.7826,200,330,530,1.65,190,300,490,1.5789,170,230,400,1.3529,140,170,310,1.2143,120,130,250,1.0833,131,64
680,250,440,220,390,610,1.7727,200,320,520,1.6,190,280,470,1.4737,160,220,380,1.375,140,150,290,1.0714,120,110,230,0.91667,130,64
700,240,450,210,400,610,1.9048,190,330,520,1.7368,180,290,470,1.6111,160,220,380,1.375,130,160,290,1.2308,120,130,250,1.0833,130,64
710,250,460,220,420,640,1.9091,190,350,540,1.8421,180,310,490,1.7222,160,240,400,1.5,140,170,310,1.2143,110,140,250,1.2727,130,64
720,250,460,220,410,630,1.8636,200,330,530,1.65,190,290,480,1.5263,170,220,390,1.2941,140,160,300,1.1429,120,130,250,1.0833,130,64
700,260,450,230,400,630,1.7391,210,330,540,1.5714,200,290,490,1.45,170,220,390,1.2941,140,160,300,1.1429,130,130,260,1.0,131,64
710,250,450,230,390,620,1.6957,200,320,520,1.6,190,290,480,1.5263,170,220,390,1.2941,140,150,290,1.0714,120,120,240,1.0,131,64
690,260,450,230,390,620,1.6957,210,320,530,1.5238,200,280,480,1.4,180,210,390,1.1667,140,150,290,1.0714,130,120,250,0.92308,130,64
690,240,440,220,390,610,1.7727,190,310,500,1.6316,190,280,470,1.4737,160,210,370,1.3125,140,150,290,1.0714,120,110,230,0.91667,129,64
700,250,450,220,380,600,1.7273,200,310,510,1.55,190,280,470,1.4737,160,220,380,1.375,140,140,280,1.0,120,120,240,1.0,129,64
710,250,450,220,410,630,1.8636,200,330,530,1.65,180,290,470,1.6111,160,220,380,1.375,140,160,300,1.1429,120,120,240,1.0,129,63
700,260,450,230,400,630,1.7391,210,330,540,1.5714,200,290,490,1.45,170,210,380,1.2353,140,150,290,1.0714,130,120,250,0.92308,129,63
710,250,460,230,400,630,1.7391,200,320,520,1.6,190,290,480,1.5263,170,220,390,1.2941,140,150,290,1.0714,120,120,240,1.0,129,63
710,250,470,220,400,620,1.8182,200,320,520,1.6,180,290,470,1.6111,160,220,380,1.375,140,160,300,1.1429,120,130,250,1.0833,129,63
690,240,450,230,390,620,1.6957,210,320,530,1.5238,190,280,470,1.4737,170,210,380,1.2353,140,160,300,1.1429,130,130,260,1.0,128,63
690,240,450,220,390,610,1.7727,190,320,510,1.6842,180,280,460,1.5556,150,210,360,1.4,130,160,290,1.2308,110,120,230,1.0909,127,62
700,240,460,220,400,620,1.8182,190,320,510,1.6842,180,290,470,1.6111,150,220,370,1.4667,130,150,280,1.1538,110,120,230,1.0909,127,62
710,240,460,210,410,620,1.9524,200,350,550,1.75,180,310,490,1.7222,160,240,400,1.5,130,170,300,1.3077,120,130,250,1.0833,127,62
700,250,450,230,390,620,1.6957,200,310,510,1.55,190,280,470,1.4737,160,210,370,1.3125,140,150,290,1.0714,120,120,240,1.0,127,62
710,250,470,220,400,620,1.8182,200,320,520,1.6,190,280,470,1.4737,170,210,380,1.2353,140,160,300,1.1429,130,120,250,0.92308,127,62
700,240,460,220,400,620,1.8182,200,330,530,1.65,180,290,470,1.6111,160,210,370,1.3125,130,150,280,1.1538,120,120,240,1.0,127,62
700,240,460,220,400,620,1.8182,190,330,520,1.7368,180,290,470,1.6111,150,230,380,1.5333,130,160,290,1.2308,110,130,240,1.1818,127,62
680,240,450,210,390,600,1.8571,190,320,510,1.6842,180,280,460,1.5556,160,210,370,1.3125,130,150,280,1.1538,120,120,240,1.0,126,62
710,230,470,210,410,620,1.9524,180,340,520,1.8889,170,300,470,1.7647,150,230,380,1.5333,130,170,300,1.3077,110,130,240,1.1818,126,62
690,240,460,210,400,610,1.9048,190,330,520,1.7368,180,290,470,1.6111,160,220,380,1.375,130,150,280,1.1538,110,120,230,1.0909,123,60
710,230,460,210,410,620,1.9524,190,330,520,1.7368,180,300,480,1.6667,160,220,380,1.375,130,150,280,1.1538,120,120,240,1.0,123,60
710,250,460,220,400,620,1.8182,190,330,520,1.7368,190,290,480,1.5263,160,220,380,1.375,140,150,290,1.0714,120,120,240,1.0,122,59
700,250,450,220,400,620,1.8182,200,320,520,1.6,180,290,470,1.6111,160,210,370,1.3125,140,160,300,1.1429,120,120,240,1.0,122,59
730,250,480,220,410,630,1.8636,200,330,530,1.65,180,300,480,1.6667,160,220,380,1.375,130,160,290,1.2308,120,130,250,1.0833,122,59
700,250,450,230,410,640,1.7826,210,330,540,1.5714,190,290,480,1.5263,170,210,380,1.2353,140,170,310,1.2143,130,120,250,0.92308,122,59
700,250,460,230,390,620,1.6957,200,320,520,1.6,190,280,470,1.4737,160,210,370,1.3125,140,150,290,1.0714,120,120,240,1.0,122,59
680,240,450,210,390,600,1.8571,190,320,510,1.6842,180,280,460,1.5556,160,210,370,1.3125,130,150,280,1.1538,120,120,240,1.0,121,59
700,230,460,210,400,610,1.9048,190,320,510,1.6842,170,280,450,1.6471,150,210,360,1.4,130,150,280,1.1538,120,120,240,1.0,121,59
700,240,460,210,420,630,2.0,190,340,530,1.7895,180,300,480,1.6667,150,230,380,1.5333,130,160,290,1.2308,110,120,230,1.0909,120,58
700,240,460,210,410,620,1.9524,190,330,520,1.7368,180,290,470,1.6111,160,210,370,1.3125,130,160,290,1.2308,120,130,250,1.0833,120,58
710,240,470,220,400,620,1.8182,190,320,510,1.6842,190,280,470,1.4737,160,210,370,1.3125,140,150,290,1.0714,120,120,240,1.0,120,58
690,240,450,220,400,620,1.8182,190,320,510,1.6842,180,290,470,1.6111,160,220,380,1.375,140,160,300,1.1429,120,120,240,1.0,120,58
690,240,460,220,390,610,1.7727,190,320,510,1.6842,180,280,460,1.5556,160,220,380,1.375,140,150,290,1.0714,120,120,240,1.0,120,58
670,230,450,220,380,600,1.7273,190,330,520,1.7368,180,290,470,1.6111,160,220,380,1.375,130,160,290,1.2308,120,120,240,1.0,119,58
700,220,460,200,400,600,2.0,180,320,500,1.7778,170,290,460,1.7059,150,220,370,1.4667,120,150,270,1.25,110,120,230,1.0909,118,57
690,240,450,210,410,620,1.9524,190,330,520,1.7368,180,290,470,1.6111,160,210,370,1.3125,130,150,280,1.1538,120,120,240,1.0,118,57
680,240,440,220,400,620,1.8182,190,310,500,1.6316,180,280,460,1.5556,160,200,360,1.25,140,150,290,1.0714,120,120,240,1.0,118,57
710,240,460,220,400,620,1.8182,190,320,510,1.6842,180,280,460,1.5556,160,220,380,1.375,140,160,300,1.1429,120,120,240,1.0,119,57
680,250,440,220,400,620,1.8182,200,330,530,1.65,190,290,480,1.5263,170,210,380,1.2353,140,150,290,1.0714,130,120,250,0.92308,119,57
680,240,450,220,390,610,1.7727,200,320,520,1.6,180,290,470,1.6111,160,220,380,1.375,130,160,290,1.2308,120,130,250,1.0833,119,57
690,230,450,210,400,610,1.9048,180,330,510,1.8333,170,290,460,1.7059,150,220,370,1.4667,130,160,290,1.2308,110,130,240,1.1818,118,57
670,240,440,210,390,600,1.8571,180,310,490,1.7222,180,280,460,1.5556,150,200,350,1.3333,140,150,290,1.0714,120,120,240,1.0,118,57
690,230,450,210,410,620,1.9524,180,330,510,1.8333,170,290,460,1.7059,150,210,360,1.4,130,150,280,1.1538,110,120,230,1.0909,118,57
680,240,440,220,400,620,1.8182,190,320,510,1.6842,180,280,460,1.5556,160,210,370,1.3125,140,150,290,1.0714,120,120,240,1.0,118,57
670,240,440,210,400,610,1.9048,180,320,500,1.7778,180,280,460,1.5556,150,210,360,1.4,130,160,290,1.2308,110,120,230,1.0909,119,57
690,230,460,200,400,600,2.0,170,330,500,1.9412,170,290,460,1.7059,140,220,360,1.5714,130,160,290,1.2308,110,130,240,1.1818,119,57
680,230,450,210,390,600,1.8571,180,320,500,1.7778,180,280,460,1.5556,150,210,360,1.4,140,160,300,1.1429,120,120,240,1.0,118,57
660,230,440,210,380,590,1.8095,180,310,490,1.7222,180,280,460,1.5556,150,200,350,1.3333,130,160,290,1.2308,110,120,230,1.0909,118,57
660,220,440,200,380,580,1.9,170,310,480,1.8235,160,280,440,1.75,140,210,350,1.5,120,140,260,1.1667,120,110,230,0.91667,118,57
680,220,450,200,400,600,2.0,180,320,500,1.7778,170,280,450,1.6471,140,210,350,1.5,120,160,280,1.3333,100,120,220,1.2,118,57
680,230,450,200,410,610,2.05,180,330,510,1.8333,170,290,460,1.7059,140,220,360,1.5714,130,160,290,1.2308,100,130,230,1.3,118,57
680,230,450,210,400,610,1.9048,180,320,500,1.7778,170,280,450,1.6471,140,210,350,1.5,130,160,290,1.2308,110,120,230,1.0909,118,57
700,230,460,210,400,610,1.9048,180,320,500,1.7778,170,280,450,1.6471,150,210,360,1.4,130,160,290,1.2308,110,120,230,1.0909,119,57
680,240,440,220,390,610,1.7727,200,310,510,1.55,180,280,460,1.5556,160,210,370,1.3125,130,150,280,1.1538,120,120,240,1.0,118,57
660,240,440,230,380,610,1.6522,200,320,520,1.6,190,290,480,1.5263,160,220,380,1.375,140,150,290,1.0714,120,120,240,1.0,118,57
670,220,440,200,390,590,1.95,180,320,500,1.7778,170,280,450,1.6471,140,210,350,1.5,120,160,280,1.3333,100,120,220,1.2,118,57
670,230,440,210,380,590,1.8095,180,310,490,1.7222,170,270,440,1.5882,150,200,350,1.3333,130,140,270,1.0769,120,110,230,0.91667,118,57
680,230,440,200,420,620,2.1,180,330,510,1.8333,170,290,460,1.7059,150,210,360,1.4,120,150,270,1.25,110,120,230,1.0909,118,57
660,240,440,210,390,600,1.8571,190,320,510,1.6842,180,280,460,1.5556,160,210,370,1.3125,130,150,280,1.1538,120,120,240,1.0,118,57
690,220,460,190,400,590,2.1053,180,320,500,1.7778,160,290,450,1.8125,140,220,360,1.5714,120,160,280,1.3333,100,130,230,1.3,119,57
680,230,440,210,390,600,1.8571,190,320,510,1.6842,170,280,450,1.6471,150,220,370,1.4667,130,150,280,1.1538,110,120,230,1.0909,119,57
670,240,430,220,380,600,1.7273,190,310,500,1.6316,190,270,460,1.4211,160,200,360,1.25,140,150,290,1.0714,120,110,230,0.91667,118,57
650,240,430,220,380,600,1.7273,190,310,500,1.6316,180,280,460,1.5556,160,200,360,1.25,140,140,280,1.0,120,120,240,1.0,118,57
670,220,440,190,390,580,2.0526,170,310,480,1.8235,160,280,440,1.75,140,210,350,1.5,120,150,270,1.25,110,120,230,1.0909,118,57
660,230,430,210,390,600,1.8571,180,310,490,1.7222,170,280,450,1.6471,150,200,350,1.3333,130,140,270,1.0769,110,110,220,1.0,118,57
660,230,430,200,390,590,1.95,180,320,500,1.7778,170,280,450,1.6471,150,210,360,1.4,120,150,270,1.25,110,120,230,1.0909,119,57
670,230,440,200,380,580,1.9,180,310,490,1.7222,170,280,450,1.6471,140,200,340,1.4286,130,150,280,1.1538,110,120,230,1.0909,119,57
670,230,440,210,370,580,1.7619,190,300,490,1.5789,170,270,440,1.5882,150,200,350,1.3333,130,140,270,1.0769,120,110,230,0.91667,120,57
660,230,430,200,380,580,1.9,190,310,500,1.6316,170,270,440,1.5882,160,210,370,1.3125,130,140,270,1.0769,120,120,240,1.0,120,58
660,230,440,210,380,590,1.8095,180,310,490,1.7222,170,280,450,1.6471,150,200,350,1.3333,130,150,280,1.1538,110,120,230,1.0909,120,58
660,220,440,210,380,590,1.8095,190,310,500,1.6316,170,280,450,1.6471,150,210,360,1.4,130,140,270,1.0769,120,110,230,0.91667,120,58
660,220,440,200,380,580,1.9,180,320,500,1.7778,170,280,450,1.6471,140,200,340,1.4286,120,150,270,1.25,100,120,220,1.2,120,58
660,220,430,200,390,590,1.95,170,310,480,1.8235,160,280,440,1.75,150,210,360,1.4,120,140,260,1.1667,110,110,220,1.0,120,58
660,230,440,200,400,600,2.0,180,320,500,1.7778,170,290,460,1.7059,140,210,350,1.5,110,150,260,1.3636,100,120,220,1.2,120,58
660,220,440,200,380,580,1.9,170,310,480,1.8235,160,270,430,1.6875,150,200,350,1.3333,120,140,260,1.1667,110,120,230,1.0909,121,58
660,220,440,200,390,590,1.95,180,320,500,1.7778,160,280,440,1.75,140,200,340,1.4286,120,150,270,1.25,110,120,230,1.0909,121,58
660,210,450,190,390,580,2.0526,160,320,480,2.0,150,280,430,1.8667,130,210,340,1.6154,110,150,260,1.3636,100,110,210,1.1,121,58
660,210,450,180,430,610,2.3889,170,350,520,2.0588,150,310,460,2.0667,130,230,360,1.7692,120,170,290,1.4167,100,130,230,1.3,121,58
660,210,450,190,400,590,2.1053,170,320,490,1.8824,150,280,430,1.8667,140,210,350,1.5,110,150,260,1.3636,100,120,220,1.2,121,58
660,210,450,190,390,580,2.0526,170,320,490,1.8824,160,280,440,1.75,130,210,340,1.6154,120,150,270,1.25,100,120,220,1.2,121,58
670,210,450,190,390,580,2.0526,170,310,480,1.8235,150,270,420,1.8,140,200,340,1.4286,110,150,260,1.3636,110,110,220,1.0,121,58
650,220,440,200,400,600,2.0,180,320,500,1.7778,170,280,450,1.6471,140,200,340,1.4286,120,140,260,1.1667,110,120,230,1.0909,121,57
670,210,460,200,390,590,1.95,160,320,480,2.0,150,280,430,1.8667,140,210,350,1.5,110,150,260,1.3636,100,120,220,1.2,121,57
650,210,450,190,390,580,2.0526,170,310,480,1.8235,160,270,430,1.6875,140,200,340,1.4286,120,140,260,1.1667,100,110,210,1.1,120,57
670,200,460,180,400,580,2.2222,160,320,480,2.0,150,270,420,1.8,130,200,330,1.5385,110,140,250,1.2727,100,110,210,1.1,119,56
660,210,440,190,400,590,2.1053,170,320,490,1.8824,160,280,440,1.75,140,200,340,1.4286,120,150,270,1.25,100,110,210,1.1,119,56
660,220,450,190,410,600,2.1579,170,320,490,1.8824,160,270,430,1.6875,140,200,340,1.4286,120,140,260,1.1667,100,110,210,1.1,118,56
660,210,450,190,400,590,2.1053,170,320,490,1.8824,160,280,440,1.75,140,200,340,1.4286,110,150,260,1.3636,100,120,220,1.2,118,55
670,210,450,190,400,590,2.1053,160,310,470,1.9375,160,280,440,1.75,130,210,340,1.6154,120,140,260,1.1667,100,120,220,1.2,118,55
660,220,450,200,390,590,1.95,180,320,500,1.7778,160,290,450,1.8125,150,210,360,1.4,120,150,270,1.25,110,110,220,1.0,117,55
660,210,450,190,400,590,2.1053,170,320,490,1.8824,160,280,440,1.75,140,210,350,1.5,120,140,260,1.1667,100,120,220,1.2,116,54
660,210,450,190,390,580,2.0526,160,310,470,1.9375,150,270,420,1.8,140,190,330,1.3571,110,140,250,1.2727,110,110,220,1.0,116,54
670,210,450,190,410,600,2.1579,170,330,500,1.9412,160,280,440,1.75,130,200,330,1.5385,110,140,250,1.2727,100,110,210,1.1,115,54
660,220,450,200,390,590,1.95,170,320,490,1.8824,160,270,430,1.6875,140,200,340,1.4286,120,140,260,1.1667,110,110,220,1.0,115,53
660,210,440,190,400,590,2.1053,170,320,490,1.8824,160,280,440,1.75,140,200,340,1.4286,120,140,260,1.1667,100,120,220,1.2,115,53
660,220,450,190,400,590,2.1053,170,320,490,1.8824,160,270,430,1.6875,140,210,350,1.5,120,140,260,1.1667,100,120,220,1.2,115,53
670,210,450,190,390,580,2.0526,170,310,480,1.8235,160,270,430,1.6875,140,200,340,1.4286,120,150,270,1.25,100,120,220,1.2,114,53
650,220,440,210,390,600,1.8571,180,310,490,1.7222,170,270,440,1.5882,140,200,340,1.4286,130,130,260,1.0,110,110,220,1.0,114,53
660,210,450,180,390,570,2.1667,160,320,480,2.0,150,280,430,1.8667,140,200,340,1.4286,110,150,260,1.3636,100,120,220,1.2,114,53
660,210,450,190,380,570,2.0,160,300,460,1.875,160,270,430,1.6875,140,190,330,1.3571,120,140,260,1.1667,100,100,200,1.0,113,53
660,210,440,190,400,590,2.1053,170,320,490,1.8824,160,280,440,1.75,140,200,340,1.4286,110,140,250,1.2727,100,110,210,1.1,113,53
660,220,450,190,390,580,2.0526,160,320,480,2.0,160,280,440,1.75,140,200,340,1.4286,120,140,260,1.1667,100,110,210,1.1,113,53
660,210,440,190,390,580,2.0526,170,320,490,1.8824,150,280,430,1.8667,140,200,340,1.4286,110,140,250,1.2727,100,120,220,1.2,114,53
660,220,450,190,400,590,2.1053,160,320,480,2.0,160,270,430,1.6875,140,210,350,1.5,120,140,260,1.1667,100,120,220,1.2,114,53
670,210,450,190,400,590,2.1053,170,320,490,1.8824,150,280,430,1.8667,140,200,340,1.4286,110,150,260,1.3636,100,120,220,1.2,114,53
650,220,450,210,390,600,1.8571,180,300,480,1.6667,170,260,430,1.5294,140,190,330,1.3571,130,130,260,1.0,110,100,210,0.90909,113,53
640,200,460,180,400,580,2.2222,160,320,480,2.0,140,280,420,2.0,130,210,340,1.6154,100,150,250,1.5,90,120,210,1.3333,113,53
660,210,450,190,390,580,2.0526,170,310,480,1.8235,150,270,420,1.8,140,190,330,1.3571,110,150,260,1.3636,100,110,210,1.1,113,53
660,210,450,190,410,600,2.1579,170,330,500,1.9412,160,290,450,1.8125,130,210,340,1.6154,110,150,260,1.3636,90,120,210,1.3333,114,53
670,210,450,190,390,580,2.0526,160,310,470,1.9375,160,280,440,1.75,130,210,340,1.6154,110,150,260,1.3636,100,120,220,1.2,115,53
660,220,440,190,390,580,2.0526,180,310,490,1.7222,160,260,420,1.625,140,200,340,1.4286,120,140,260,1.1667,100,120,220,1.2,115,53
660,220,450,190,390,580,2.0526,160,310,470,1.9375,160,270,430,1.6875,140,200,340,1.4286,120,140,260,1.1667,110,120,230,1.0909,115,53
640,210,450,190,400,590,2.1053,170,320,490,1.8824,150,280,430,1.8667,140,200,340,1.4286,110,150,260,1.3636,100,120,220,1.2,114,53
680,190,470,170,410,580,2.4118,140,340,480,2.4286,140,290,430,2.0714,120,230,350,1.9167,100,160,260,1.6,80,140,220,1.75,114,53
670,210,450,180,400,580,2.2222,160,320,480,2.0,150,280,430,1.8667,130,200,330,1.5385,110,150,260,1.3636,100,120,220,1.2,114,53
650,220,440,200,390,590,1.95,170,320,490,1.8824,160,280,440,1.75,140,200,340,1.4286,120,140,260,1.1667,110,110,220,1.0,115,53
670,210,450,180,400,580,2.2222,160,330,490,2.0625,150,280,430,1.8667,130,200,330,1.5385,100,150,250,1.5,100,120,220,1.2,115,53
670,220,450,190,400,590,2.1053,170,320,490,1.8824,160,280,440,1.75,140,210,350,1.5,120,150,270,1.25,100,120,220,1.2,116,54
660,220,460,200,400,600,2.0,170,320,490,1.8824,160,280,440,1.75,140,210,350,1.5,120,140,260,1.1667,110,110,220,1.0,116,54
680,200,470,190,400,590,2.1053,170,340,510,2.0,150,300,450,2.0,140,230,370,1.6429,110,160,270,1.4545,100,130,230,1.3,116,54
660,210,450,190,390,580,2.0526,170,310,480,1.8235,160,270,430,1.6875,140,200,340,1.4286,120,140,260,1.1667,100,110,210,1.1,116,54
660,210,450,190,400,590,2.1053,160,320,480,2.0,160,280,440,1.75,130,210,340,1.6154,120,140,260,1.1667,100,110,210,1.1,116,54
670,210,450,180,430,610,2.3889,160,330,490,2.0625,150,280,430,1.8667,140,200,340,1.4286,110,150,260,1.3636,100,120,220,1.2,116,54
660,220,450,190,390,580,2.0526,170,320,490,1.8824,160,280,440,1.75,140,200,340,1.4286,120,140,260,1.1667,110,110,220,1.0,117,54
660,210,450,190,390,580,2.0526,170,320,490,1.8824,150,280,430,1.8667,140,210,350,1.5,110,150,260,1.3636,100,120,220,1.2,117,55
680,210,460,180,410,590,2.2778,160,330,490,2.0625,150,290,440,1.9333,130,220,350,1.6923,110,160,270,1.4545,90,130,220,1.4444,117,55
660,220,450,210,390,600,1.8571,170,310,480,1.8235,170,270,440,1.5882,150,200,350,1.3333,130,140,270,1.0769,110,110,220,1.0,117,55
660,210,450,190,390,580,2.0526,170,320,490,1.8824,160,280,440,1.75,140,200,340,1.4286,110,150,260,1.3636,110,110,220,1.0,117,55
660,210,450,190,390,580,2.0526,170,320,490,1.8824,160,270,430,1.6875,130,200,330,1.5385,120,140,260,1.1667,100,110,210,1.1,117,55
670,210,460,190,420,610,2.2105,160,340,500,2.125,150,300,450,2.0,130,220,350,1.6923,110,150,260,1.3636,100,120,220,1.2,118,55
660,210,450,190,400,590,2.1053,170,320,490,1.8824,160,280,440,1.75,140,200,340,1.4286,120,150,270,1.25,100,120,220,1.2,118,55
670,210,450,190,390,580,2.0526,160,320,480,2.0,160,280,440,1.75,130,200,330,1.5385,110,140,250,1.2727,90,120,210,1.3333,118,55
660,220,440,200,390,590,1.95,170,310,480,1.8235,160,270,430,1.6875,150,190,340,1.2667,120,130,250,1.0833,110,110,220,1.0,118,55
660,220,450,190,400,590,2.1053,170,320,490,1.8824,160,280,440,1.75,140,210,350,1.5,120,150,270,1.25,100,120,220,1.2,119,55
680,200,460,180,400,580,2.2222,150,330,480,2.2,140,280,420,2.0,130,210,340,1.6154,100,160,260,1.6,90,120,210,1.3333,119,55
680,220,440,190,400,590,2.1053,170,320,490,1.8824,160,280,440,1.75,140,200,340,1.4286,120,140,260,1.1667,110,110,220,1.0,119,55
630,240,430,220,390,610,1.7727,190,310,500,1.6316,180,270,450,1.5,160,200,360,1.25,140,130,270,0.92857,130,100,230,0.76923,119,55
680,200,460,180,400,580,2.2222,160,330,490,2.0625,150,290,440,1.9333,130,210,340,1.6154,110,150,260,1.3636,90,130,220,1.4444,120,56
650,220,440,200,390,590,1.95,170,310,480,1.8235,170,270,440,1.5882,150,200,350,1.3333,130,140,270,1.0769,110,110,220,1.0,120,56
670,210,460,190,400,590,2.1053,170,320,490,1.8824,160,280,440,1.75,140,200,340,1.4286,110,150,260,1.3636,100,120,220,1.2,120,56
650,210,450,190,390,580,2.0526,170,320,490,1.8824,160,280,440,1.75,140,200,340,1.4286,120,130,250,1.0833,100,110,210,1.1,120,56
680,200,470,180,400,580,2.2222,150,330,480,2.2,140,290,430,2.0714,130,210,340,1.6154,100,150,250,1.5,100,120,220,1.2,120,56
660,210,440,190,410,600,2.1579,170,330,500,1.9412,160,290,450,1.8125,140,220,360,1.5714,120,150,270,1.25,100,110,210,1.1,120,56
670,220,450,190,410,600,2.1579,170,340,510,2.0,160,300,460,1.875,140,210,350,1.5,120,140,260,1.1667,110,120,230,1.0909,120,56
660,220,440,190,390,580,2.0526,170,310,480,1.8235,160,270,430,1.6875,140,200,340,1.4286,120,140,260,1.1667,110,110,220,1.0,120,56
670,220,450,200,390,590,1.95,170,310,480,1.8235,170,270,440,1.5882,140,200,340,1.4286,120,140,260,1.1667,100,120,220,1.2,121,56
660,220,450,200,390,590,1.95,170,310,480,1.8235,160,270,430,1.6875,150,200,350,1.3333,120,140,260,1.1667,110,110,220,1.0,121,56
650,210,450,200,400,600,2.0,180,320,500,1.7778,160,280,440,1.75,140,200,340,1.4286,120,140,260,1.1667,100,120,220,1.2,121,56
670,200,460,180,390,570,2.1667,150,320,470,2.1333,150,280,430,1.8667,130,220,350,1.6923,110,150,260,1.3636,90,120,210,1.3333,121,56
660,210,450,180,390,570,2.1667,160,320,480,2.0,150,280,430,1.8667,140,200,340,1.4286,120,140,260,1.1667,100,110,210,1.1,120,56
660,210,450,190,390,580,2.0526,160,310,470,1.9375,160,280,440,1.75,130,210,340,1.6154,120,140,260,1.1667,100,110,210,1.1,120,56
670,210,460,180,430,610,2.3889,160,350,510,2.1875,150,290,440,1.9333,130,220,350,1.6923,110,160,270,1.4545,100,120,220,1.2,120,56
660,210,450,190,390,580,2.0526,170,310,480,1.8235,160,270,430,1.6875,130,200,330,1.5385,120,140,260,1.1667,100,110,210,1.1,121,56
660,210,450,190,400,590,2.1053,170,320,490,1.8824,150,290,440,1.9333,140,210,350,1.5,110,150,260,1.3636,100,120,220,1.2,121,56
670,210,460,190,400,590,2.1053,170,330,500,1.9412,160,290,450,1.8125,130,210,340,1.6154,120,150,270,1.25,100,130,230,1.3,121,56
650,210,450,200,390,590,1.95,170,310,480,1.8235,160,270,430,1.6875,140,200,340,1.4286,120,140,260,1.1667,110,110,220,1.0,120,56
660,200,460,180,410,590,2.2778,160,330,490,2.0625,150,290,440,1.9333,130,210,340,1.6154,110,140,250,1.2727,90,120,210,1.3333,120,56
670,200,440,180,400,580,2.2222,150,330,480,2.2,150,290,440,1.9333,130,210,340,1.6154,110,150,260,1.3636,100,110,210,1.1,120,56
650,230,440,190,400,590,2.1053,170,320,490,1.8824,160,280,440,1.75,140,200,340,1.4286,120,140,260,1.1667,100,110,210,1.1,120,56
660,210,460,180,390,570,2.1667,160,320,480,2.0,150,280,430,1.8667,130,210,340,1.6154,110,150,260,1.3636,100,120,220,1.2,120,56
660,200,450,180,380,560,2.1111,160,310,470,1.9375,150,270,420,1.8,130,200,330,1.5385,110,140,250,1.2727,100,120,220,1.2,121,56
660,210,450,190,390,580,2.0526,170,310,480,1.8235,160,270,430,1.6875,140,200,340,1.4286,110,140,250,1.2727,110,110,220,1.0,121,56
650,210,450,190,390,580,2.0526,170,310,480,1.8235,160,270,430,1.6875,140,200,340,1.4286,120,140,260,1.1667,100,110,210,1.1,121,56
660,200,460,180,400,580,2.2222,160,320,480,2.0,150,280,430,1.8667,130,210,340,1.6154,110,150,260,1.3636,100,120,220,1.2,120,56
660,200,450,180,390,570,2.1667,160,320,480,2.0,150,280,430,1.8667,130,200,330,1.5385,110,140,250,1.2727,100,110,210,1.1,120,55
660,210,450,180,400,580,2.2222,160,320,480,2.0,150,280,430,1.8667,140,200,340,1.4286,110,140,250,1.2727,100,110,210,1.1,120,55
660,210,450,190,400,590,2.1053,160,320,480,2.0,160,280,440,1.75,130,210,340,1.6154,120,140,260,1.1667,100,110,210,1.1,120,55
660,210,440,190,390,580,2.0526,170,310,480,1.8235,160,270,430,1.6875,140,200,340,1.4286,120,140,260,1.1667,100,110,210,1.1,121,56
650,220,440,200,390,590,1.95,170,310,480,1.8235,160,280,440,1.75,140,200,340,1.4286,120,140,260,1.1667,110,110,220,1.0,121,56
650,210,450,180,390,570,2.1667,170,320,490,1.8824,150,280,430,1.8667,130,210,340,1.6154,120,150,270,1.25,100,120,220,1.2,120,55
670,200,470,200,400,600,2.0,170,320,490,1.8824,150,280,430,1.8667,140,210,350,1.5,110,150,260,1.3636,100,120,220,1.2,120,55
650,200,450,180,400,580,2.2222,160,320,480,2.0,150,280,430,1.8667,130,200,330,1.5385,110,140,250,1.2727,100,110,210,1.1,120,55
670,200,460,180,400,580,2.2222,150,320,470,2.1333,140,280,420,2.0,130,200,330,1.5385,100,140,240,1.4,100,120,220,1.2,120,55
650,210,440,190,420,610,2.2105,170,340,510,2.0,160,300,460,1.875,130,220,350,1.6923,120,130,250,1.0833,100,110,210,1.1,120,55
660,210,450,180,390,570,2.1667,160,320,480,2.0,150,280,430,1.8667,140,200,340,1.4286,110,140,250,1.2727,100,120,220,1.2,120,55
650,210,440,190,380,570,2.0,170,310,480,1.8235,160,270,430,1.6875,140,200,340,1.4286,120,140,260,1.1667,110,110,220,1.0,120,55
660,210,450,190,390,580,2.0526,170,310,480,1.8235,160,270,430,1.6875,130,210,340,1.6154,110,150,260,1.3636,100,120,220,1.2,120,55
660,210,450,190,390,580,2.0526,160,310,470,1.9375,150,280,430,1.8667,130,200,330,1.5385,110,150,260,1.3636,100,120,220,1.2,120,55
650,210,450,190,400,590,2.1053,170,320,490,1.8824,160,270,430,1.6875,130,200,330,1.5385,120,140,260,1.1667,100,110,210,1.1,120,55
660,200,460,180,400,580,2.2222,150,310,460,2.0667,140,270,410,1.9286,130,200,330,1.5385,110,140,250,1.2727,100,110,210,1.1,120,55
650,200,450,180,400,580,2.2222,160,320,480,2.0,150,280,430,1.8667,130,200,330,1.5385,110,140,250,1.2727,100,110,210,1.1,120,55
660,200,450,170,400,570,2.3529,160,330,490,2.0625,150,280,430,1.8667,130,210,340,1.6154,110,140,250,1.2727,90,120,210,1.3333,120,55
650,210,450,190,390,580,2.0526,160,310,470,1.9375,150,270,420,1.8,130,200,330,1.5385,110,150,260,1.3636,100,110,210,1.1,120,55
660,200,460,180,400,580,2.2222,160,330,490,2.0625,150,280,430,1.8667,120,210,330,1.75,110,150,260,1.3636,90,120,210,1.3333,120,55
660,200,450,180,400,580,2.2222,160,320,480,2.0,150,280,430,1.8667,130,200,330,1.5385,110,150,260,1.3636,100,120,220,1.2,120,55
650,210,450,190,390,580,2.0526,160,310,470,1.9375,160,270,430,1.6875,130,200,330,1.5385,120,140,260,1.1667,100,110,210,1.1,120,55
660,200,460,170,400,570,2.3529,160,320,480,2.0,150,280,430,1.8667,130,200,330,1.5385,110,140,250,1.2727,90,110,200,1.2222,119,55
650,200,450,190,390,580,2.0526,160,310,470,1.9375,150,270,420,1.8,130,190,320,1.4615,110,130,240,1.1818,100,110,210,1.1,119,54
660,200,460,170,410,580,2.4118,160,330,490,2.0625,150,290,440,1.9333,120,210,330,1.75,110,140,250,1.2727,90,120,210,1.3333,119,54
650,200,450,180,400,580,2.2222,150,320,470,2.1333,140,280,420,2.0,130,200,330,1.5385,110,140,250,1.2727,100,120,220,1.2,119,54
670,200,460,180,410,590,2.2778,150,320,470,2.1333,150,280,430,1.8667,120,210,330,1.75,100,150,250,1.5,90,120,210,1.3333,119,54
620,210,440,190,400,590,2.1053,170,320,490,1.8824,160,280,440,1.75,140,200,340,1.4286,120,140,260,1.1667,100,110,210,1.1,119,54
650,210,450,190,390,580,2.0526,170,310,480,1.8235,160,270,430,1.6875,130,190,320,1.4615,120,130,250,1.0833,110,110,220,1.0,118,54
660,200,460,180,430,610,2.3889,150,340,490,2.2667,150,290,440,1.9333,120,200,320,1.6667,110,150,260,1.3636,90,110,200,1.2222,118,54
640,200,450,180,410,590,2.2778,160,320,480,2.0,150,280,430,1.8667,130,200,330,1.5385,110,130,240,1.1818,100,110,210,1.1,118,54
670,190,460,170,400,570,2.3529,150,310,460,2.0667,140,270,410,1.9286,120,200,320,1.6667,90,140,230,1.5556,90,120,210,1.3333,118,54
640,210,430,190,380,570,2.0,160,300,460,1.875,160,260,420,1.625,140,190,330,1.3571,120,140,260,1.1667,110,100,210,0.90909,118,54
640,210,450,190,380,570,2.0,160,310,470,1.9375,160,270,430,1.6875,130,200,330,1.5385,120,140,260,1.1667,100,110,210,1.1,118,54
640,190,440,180,380,560,2.1111,150,300,450,2.0,140,260,400,1.8571,120,190,310,1.5833,100,140,240,1.4,90,110,200,1.2222,118,54
650,200,450,180,390,570,2.1667,160,310,470,1.9375,150,270,420,1.8,120,210,330,1.75,110,140,250,1.2727,90,120,210,1.3333,117,54
650,200,450,180,390,570,2.1667,160,310,470,1.9375,140,280,420,2.0,130,200,330,1.5385,110,130,240,1.1818,90,110,200,1.2222,117,54
660,200,450,180,400,580,2.2222,150,320,470,2.1333,140,280,420,2.0,130,200,330,1.5385,100,140,240,1.4,100,110,210,1.1,117,53
650,210,440,190,410,600,2.1579,160,310,470,1.9375,160,270,430,1.6875,130,190,320,1.4615,120,130,250,1.0833,100,100,200,1.0,117,53
650,210,440,190,390,580,2.0526,170,310,480,1.8235,160,270,430,1.6875,130,200,330,1.5385,110,130,240,1.1818,100,110,210,1.1,117,53
650,210,440,180,390,570,2.1667,170,310,480,1.8235,160,270,430,1.6875,140,190,330,1.3571,120,130,250,1.0833,100,110,210,1.1,117,53
650,210,450,190,400,590,2.1053,170,320,490,1.8824,150,280,430,1.8667,140,200,340,1.4286,110,140,250,1.2727,100,110,210,1.1,117,53
650,200,450,190,380,570,2.0,160,300,460,1.875,160,270,430,1.6875,130,190,320,1.4615,120,140,260,1.1667,100,110,210,1.1,117,53
640,200,440,180,390,570,2.1667,170,310,480,1.8235,150,270,420,1.8,130,200,330,1.5385,110,130,240,1.1818,100,110,210,1.1,116,53
660,200,450,170,400,570,2.3529,150,310,460,2.0667,140,270,410,1.9286,130,190,320,1.4615,100,130,230,1.3,90,110,200,1.2222,116,53
650,210,440,190,420,610,2.2105,160,340,500,2.125,150,290,440,1.9333,130,210,340,1.6154,110,140,250,1.2727,100,110,210,1.1,116,53
650,210,450,180,390,570,2.1667,160,310,470,1.9375,150,270,420,1.8,130,190,320,1.4615,110,140,250,1.2727,100,100,200,1.0,116,53
650,200,440,180,390,570,2.1667,170,310,480,1.8235,150,270,420,1.8,130,200,330,1.5385,110,140,250,1.2727,100,110,210,1.1,116,53
650,210,450,180,390,570,2.1667,160,310,470,1.9375,150,270,420,1.8,130,190,320,1.4615,110,140,250,1.2727,100,110,210,1.1,116,53
650,200,450,180,390,570,2.1667,160,310,470,1.9375,150,270,420,1.8,130,200,330,1.5385,110,150,260,1.3636,100,110,210,1.1,116,53
650,200,450,190,390,580,2.0526,160,310,470,1.9375,150,270,420,1.8,130,200,330,1.5385,110,140,250,1.2727,90,110,200,1.2222,116,53
650,200,450,180,400,580,2.2222,150,310,460,2.0667,140,270,410,1.9286,130,190,320,1.4615,110,130,240,1.1818,90,100,190,1.1111,116,53
660,200,450,180,400,580,2.2222,150,320,470,2.1333,140,270,410,1.9286,130,190,320,1.4615,100,130,230,1.3,90,110,200,1.2222,116,53
640,210,440,190,400,590,2.1053,160,310,470,1.9375,160,270,430,1.6875,130,190,320,1.4615,120,130,250,1.0833,100,100,200,1.0,116,53
660,200,450,180,410,590,2.2778,160,340,500,2.125,150,290,440,1.9333,120,220,340,1.8333,110,140,250,1.2727,90,120,210,1.3333,116,53
640,210,430,190,380,570,2.0,170,300,470,1.7647,150,260,410,1.7333,140,190,330,1.3571,120,130,250,1.0833,100,100,200,1.0,116,53
650,210,440,180,400,580,2.2222,160,320,480,2.0,150,280,430,1.8667,130,200,330,1.5385,110,150,260,1.3636,100,120,220,1.2,116,53
640,210,440,200,390,590,1.95,170,310,480,1.8235,150,270,420,1.8,140,200,340,1.4286,110,140,250,1.2727,110,110,220,1.0,116,53
660,200,460,180,390,570,2.1667,150,320,470,2.1333,150,270,420,1.8,120,200,320,1.6667,110,150,260,1.3636,90,110,200,1.2222,116,53
640,200,440,180,390,570,2.1667,160,310,470,1.9375,150,270,420,1.8,130,200,330,1.5385,110,130,240,1.1818,90,110,200,1.2222,116,53
650,200,450,170,420,590,2.4706,150,320,470,2.1333,140,270,410,1.9286,130,200,330,1.5385,100,130,230,1.3,90,110,200,1.2222,115,53
640,200,440,180,400,580,2.2222,160,320,480,2.0,150,280,430,1.8667,130,200,330,1.5385,110,140,250,1.2727,100,110,210,1.1,116,53
660,200,450,180,390,570,2.1667,150,320,470,2.1333,140,280,420,2.0,130,200,330,1.5385,100,140,240,1.4,90,120,210,1.3333,116,53
640,210,440,190,390,580,2.0526,160,310,470,1.9375,160,270,430,1.6875,130,190,320,1.4615,120,140,260,1.1667,100,100,200,1.0,116,53
650,200,450,180,380,560,2.1111,160,300,460,1.875,150,270,420,1.8,130,190,320,1.4615,110,140,250,1.2727,90,110,200,1.2222,116,53
640,200,450,190,390,580,2.0526,170,310,480,1.8235,150,270,420,1.8,130,200,330,1.5385,110,130,240,1.1818,100,110,210,1.1,116,53
650,190,450,170,400,570,2.3529,150,320,470,2.1333,140,280,420,2.0,130,200,330,1.5385,100,140,240,1.4,90,120,210,1.3333,115,53
650,200,450,180,400,580,2.2222,150,320,470,2.1333,140,280,420,2.0,130,200,330,1.5385,110,130,240,1.1818,100,110,210,1.1,115,53
650,200,450,180,390,570,2.1667,150,310,460,2.0667,150,270,420,1.8,130,190,320,1.4615,110,140,250,1.2727,100,110,210,1.1,115,53
650,200,440,180,400,580,2.2222,160,310,470,1.9375,150,270,420,1.8,130,200,330,1.5385,110,140,250,1.2727,100,110,210,1.1,115,53
650,210,440,180,390,570,2.1667,160,320,480,2.0,150,280,430,1.8667,130,200,330,1.5385,110,140,250,1.2727,100,120,220,1.2,116,53
640,210,440,180,390,570,2.1667,170,300,470,1.7647,150,260,410,1.7333,140,180,320,1.2857,110,120,230,1.0909,100,100,200,1.0,116,53
650,200,450,180,400,580,2.2222,150,320,470,2.1333,140,280,420,2.0,130,200,330,1.5385,100,150,250,1.5,90,120,210,1.3333,115,53
650,200,450,190,390,580,2.0526,160,310,470,1.9375,150,270,420,1.8,130,190,320,1.4615,110,150,260,1.3636,100,120,220,1.2,115,53
650,200,450,180,390,570,2.1667,160,310,470,1.9375,150,270,420,1.8,130,190,320,1.4615,110,140,250,1.2727,90,100,190,1.1111,115,53
650,200,450,170,390,560,2.2941,160,310,470,1.9375,140,270,410,1.9286,130,190,320,1.4615,110,130,240,1.1818,90,100,190,1.1111,115,52
650,200,450,180,430,610,2.3889,160,350,510,2.1875,150,310,460,2.0667,130,200,330,1.5385,110,140,250,1.2727,100,110,210,1.1,115,52
650,200,440,180,390,570,2.1667,160,310,470,1.9375,150,270,420,1.8,130,190,320,1.4615,110,140,250,1.2727,100,110,210,1.1,115,52
650,210,450,180,390,570,2.1667,160,310,470,1.9375,150,260,410,1.7333,130,190,320,1.4615,110,140,250,1.2727,100,100,200,1.0,115,52
650,200,450,180,380,560,2.1111,170,320,490,1.8824,150,280,430,1.8667,130,200,330,1.5385,110,140,250,1.2727,100,110,210,1.1,115,52
650,200,450,180,390,570,2.1667,160,310,470,1.9375,150,270,420,1.8,130,200,330,1.5385,110,140,250,1.2727,100,110,210,1.1,114,52
640,200,450,190,390,580,2.0526,160,310,470,1.9375,150,270,420,1.8,130,190,320,1.4615,110,140,250,1.2727,100,110,210,1.1,114,52
660,190,450,170,390,560,2.2941,150,310,460,2.0667,140,270,410,1.9286,120,190,310,1.5833,100,140,240,1.4,90,110,200,1.2222,114,52
640,210,440,180,400,580,2.2222,160,310,470,1.9375,150,270,420,1.8,130,180,310,1.3846,110,130,240,1.1818,100,100,200,1.0,113,52
660,200,450,170,410,580,2.4118,150,330,480,2.2,140,280,420,2.0,120,200,320,1.6667,100,140,240,1.4,90,120,210,1.3333,114,52
640,210,440,190,390,580,2.0526,160,310,470,1.9375,150,270,420,1.8,130,190,320,1.4615,110,130,240,1.1818,100,110,210,1.1,114,52
660,200,460,180,410,590,2.2778,150,330,480,2.2,150,280,430,1.8667,120,200,320,1.6667,110,150,260,1.3636,90,110,200,1.2222,114,52
650,200,450,180,400,580,2.2222,160,320,480,2.0,140,280,420,2.0,130,200,330,1.5385,110,140,250,1.2727,90,120,210,1.3333,113,52
640,200,450,180,390,570,2.1667,160,320,480,2.0,140,270,410,1.9286,130,200,330,1.5385,100,140,240,1.4,100,120,220,1.2,113,52
660,200,450,170,420,590,2.4706,150,340,490,2.2667,140,300,440,2.1429,130,220,350,1.6923,100,160,260,1.6,90,130,220,1.4444,112,51
640,210,440,190,390,580,2.0526,160,310,470,1.9375,150,270,420,1.8,130,190,320,1.4615,110,130,240,1.1818,100,110,210,1.1,112,51
660,200,450,180,390,570,2.1667,150,310,460,2.0667,150,270,420,1.8,120,190,310,1.5833,110,140,250,1.2727,90,110,200,1.2222,113,51
640,210,440,190,380,570,2.0,170,290,460,1.7059,160,250,410,1.5625,130,190,320,1.4615,120,130,250,1.0833,100,110,210,1.1,113,51
650,200,450,180,390,570,2.1667,160,310,470,1.9375,150,270,420,1.8,130,190,320,1.4615,110,140,250,1.2727,90,110,200,1.2222,113,51
640,200,440,180,400,580,2.2222,150,310,460,2.0667,140,270,410,1.9286,130,190,320,1.4615,100,130,230,1.3,100,110,210,1.1,112,51
650,200,460,170,400,570,2.3529,150,320,470,2.1333,140,270,410,1.9286,120,190,310,1.5833,100,130,230,1.3,90,110,200,1.2222,111,51
650,190,450,180,400,580,2.2222,150,320,470,2.1333,140,270,410,1.9286,120,190,310,1.5833,110,140,250,1.2727,90,110,200,1.2222,111,51
650,200,440,180,400,580,2.2222,160,320,480,2.0,140,270,410,1.9286,130,200,330,1.5385,110,130,240,1.1818,100,110,210,1.1,111,51
650,210,450,180,390,570,2.1667,150,310,460,2.0667,150,270,420,1.8,130,190,320,1.4615,110,130,240,1.1818,90,110,200,1.2222,111,51
650,200,450,180,400,580,2.2222,160,310,470,1.9375,150,270,420,1.8,130,190,320,1.4615,110,140,250,1.2727,100,110,210,1.1,111,51
650,200,450,180,390,570,2.1667,160,310,470,1.9375,150,270,420,1.8,130,190,320,1.4615,110,130,240,1.1818,90,110,200,1.2222,111,51
640,200,450,190,390,580,2.0526,160,300,460,1.875,150,260,410,1.7333,130,180,310,1.3846,110,120,230,1.0909,100,90,190,0.9,111,51
660,190,470,170,400,570,2.3529,140,320,460,2.2857,140,280,420,2.0,120,200,320,1.6667,100,150,250,1.5,80,120,200,1.5,111,51
650,190,460,180,390,570,2.1667,160,300,460,1.875,150,260,410,1.7333,120,180,300,1.5,110,130,240,1.1818,100,100,200,1.0,111,51
660,190,460,170,430,600,2.5294,150,340,490,2.2667,140,290,430,2.0714,120,210,330,1.75,90,140,230,1.5556,90,120,210,1.3333,111,51
640,200,440,180,400,580,2.2222,150,310,460,2.0667,150,270,420,1.8,130,190,320,1.4615,110,130,240,1.1818,100,110,210,1.1,110,50
660,200,450,170,390,560,2.2941,150,310,460,2.0667,140,270,410,1.9286,120,190,310,1.5833,100,150,250,1.5,80,110,190,1.375,110,50
640,210,440,190,380,570,2.0,170,290,460,1.7059,150,260,410,1.7333,130,190,320,1.4615,120,130,250,1.0833,100,100,200,1.0,110,50
650,200,450,170,400,570,2.3529,160,320,480,2.0,150,270,420,1.8,130,200,330,1.5385,100,140,240,1.4,90,120,210,1.3333,111,50
640,200,450,180,400,580,2.2222,160,310,470,1.9375,150,280,430,1.8667,130,200,330,1.5385,100,140,240,1.4,100,120,220,1.2,111,51
660,190,460,180,400,580,2.2222,140,330,470,2.3571,140,280,420,2.0,120,200,320,1.6667,100,150,250,1.5,80,120,200,1.5,111,51
640,200,450,180,390,570,2.1667,160,300,460,1.875,150,260,410,1.7333,120,180,300,1.5,110,130,240,1.1818,100,100,200,1.0,110,50
650,190,450,170,400,570,2.3529,150,320,470,2.1333,140,260,400,1.8571,120,180,300,1.5,100,140,240,1.4,80,110,190,1.375,109,50
640,200,440,170,410,580,2.4118,150,320,470,2.1333,140,280,420,2.0,130,200,330,1.5385,100,140,240,1.4,90,110,200,1.2222,109,50
650,200,450,170,410,580,2.4118,150,330,480,2.2,140,290,430,2.0714,130,210,340,1.6154,100,150,250,1.5,90,120,210,1.3333,109,50
640,200,440,180,400,580,2.2222,150,310,460,2.0667,140,270,410,1.9286,130,200,330,1.5385,100,140,240,1.4,100,110,210,1.1,110,50
650,200,450,170,400,570,2.3529,140,320,460,2.2857,140,280,420,2.0,120,200,320,1.6667,100,140,240,1.4,90,120,210,1.3333,110,50
650,200,450,200,390,590,1.95,170,310,480,1.8235,150,270,420,1.8,130,190,320,1.4615,110,140,250,1.2727,110,110,220,1.0,110,50
650,200,450,180,390,570,2.1667,160,300,460,1.875,150,260,410,1.7333,120,180,300,1.5,110,130,240,1.1818,90,100,190,1.1111,109,50
640,200,440,180,390,570,2.1667,160,300,460,1.875,150,250,400,1.6667,130,170,300,1.3077,110,120,230,1.0909,100,90,190,0.9,109,50
660,200,450,170,450,620,2.6471,150,360,510,2.4,140,310,450,2.2143,120,210,330,1.75,100,160,260,1.6,90,130,220,1.4444,109,50
640,210,440,190,390,580,2.0526,160,310,470,1.9375,150,260,410,1.7333,130,180,310,1.3846,110,130,240,1.1818,100,110,210,1.1,109,50
660,200,450,180,400,580,2.2222,150,310,460,2.0667,150,270,420,1.8,120,190,310,1.5833,110,140,250,1.2727,90,110,200,1.2222,109,50
640,210,440,190,380,570,2.0,170,300,470,1.7647,160,260,420,1.625,130,180,310,1.3846,120,130,250,1.0833,100,110,210,1.1,110,50
650,200,450,170,390,560,2.2941,150,310,460,2.0667,140,270,410,1.9286,130,200,330,1.5385,100,140,240,1.4,90,120,210,1.3333,110,50
640,200,450,180,400,580,2.2222,150,320,470,2.1333,140,280,420,2.0,130,200,330,1.5385,100,140,240,1.4,100,120,220,1.2,109,50
660,190,460,170,400,570,2.3529,140,320,460,2.2857,140,280,420,2.0,110,200,310,1.8182,100,140,240,1.4,80,120,200,1.5,109,50
750,200,450,180,390,570,2.1667,160,300,460,1.875,140,260,400,1.8571,120,180,300,1.5,110,130,240,1.1818,90,100,190,1.1111,109,50
640,200,460,180,390,570,2.1667,150,310,460,2.0667,150,270,420,1.8,120,190,310,1.5833,110,140,250,1.2727,90,110,200,1.2222,108,50
660,180,460,170,400,570,2.3529,150,320,470,2.1333,140,270,410,1.9286,110,190,300,1.7273,100,140,240,1.4,80,110,190,1.375,108,50
650,200,450,170,400,570,2.3529,150,320,470,2.1333,140,270,410,1.9286,130,190,320,1.4615,100,130,230,1.3,90,110,200,1.2222,108,50
660,200,450,180,430,610,2.3889,150,340,490,2.2667,140,290,430,2.0714,130,200,330,1.5385,100,140,240,1.4,90,120,210,1.3333,108,50
650,210,450,180,390,570,2.1667,160,300,460,1.875,150,260,410,1.7333,130,180,310,1.3846,120,130,250,1.0833,100,100,200,1.0,108,49
650,200,450,180,400,580,2.2222,160,310,470,1.9375,150,270,420,1.8,130,190,320,1.4615,110,130,240,1.1818,90,110,200,1.2222,108,50
660,200,460,180,400,580,2.2222,160,310,470,1.9375,150,270,420,1.8,130,200,330,1.5385,110,140,250,1.2727,100,120,220,1.2,108,50
650,200,450,190,390,580,2.0526,160,310,470,1.9375,160,260,420,1.625,130,190,320,1.4615,110,140,250,1.2727,100,110,210,1.1,108,50
650,200,450,180,390,570,2.1667,160,300,460,1.875,150,260,410,1.7333,130,180,310,1.3846,110,130,240,1.1818,90,100,190,1.1111,107,49
650,200,440,180,400,580,2.2222,160,310,470,1.9375,150,270,420,1.8,130,190,320,1.4615,110,130,240,1.1818,100,110,210,1.1,107,49
650,210,450,180,400,580,2.2222,160,320,480,2.0,150,270,420,1.8,130,200,330,1.5385,100,130,230,1.3,100,110,210,1.1,107,49
660,200,460,180,400,580,2.2222,150,310,460,2.0667,150,270,420,1.8,120,190,310,1.5833,110,140,250,1.2727,100,110,210,1.1,108,49
650,200,450,180,390,570,2.1667,160,310,470,1.9375,150,260,410,1.7333,130,190,320,1.4615,110,130,240,1.1818,90,110,200,1.2222,108,49
650,200,450,190,390,580,2.0526,160,300,460,1.875,150,260,410,1.7333,130,200,330,1.5385,110,140,250,1.2727,100,110,210,1.1,107,49
650,200,450,180,390,570,2.1667,150,310,460,2.0667,150,260,410,1.7333,120,190,310,1.5833,110,130,240,1.1818,100,110,210,1.1,107,49
650,200,450,170,390,560,2.2941,160,310,470,1.9375,150,260,410,1.7333,120,190,310,1.5833,110,130,240,1.1818,90,100,190,1.1111,107,49
650,200,450,170,430,600,2.5294,160,320,480,2.0,150,270,420,1.8,130,190,320,1.4615,100,130,230,1.3,90,110,200,1.2222,107,49
650,200,450,180,400,580,2.2222,150,310,460,2.0667,140,270,410,1.9286,130,200,330,1.5385,100,140,240,1.4,100,110,210,1.1,106,49
650,200,450,180,390,570,2.1667,150,310,460,2.0667,150,270,420,1.8,120,190,310,1.5833,110,140,250,1.2727,90,110,200,1.2222,106,49
650,200,450,180,400,580,2.2222,160,310,470,1.9375,150,270,420,1.8,130,190,320,1.4615,110,140,250,1.2727,90,110,200,1.2222,107,49
650,200,450,180,400,580,2.2222,160,310,470,1.9375,150,270,420,1.8,130,200,330,1.5385,110,140,250,1.2727,90,120,210,1.3333,107,49
650,200,450,180,400,580,2.2222,150,310,460,2.0667,140,270,410,1.9286,130,190,320,1.4615,100,130,230,1.3,100,110,210,1.1,107,49
660,200,460,180,400,580,2.2222,150,310,460,2.0667,150,270,420,1.8,120,190,310,1.5833,110,130,240,1.1818,100,110,210,1.1,106,49
650,200,450,180,420,600,2.3333,160,330,490,2.0625,150,290,440,1.9333,130,200,330,1.5385,120,130,250,1.0833,100,100,200,1.0,106,49
660,200,450,180,400,580,2.2222,150,320,470,2.1333,140,280,420,2.0,120,200,320,1.6667,100,140,240,1.4,90,120,210,1.3333,106,49
650,210,450,180,390,570,2.1667,160,310,470,1.9375,150,260,410,1.7333,130,190,320,1.4615,110,140,250,1.2727,90,110,200,1.2222,106,49
650,200,450,180,390,570,2.1667,160,300,460,1.875,150,260,410,1.7333,130,190,320,1.4615,110,130,240,1.1818,90,110,200,1.2222,106,49
660,200,460,180,400,580,2.2222,160,310,470,1.9375,140,270,410,1.9286,130,200,330,1.5385,100,140,240,1.4,100,120,220,1.2,106,49
650,200,450,190,390,580,2.0526,160,300,460,1.875,160,260,420,1.625,130,180,310,1.3846,120,130,250,1.0833,100,100,200,1.0,106,49
650,200,450,180,400,580,2.2222,160,310,470,1.9375,150,250,400,1.6667,130,170,300,1.3077,110,130,240,1.1818,90,100,190,1.1111,105,49
660,200,460,180,400,580,2.2222,150,310,460,2.0667,140,270,410,1.9286,120,190,310,1.5833,100,130,230,1.3,100,110,210,1.1,105,49
650,200,450,180,400,580,2.2222,160,310,470,1.9375,150,260,410,1.7333,130,190,320,1.4615,110,130,240,1.1818,100,100,200,1.0,105,48
650,200,450,180,410,590,2.2778,160,330,490,2.0625,150,280,430,1.8667,130,200,330,1.5385,110,130,240,1.1818,90,110,200,1.2222,105,48
660,200,450,180,400,580,2.2222,150,320,470,2.1333,140,280,420,2.0,120,200,320,1.6667,100,140,240,1.4,90,120,210,1.3333,105,48
660,210,450,180,390,570,2.1667,160,300,460,1.875,150,260,410,1.7333,130,190,320,1.4615,110,140,250,1.2727,100,110,210,1.1,105,48
640,210,440,190,390,580,2.0526,170,290,460,1.7059,150,250,400,1.6667,140,200,340,1.4286,110,130,240,1.1818,100,110,210,1.1,105,48
660,200,470,180,400,580,2.2222,150,320,470,2.1333,140,280,420,2.0,120,200,320,1.6667,100,150,250,1.5,90,120,210,1.3333,105,48
660,190,460,180,400,580,2.2222,160,310,470,1.9375,140,260,400,1.8571,120,180,300,1.5,110,130,240,1.1818,90,100,190,1.1111,104,48
660,200,450,180,430,610,2.3889,160,340,500,2.125,150,270,420,1.8,130,190,320,1.4615,100,130,230,1.3,100,110,210,1.1,104,48
650,210,450,180,400,580,2.2222,160,310,470,1.9375,150,260,410,1.7333,130,180,310,1.3846,120,130,250,1.0833,100,100,200,1.0,104,48
660,200,450,180,400,580,2.2222,160,310,470,1.9375,150,270,420,1.8,130,200,330,1.5385,110,130,240,1.1818,90,110,200,1.2222,104,48
660,210,460,180,390,570,2.1667,160,310,470,1.9375,150,270,420,1.8,130,190,320,1.4615,110,140,250,1.2727,100,110,210,1.1,104,48
650,200,450,180,400,580,2.2222,160,320,480,2.0,150,270,420,1.8,130,200,330,1.5385,110,130,240,1.1818,100,110,210,1.1,104,48
670,200,460,180,400,580,2.2222,160,320,480,2.0,140,280,420,2.0,130,200,330,1.5385,100,150,250,1.5,90,120,210,1.3333,104,48
650,210,450,190,390,580,2.0526,170,300,470,1.7647,160,260,420,1.625,130,180,310,1.3846,120,130,250,1.0833,100,100,200,1.0,104,48
650,200,450,180,400,580,2.2222,160,310,470,1.9375,140,260,400,1.8571,130,190,320,1.4615,100,130,230,1.3,100,110,210,1.1,103,48
660,200,460,170,400,570,2.3529,150,310,460,2.0667,150,270,420,1.8,120,190,310,1.5833,110,140,250,1.2727,90,110,200,1.2222,102,47
650,200,440,180,400,580,2.2222,160,310,470,1.9375,150,270,420,1.8,130,190,320,1.4615,120,130,250,1.0833,100,100,200,1.0,102,47
650,210,450,180,400,580,2.2222,160,320,480,2.0,140,270,410,1.9286,130,190,320,1.4615,110,140,250,1.2727,100,110,210,1.1,102,47
640,200,450,180,400,580,2.2222,150,310,460,2.0667,140,270,410,1.9286,120,190,310,1.5833,110,140,250,1.2727,100,110,210,1.1,103,47
660,190,460,160,400,560,2.5,150,310,460,2.0667,140,270,410,1.9286,120,190,310,1.5833,110,140,250,1.2727,100,110,210,1.1,103,47
650,200,450,210,390,600,1.8571,170,300,470,1.7647,150,260,410,1.7333,130,180,310,1.3846,120,130,250,1.0833,110,100,210,0.90909,103,47
660,200,460,180,400,580,2.2222,150,320,470,2.1333,140,270,410,1.9286,120,200,320,1.6667,100,140,240,1.4,100,110,210,1.1,102,47
650,200,450,180,390,570,2.1667,160,300,460,1.875,150,260,410,1.7333,130,180,310,1.3846,110,130,240,1.1818,90,100,190,1.1111,102,47
650,200,450,170,420,590,2.4706,150,330,480,2.2,140,290,430,2.0714,130,210,340,1.6154,100,140,240,1.4,90,120,210,1.3333,101,47
670,200,470,170,420,590,2.4706,150,330,480,2.2,140,280,420,2.0,120,200,320,1.6667,100,150,250,1.5,80,120,200,1.5,101,47
650,200,450,180,390,570,2.1667,160,300,460,1.875,150,260,410,1.7333,130,180,310,1.3846,110,130,240,1.1818,100,110,210,1.1,101,47
660,200,450,180,400,580,2.2222,160,310,470,1.9375,140,260,400,1.8571,130,190,320,1.4615,100,140,240,1.4,100,120,220,1.2,102,47
660,210,460,180,390,570,2.1667,160,310,470,1.9375,150,270,420,1.8,130,190,320,1.4615,110,140,250,1.2727,100,110,210,1.1,102,47
640,200,450,190,400,590,2.1053,170,310,480,1.8235,150,260,410,1.7333,140,190,330,1.3571,110,130,240,1.1818,100,110,210,1.1,102,47
670,190,470,170,400,570,2.3529,140,310,450,2.2143,140,270,410,1.9286,120,200,320,1.6667,100,140,240,1.4,80,120,200,1.5,101,47
650,200,450,180,400,580,2.2222,160,310,470,1.9375,150,260,410,1.7333,130,180,310,1.3846,110,130,240,1.1818,90,100,190,1.1111,101,47
670,200,460,180,420,600,2.3333,150,330,480,2.2,140,280,420,2.0,120,200,320,1.6667,100,150,250,1.5,90,120,210,1.3333,100,47
650,210,450,180,410,590,2.2778,170,320,490,1.8824,150,270,420,1.8,130,180,310,1.3846,110,130,240,1.1818,100,100,200,1.0,101,47
660,200,450,180,400,580,2.2222,160,320,480,2.0,140,270,410,1.9286,130,200,330,1.5385,100,140,240,1.4,100,120,220,1.2,101,47
660,200,460,170,400,570,2.3529,160,320,480,2.0,150,270,420,1.8,120,200,320,1.6667,100,140,240,1.4,90,120,210,1.3333,100,47
660,200,460,180,400,580,2.2222,150,310,460,2.0667,140,270,410,1.9286,130,200,330,1.5385,100,140,240,1.4,100,120,220,1.2,100,47
650,200,450,190,390,580,2.0526,160,310,470,1.9375,160,260,420,1.625,130,190,320,1.4615,110,140,250,1.2727,100,110,210,1.1,100,47
650,200,450,180,390,570,2.1667,160,310,470,1.9375,140,260,400,1.8571,130,180,310,1.3846,110,130,240,1.1818,90,110,200,1.2222,99,46
660,200,460,180,410,590,2.2778,150,320,470,2.1333,140,280,420,2.0,120,200,320,1.6667,100,140,240,1.4,90,120,210,1.3333,99,46
660,200,450,180,400,580,2.2222,160,310,470,1.9375,150,270,420,1.8,130,190,320,1.4615,110,140,250,1.2727,90,100,190,1.1111,99,46
670,210,450,180,400,580,2.2222,170,310,480,1.8235,150,270,420,1.8,140,200,340,1.4286,110,140,250,1.2727,100,120,220,1.2,99,46
640,220,440,190,370,560,1.9474,170,290,460,1.7059,160,250,410,1.5625,140,180,320,1.2857,120,130,250,1.0833,100,100,200,1.0,99,46
650,200,450,180,400,580,2.2222,160,310,470,1.9375,150,270,420,1.8,130,200,330,1.5385,110,140,250,1.2727,90,120,210,1.3333,100,47
660,200,460,180,400,580,2.2222,150,320,470,2.1333,140,280,420,2.0,120,200,320,1.6667,100,150,250,1.5,90,120,210,1.3333,100,47
660,200,460,190,390,580,2.0526,160,300,460,1.875,150,260,410,1.7333,130,180,310,1.3846,110,130,240,1.1818,100,100,200,1.0,100,47
650,200,450,180,390,570,2.1667,160,300,460,1.875,150,250,400,1.6667,130,180,310,1.3846,110,120,230,1.0909,100,100,200,1.0,99,47
660,200,460,180,400,580,2.2222,150,310,460,2.0667,150,270,420,1.8,130,190,320,1.4615,110,130,240,1.1818,100,110,210,1.1,99,46
650,200,450,180,430,610,2.3889,170,340,510,2.0,150,300,450,2.0,130,210,340,1.6154,110,130,240,1.1818,90,110,200,1.2222,99,46
660,200,460,180,400,580,2.2222,150,310,460,2.0667,140,270,410,1.9286,130,200,330,1.5385,100,140,240,1.4,90,120,210,1.3333,99,46
660,200,450,180,400,580,2.2222,160,310,470,1.9375,150,270,420,1.8,120,190,310,1.5833,110,140,250,1.2727,100,110,210,1.1,99,46
660,210,460,180,390,570,2.1667,160,300,460,1.875,150,260,410,1.7333,130,200,330,1.5385,110,150,260,1.3636,100,120,220,1.2,99,46
650,200,460,190,390,580,2.0526,160,310,470,1.9375,150,270,420,1.8,130,190,320,1.4615,110,140,250,1.2727,100,110,210,1.1,100,47
670,190,470,170,410,580,2.4118,150,320,470,2.1333,130,270,400,2.0769,120,200,320,1.6667,100,150,250,1.5,90,120,210,1.3333,99,47
660,200,460,180,420,600,2.3333,160,330,490,2.0625,150,260,410,1.7333,130,180,310,1.3846,110,130,240,1.1818,90,100,190,1.1111,99,47
670,200,460,180,400,580,2.2222,160,320,480,2.0,140,280,420,2.0,130,200,330,1.5385,100,130,230,1.3,100,110,210,1.1,99,46
660,210,450,190,400,590,2.1053,170,310,480,1.8235,160,270,430,1.6875,130,190,320,1.4615,120,130,250,1.0833,100,110,210,1.1,99,46
670,210,460,190,400,590,2.1053,160,310,470,1.9375,150,270,420,1.8,130,190,320,1.4615,110,140,250,1.2727,100,110,210,1.1,99,46
660,210,450,190,400,590,2.1053,170,310,480,1.8235,150,270,420,1.8,140,190,330,1.3571,120,130,250,1.0833,100,110,210,1.1,99,46
660,210,460,190,400,590,2.1053,160,310,470,1.9375,160,260,420,1.625,130,190,320,1.4615,120,140,260,1.1667,100,110,210,1.1,99,46
670,200,470,190,430,620,2.2632,170,330,500,1.9412,150,280,430,1.8667,130,200,330,1.5385,110,150,260,1.3636,100,120,220,1.2,99,46
670,200,460,180,400,580,2.2222,160,310,470,1.9375,150,260,410,1.7333,130,180,310,1.3846,110,130,240,1.1818,100,100,200,1.0,99,46
660,210,460,190,410,600,2.1579,160,320,480,2.0,160,260,420,1.625,130,190,320,1.4615,110,130,240,1.1818,100,100,200,1.0,99,46
670,200,460,180,410,590,2.2778,160,320,480,2.0,140,280,420,2.0,130,200,330,1.5385,100,140,240,1.4,100,120,220,1.2,98,46
680,210,460,190,440,630,2.3158,170,350,520,2.0588,150,290,440,1.9333,130,210,340,1.6154,110,150,260,1.3636,100,120,220,1.2,98,46
650,220,450,190,390,580,2.0526,170,300,470,1.7647,160,260,420,1.625,140,180,320,1.2857,120,130,250,1.0833,100,110,210,1.1,98,46
680,200,470,180,410,590,2.2778,150,320,470,2.1333,140,280,420,2.0,120,200,320,1.6667,100,160,260,1.6,90,120,210,1.3333,99,46
680,210,460,200,390,590,1.95,170,290,460,1.7059,150,260,410,1.7333,140,190,330,1.3571,110,140,250,1.2727,100,110,210,1.1,99,46
660,220,450,210,390,600,1.8571,180,300,480,1.6667,160,260,420,1.625,140,190,330,1.3571,120,130,250,1.0833,100,110,210,1.1,99,46
670,210,460,190,400,590,2.1053,160,310,470,1.9375,160,270,430,1.6875,130,200,330,1.5385,110,140,250,1.2727,100,120,220,1.2,98,46
670,210,460,190,410,600,2.1579,160,320,480,2.0,150,280,430,1.8667,130,200,330,1.5385,110,150,260,1.3636,100,120,220,1.2,97,46
670,210,450,190,400,590,2.1053,160,310,470,1.9375,150,270,420,1.8,130,200,330,1.5385,110,140,250,1.2727,100,120,220,1.2,97,46
660,220,450,200,400,600,2.0,170,310,480,1.8235,160,260,420,1.625,130,190,320,1.4615,120,130,250,1.0833,100,110,210,1.1,97,46
680,210,460,190,400,590,2.1053,160,310,470,1.9375,150,270,420,1.8,130,200,330,1.5385,110,150,260,1.3636,90,120,210,1.3333,98,46
660,220,460,190,390,580,2.0526,170,310,480,1.8235,150,270,420,1.8,140,190,330,1.3571,110,140,250,1.2727,110,110,220,1.0,98,46
670,200,450,180,400,580,2.2222,170,310,480,1.8235,150,270,420,1.8,130,190,320,1.4615,110,140,250,1.2727,90,110,200,1.2222,98,46
670,220,460,190,420,610,2.2105,160,330,490,2.0625,160,270,430,1.6875,130,200,330,1.5385,110,140,250,1.2727,90,110,200,1.2222,99,46
670,210,460,190,390,580,2.0526,170,310,480,1.8235,150,260,410,1.7333,140,190,330,1.3571,110,140,250,1.2727,100,110,210,1.1,99,46
680,210,460,190,400,590,2.1053,160,310,470,1.9375,150,270,420,1.8,140,200,340,1.4286,110,140,250,1.2727,100,120,220,1.2,99,46
660,220,450,200,390,590,1.95,180,300,480,1.6667,170,250,420,1.4706,140,190,330,1.3571,120,130,250,1.0833,110,110,220,1.0,100,47
670,210,460,190,400,590,2.1053,160,320,480,2.0,160,270,430,1.6875,130,190,320,1.4615,110,140,250,1.2727,100,110,210,1.1,100,47
670,210,460,190,390,580,2.0526,160,310,470,1.9375,150,270,420,1.8,130,190,320,1.4615,110,140,250,1.2727,100,110,210,1.1,100,47
660,210,450,190,400,590,2.1053,170,310,480,1.8235,150,270,420,1.8,140,190,330,1.3571,110,140,250,1.2727,100,120,220,1.2,100,47
670,210,460,180,400,580,2.2222,160,310,470,1.9375,150,260,410,1.7333,130,190,320,1.4615,110,140,250,1.2727,90,120,210,1.3333,100,47
670,210,460,190,390,580,2.0526,160,310,470,1.9375,150,270,420,1.8,130,190,320,1.4615,110,140,250,1.2727,100,110,210,1.1,100,47
660,210,450,190,390,580,2.0526,170,310,480,1.8235,160,260,420,1.625,140,190,330,1.3571,110,130,240,1.1818,100,110,210,1.1,100,47
660,210,450,190,380,570,2.0,160,300,460,1.875,160,260,420,1.625,130,180,310,1.3846,110,140,250,1.2727,100,110,210,1.1,100,47
670,210,460,180,400,580,2.2222,160,310,470,1.9375,150,270,420,1.8,130,200,330,1.5385,100,140,240,1.4,100,120,220,1.2,100,47
660,210,450,190,400,590,2.1053,170,310,480,1.8235,160,260,420,1.625,130,190,320,1.4615,110,140,250,1.2727,100,110,210,1.1,100,47
660,210,450,180,390,570,2.1667,160,310,470,1.9375,150,260,410,1.7333,130,190,320,1.4615,110,140,250,1.2727,90,110,200,1.2222,100,47
660,210,450,190,400,590,2.1053,160,310,470,1.9375,150,270,420,1.8,130,190,320,1.4615,110,140,250,1.2727,100,110,210,1.1,100,47
660,210,450,180,390,570,2.1667,160,310,470,1.9375,150,270,420,1.8,130,190,320,1.4615,110,140,250,1.2727,90,120,210,1.3333,100,47
660,210,460,190,390,580,2.0526,160,310,470,1.9375,150,270,420,1.8,130,190,320,1.4615,110,140,250,1.2727,100,110,210,1.1,100,47
660,200,450,180,400,580,2.2222,160,320,480,2.0,150,270,420,1.8,130,200,330,1.5385,110,140,250,1.2727,90,120,210,1.3333,100,47
660,210,450,190,400,590,2.1053,160,310,470,1.9375,150,270,420,1.8,130,190,320,1.4615,110,170,280,1.5455,90,110,200,1.2222,100,47
660,210,450,190,400,590,2.1053,170,320,490,1.8824,150,280,430,1.8667,130,190,320,1.4615,110,130,240,1.1818,100,110,210,1.1,100,47
660,210,450,190,400,590,2.1053,160,310,470,1.9375,150,270,420,1.8,130,190,320,1.4615,110,140,250,1.2727,100,110,210,1.1,100,47
660,210,450,190,390,580,2.0526,160,300,460,1.875,150,260,410,1.7333,130,190,320,1.4615,110,140,250,1.2727,100,110,210,1.1,100,47
660,210,460,190,400,590,2.1053,160,310,470,1.9375,150,270,420,1.8,130,190,320,1.4615,110,140,250,1.2727,100,110,210,1.1,100,47
660,200,450,180,390,570,2.1667,160,320,480,2.0,150,270,420,1.8,130,200,330,1.5385,110,140,250,1.2727,90,120,210,1.3333,100,47
670,210,460,180,390,570,2.1667,150,310,460,2.0667,150,270,420,1.8,130,190,320,1.4615,110,140,250,1.2727,100,110,210,1.1,100,47
660,210,440,190,400,590,2.1053,170,300,470,1.7647,160,260,420,1.625,140,180,320,1.2857,110,130,240,1.1818,100,110,210,1.1,100,47
660,220,450,190,380,570,2.0,160,300,460,1.875,160,260,420,1.625,130,180,310,1.3846,120,130,250,1.0833,100,100,200,1.0,100,47
660,210,440,190,390,580,2.0526,170,300,470,1.7647,150,260,410,1.7333,140,190,330,1.3571,110,130,240,1.1818,100,110,210,1.1,100,47
660,220,450,190,390,580,2.0526,160,310,470,1.9375,160,260,420,1.625,130,190,320,1.4615,110,140,250,1.2727,100,110,210,1.1,100,47
670,210,450,180,400,580,2.2222,160,320,480,2.0,150,270,420,1.8,130,200,330,1.5385,110,140,250,1.2727,100,120,220,1.2,100,47
650,220,450,200,390,590,1.95,170,300,470,1.7647,170,260,430,1.5294,140,180,320,1.2857,120,130,250,1.0833,110,100,210,0.90909,101,47
670,200,460,180,400,580,2.2222,160,320,480,2.0,150,270,420,1.8,130,190,320,1.4615,100,140,240,1.4,100,110,210,1.1,101,47
650,210,450,190,390,580,2.0526,170,310,480,1.8235,160,270,430,1.6875,130,190,320,1.4615,120,130,250,1.0833,100,100,200,1.0,100,47
670,200,460,180,400,580,2.2222,150,320,470,2.1333,140,270,410,1.9286,120,200,320,1.6667,100,140,240,1.4,90,120,210,1.3333,100,47
670,210,450,180,420,600,2.3333,160,330,490,2.0625,150,290,440,1.9333,130,210,340,1.6154,110,150,260,1.3636,90,120,210,1.3333,100,47
660,220,450,190,390,580,2.0526,160,300,460,1.875,160,260,420,1.625,130,180,310,1.3846,120,140,260,1.1667,100,100,200,1.0,101,47
660,210,450,190,400,590,2.1053,170,310,480,1.8235,150,260,410,1.7333,140,190,330,1.3571,110,140,250,1.2727,100,120,220,1.2,101,47
660,210,460,190,390,580,2.0526,160,300,460,1.875,160,260,420,1.625,130,180,310,1.3846,120,140,260,1.1667,100,120,220,1.2,101,47
670,200,470,180,400,580,2.2222,160,320,480,2.0,140,280,420,2.0,130,200,330,1.5385,100,140,240,1.4,100,120,220,1.2,102,48
680,200,470,180,410,590,2.2778,170,330,500,1.9412,150,280,430,1.8667,130,200,330,1.5385,110,140,250,1.2727,90,110,200,1.2222,101,48
660,210,450,190,400,590,2.1053,170,320,490,1.8824,160,270,430,1.6875,130,170,300,1.3077,120,120,240,1.0,100,90,190,0.9,101,48
670,210,460,190,420,610,2.2105,160,330,490,2.0625,150,280,430,1.8667,130,200,330,1.5385,110,150,260,1.3636,100,110,210,1.1,101,48
670,210,460,180,400,580,2.2222,160,320,480,2.0,150,270,420,1.8,130,190,320,1.4615,100,140,240,1.4,100,120,220,1.2,101,48
670,210,460,180,410,590,2.2778,170,330,500,1.9412,150,280,430,1.8667,130,200,330,1.5385,110,140,250,1.2727,90,120,210,1.3333,101,48
660,210,460,190,400,590,2.1053,160,310,470,1.9375,160,270,430,1.6875,130,190,320,1.4615,120,140,260,1.1667,100,110,210,1.1,102,48
670,200,470,180,410,590,2.2778,160,320,480,2.0,150,280,430,1.8667,130,200,330,1.5385,100,150,250,1.5,100,120,220,1.2,102,48
680,200,470,190,410,600,2.1579,160,330,490,2.0625,150,280,430,1.8667,130,210,340,1.6154,110,140,250,1.2727,90,120,210,1.3333,102,48
670,210,460,190,400,590,2.1053,170,310,480,1.8235,150,260,410,1.7333,130,180,310,1.3846,120,130,250,1.0833,100,100,200,1.0,102,48
660,210,450,190,400,590,2.1053,160,300,460,1.875,160,260,420,1.625,130,180,310,1.3846,120,130,250,1.0833,100,100,200,1.0,102,48
670,210,470,180,430,610,2.3889,160,340,500,2.125,150,280,430,1.8667,130,200,330,1.5385,100,140,240,1.4,100,120,220,1.2,102,48
680,200,460,180,410,590,2.2778,160,320,480,2.0,150,280,430,1.8667,130,200,330,1.5385,110,140,250,1.2727,90,120,210,1.3333,102,48
670,220,460,190,400,590,2.1053,170,310,480,1.8235,160,260,420,1.625,140,190,330,1.3571,120,130,250,1.0833,110,110,220,1.0,102,48
670,210,460,190,400,590,2.1053,170,320,490,1.8824,160,280,440,1.75,130,200,330,1.5385,120,140,260,1.1667,100,110,210,1.1,102,48
670,210,470,190,400,590,2.1053,160,310,470,1.9375,150,270,420,1.8,140,190,330,1.3571,110,140,250,1.2727,100,110,210,1.1,102,48
670,200,470,180,400,580,2.2222,160,320,480,2.0,150,270,420,1.8,130,200,330,1.5385,110,140,250,1.2727,100,110,210,1.1,102,48
680,200,470,180,410,590,2.2778,160,310,470,1.9375,150,260,410,1.7333,130,180,310,1.3846,110,130,240,1.1818,90,110,200,1.2222,102,48
660,210,450,190,410,600,2.1579,170,330,500,1.9412,160,280,440,1.75,130,200,330,1.5385,110,130,240,1.1818,100,110,210,1.1,101,47
670,210,460,180,400,580,2.2222,150,320,470,2.1333,150,270,420,1.8,120,200,320,1.6667,100,150,250,1.5,90,120,210,1.3333,101,47
680,210,470,180,400,580,2.2222,160,320,480,2.0,150,280,430,1.8667,130,200,330,1.5385,110,150,260,1.3636,100,120,220,1.2,101,47
680,210,470,190,400,590,2.1053,170,320,490,1.8824,150,280,430,1.8667,140,200,340,1.4286,110,140,250,1.2727,100,110,210,1.1,102,47
660,210,460,190,400,590,2.1053,180,310,490,1.7222,160,270,430,1.6875,140,200,340,1.4286,120,140,260,1.1667,100,110,210,1.1,102,47
680,200,480,190,430,620,2.2632,160,340,500,2.125,150,300,450,2.0,130,220,350,1.6923,110,150,260,1.3636,90,130,220,1.4444,102,47
680,200,470,180,410,590,2.2778,160,310,470,1.9375,150,270,420,1.8,130,190,320,1.4615,110,140,250,1.2727,100,100,200,1.0,101,47
670,210,460,190,410,600,2.1579,160,310,470,1.9375,160,270,430,1.6875,130,190,320,1.4615,120,130,250,1.0833,100,100,200,1.0,101,47
670,210,450,190,410,600,2.1579,160,320,480,2.0,150,280,430,1.8667,130,200,330,1.5385,110,150,260,1.3636,100,110,210,1.1,101,47
680,220,470,180,420,600,2.3333,160,330,490,2.0625,150,280,430,1.8667,130,200,330,1.5385,100,150,250,1.5,90,120,210,1.3333,101,47
690,210,480,180,410,590,2.2778,160,330,490,2.0625,150,280,430,1.8667,140,200,340,1.4286,110,150,260,1.3636,100,120,220,1.2,101,47
670,210,470,190,410,600,2.1579,170,310,480,1.8235,150,270,420,1.8,140,200,340,1.4286,110,140,250,1.2727,110,110,220,1.0,101,47
680,200,480,180,410,590,2.2778,160,320,480,2.0,150,280,430,1.8667,130,200,330,1.5385,110,150,260,1.3636,100,120,220,1.2,101,47
670,200,470,180,410,590,2.2778,160,320,480,2.0,150,280,430,1.8667,130,200,330,1.5385,110,140,250,1.2727,100,110,210,1.1,101,47
690,200,480,170,410,580,2.4118,150,330,480,2.2,140,280,420,2.0,130,200,330,1.5385,100,140,240,1.4,90,120,210,1.3333,101,47
630,210,470,190,430,620,2.2632,170,330,500,1.9412,160,280,440,1.75,140,200,340,1.4286,120,140,260,1.1667,100,110,210,1.1,101,47
670,210,460,190,400,590,2.1053,170,310,480,1.8235,160,270,430,1.6875,140,200,340,1.4286,120,130,250,1.0833,100,110,210,1.1,101,47
680,210,470,180,410,590,2.2778,170,320,490,1.8824,150,270,420,1.8,130,200,330,1.5385,110,140,250,1.2727,90,120,210,1.3333,101,47
670,210,470,190,410,600,2.1579,170,320,490,1.8824,160,270,430,1.6875,130,190,320,1.4615,120,140,260,1.1667,100,110,210,1.1,101,47
670,200,470,180,410,590,2.2778,160,320,480,2.0,150,280,430,1.8667,130,200,330,1.5385,110,140,250,1.2727,100,110,210,1.1,101,47
680,200,470,180,410,590,2.2778,150,320,470,2.1333,150,280,430,1.8667,120,200,320,1.6667,110,140,250,1.2727,90,110,200,1.2222,101,47
670,210,470,180,420,600,2.3333,160,330,490,2.0625,150,280,430,1.8667,130,200,330,1.5385,110,140,250,1.2727,100,110,210,1.1,101,47
680,200,470,180,420,600,2.3333,150,320,470,2.1333,140,280,420,2.0,130,200,330,1.5385,100,150,250,1.5,90,120,210,1.3333,101,47
680,210,470,180,410,590,2.2778,160,330,490,2.0625,140,280,420,2.0,130,200,330,1.5385,110,150,260,1.3636,100,120,220,1.2,101,47
680,210,470,190,400,590,2.1053,160,320,480,2.0,150,280,430,1.8667,140,200,340,1.4286,110,140,250,1.2727,100,120,220,1.2,101,47
680,210,470,190,400,590,2.1053,170,320,490,1.8824,160,270,430,1.6875,140,200,340,1.4286,120,140,260,1.1667,100,110,210,1.1,101,47
670,210,470,200,410,610,2.05,180,320,500,1.7778,160,280,440,1.75,140,200,340,1.4286,110,140,250,1.2727,100,120,220,1.2,101,47
690,200,480,180,420,600,2.3333,160,330,490,2.0625,140,280,420,2.0,130,200,330,1.5385,100,140,240,1.4,90,120,210,1.3333,100,47
680,210,470,180,420,600,2.3333,160,330,490,2.0625,150,280,430,1.8667,140,200,340,1.4286,110,140,250,1.2727,100,110,210,1.1,100,47
680,210,470,180,440,620,2.4444,160,350,510,2.1875,150,300,450,2.0,140,210,350,1.5,110,150,260,1.3636,100,120,220,1.2,100,47
670,210,470,190,400,590,2.1053,170,320,490,1.8824,150,280,430,1.8667,140,200,340,1.4286,110,140,250,1.2727,100,120,220,1.2,100,47
670,200,460,180,410,590,2.2778,160,320,480,2.0,150,270,420,1.8,130,200,330,1.5385,120,130,250,1.0833,100,110,210,1.1,101,47
670,210,480,180,420,600,2.3333,160,330,490,2.0625,150,290,440,1.9333,120,210,330,1.75,100,150,250,1.5,90,130,220,1.4444,101,47
680,190,480,180,410,590,2.2778,150,330,480,2.2,140,280,420,2.0,110,200,310,1.8182,100,150,250,1.5,90,120,210,1.3333,101,47
690,200,480,180,410,590,2.2778,150,320,470,2.1333,150,280,430,1.8667,130,200,330,1.5385,110,150,260,1.3636,100,110,210,1.1,100,47
680,210,470,190,420,610,2.2105,160,320,480,2.0,160,270,430,1.6875,130,200,330,1.5385,120,140,260,1.1667,100,110,210,1.1,100,47
690,210,470,190,420,610,2.2105,160,330,490,2.0625,160,280,440,1.75,130,200,330,1.5385,110,140,250,1.2727,100,110,210,1.1,100,47
680,220,460,190,410,600,2.1579,170,320,490,1.8824,160,270,430,1.6875,140,190,330,1.3571,120,130,250,1.0833,100,110,210,1.1,100,47
680,220,470,190,420,610,2.2105,170,330,500,1.9412,160,280,440,1.75,130,200,330,1.5385,110,140,250,1.2727,100,120,220,1.2,100,47
680,210,470,190,420,610,2.2105,170,330,500,1.9412,160,280,440,1.75,130,200,330,1.5385,110,140,250,1.2727,100,120,220,1.2,100,47
690,210,480,190,410,600,2.1579,170,330,500,1.9412,150,280,430,1.8667,130,210,340,1.6154,110,150,260,1.3636,100,120,220,1.2,100,47
680,210,470,200,400,600,2.0,180,320,500,1.7778,160,280,440,1.75,140,200,340,1.4286,120,140,260,1.1667,100,110,210,1.1,100,47
680,210,480,190,410,600,2.1579,170,320,490,1.8824,150,280,430,1.8667,140,190,330,1.3571,110,130,240,1.1818,100,110,210,1.1,100,47
690,200,480,180,430,610,2.3889,160,330,490,2.0625,150,280,430,1.8667,130,200,330,1.5385,100,150,250,1.5,100,120,220,1.2,99,47
680,210,470,190,430,620,2.2632,160,340,500,2.125,150,290,440,1.9333,130,210,340,1.6154,110,150,260,1.3636,100,110,210,1.1,99,47
680,210,470,190,420,610,2.2105,160,330,490,2.0625,150,280,430,1.8667,130,200,330,1.5385,110,150,260,1.3636,100,120,220,1.2,99,47
690,210,480,180,430,610,2.3889,150,340,490,2.2667,150,290,440,1.9333,130,210,340,1.6154,110,150,260,1.3636,90,120,210,1.3333,99,47
690,210,480,200,420,620,2.1,170,330,500,1.9412,160,280,440,1.75,140,200,340,1.4286,120,140,260,1.1667,100,120,220,1.2,99,47
680,210,480,190,410,600,2.1579,170,320,490,1.8824,160,280,440,1.75,130,200,330,1.5385,120,140,260,1.1667,100,110,210,1.1,99,47
690,200,480,180,410,590,2.2778,160,330,490,2.0625,150,280,430,1.8667,130,200,330,1.5385,110,140,250,1.2727,90,120,210,1.3333,99,47
700,210,480,180,440,620,2.4444,160,340,500,2.125,150,290,440,1.9333,130,200,330,1.5385,110,140,250,1.2727,100,120,220,1.2,99,46
700,220,480,190,420,610,2.2105,170,340,510,2.0,160,290,450,1.8125,130,200,330,1.5385,120,140,260,1.1667,100,110,210,1.1,99,46
690,220,470,200,410,610,2.05,180,320,500,1.7778,160,280,440,1.75,140,200,340,1.4286,120,140,260,1.1667,100,110,210,1.1,99,46
700,220,480,190,420,610,2.2105,170,330,500,1.9412,160,280,440,1.75,140,200,340,1.4286,110,150,260,1.3636,110,110,220,1.0,99,46
690,220,480,200,410,610,2.05,170,320,490,1.8824,170,270,440,1.5882,140,200,340,1.4286,120,130,250,1.0833,110,110,220,1.0,99,46
680,210,480,200,410,610,2.05,180,320,500,1.7778,160,280,440,1.75,140,200,340,1.4286,120,140,260,1.1667,100,120,220,1.2,99,46
700,200,490,180,430,610,2.3889,160,330,490,2.0625,140,280,420,2.0,130,200,330,1.5385,100,150,250,1.5,90,120,210,1.3333,99,46
700,210,480,180,420,600,2.3333,160,340,500,2.125,150,280,430,1.8667,130,200,330,1.5385,110,140,250,1.2727,90,120,210,1.3333,98,46
690,220,470,190,430,620,2.2632,170,330,500,1.9412,160,280,440,1.75,140,200,340,1.4286,110,140,250,1.2727,100,120,220,1.2,98,46
680,220,470,190,430,620,2.2632,160,330,490,2.0625,150,280,430,1.8667,140,210,350,1.5,110,150,260,1.3636,100,120,220,1.2,98,46
690,210,480,180,430,610,2.3889,150,330,480,2.2,150,290,440,1.9333,130,210,340,1.6154,110,150,260,1.3636,90,130,220,1.4444,99,46
700,210,490,180,440,620,2.4444,160,350,510,2.1875,150,300,450,2.0,130,220,350,1.6923,110,160,270,1.4545,90,130,220,1.4444,99,46
690,210,480,190,410,600,2.1579,170,320,490,1.8824,150,280,430,1.8667,140,200,340,1.4286,110,150,260,1.3636,100,120,220,1.2,99,46
680,210,470,190,400,590,2.1053,160,310,470,1.9375,150,270,420,1.8,140,190,330,1.3571,110,140,250,1.2727,100,110,210,1.1,99,46
680,210,470,190,410,600,2.1579,160,320,480,2.0,150,270,420,1.8,130,190,320,1.4615,110,140,250,1.2727,100,110,210,1.1,99,46
690,210,470,190,420,610,2.2105,160,320,480,2.0,150,270,420,1.8,130,200,330,1.5385,110,140,250,1.2727,100,110,210,1.1,99,46
680,220,460,190,420,610,2.2105,170,320,490,1.8824,160,280,440,1.75,130,200,330,1.5385,120,140,260,1.1667,100,110,210,1.1,100,46
680,220,460,190,420,610,2.2105,160,320,480,2.0,160,270,430,1.6875,140,200,340,1.4286,120,140,260,1.1667,100,120,220,1.2,100,46
680,220,460,190,400,590,2.1053,160,320,480,2.0,160,270,430,1.6875,130,190,320,1.4615,120,140,260,1.1667,100,110,210,1.1,100,47
680,220,470,200,410,610,2.05,160,320,480,2.0,160,280,440,1.75,130,200,330,1.5385,120,140,260,1.1667,100,110,210,1.1,101,47
680,210,480,200,420,620,2.1,160,330,490,2.0625,160,290,450,1.8125,130,210,340,1.6154,120,140,260,1.1667,100,120,220,1.2,101,47
690,200,470,180,410,590,2.2778,160,320,480,2.0,150,270,420,1.8,130,190,320,1.4615,110,140,250,1.2727,100,110,210,1.1,100,47
670,220,460,190,410,600,2.1579,170,320,490,1.8824,160,270,430,1.6875,130,200,330,1.5385,120,130,250,1.0833,100,110,210,1.1,100,47
680,220,470,200,410,610,2.05,170,320,490,1.8824,160,280,440,1.75,140,200,340,1.4286,120,140,260,1.1667,100,120,220,1.2,100,47
680,210,480,190,410,600,2.1579,170,320,490,1.8824,150,280,430,1.8667,140,200,340,1.4286,110,140,250,1.2727,100,120,220,1.2,100,47
680,200,470,180,410,590,2.2778,160,320,480,2.0,150,280,430,1.8667,130,200,330,1.5385,110,140,250,1.2727,100,120,220,1.2,100,47
680,210,470,180,420,600,2.3333,160,330,490,2.0625,140,280,420,2.0,130,200,330,1.5385,100,150,250,1.5,100,120,220,1.2,99,47
690,210,480,180,430,610,2.3889,150,340,490,2.2667,140,290,430,2.0714,130,210,340,1.6154,100,160,260,1.6,90,120,210,1.3333,99,47
690,210,470,190,410,600,2.1579,160,330,490,2.0625,150,280,430,1.8667,130,200,330,1.5385,110,150,260,1.3636,100,120,220,1.2,99,47
680,220,460,190,410,600,2.1579,160,320,480,2.0,160,280,440,1.75,140,200,340,1.4286,120,140,260,1.1667,100,110,210,1.1,100,47
690,220,470,190,410,600,2.1579,160,320,480,2.0,160,280,440,1.75,130,200,330,1.5385,120,140,260,1.1667,100,110,210,1.1,100,47
680,220,480,200,410,610,2.05,170,320,490,1.8824,170,270,440,1.5882,140,200,340,1.4286,120,130,250,1.0833,110,110,220,1.0,99,47
690,200,480,190,420,610,2.2105,170,330,500,1.9412,160,290,450,1.8125,130,210,340,1.6154,110,140,250,1.2727,90,120,210,1.3333,99,47
680,210,470,180,420,600,2.3333,160,320,480,2.0,150,280,430,1.8667,130,200,330,1.5385,110,140,250,1.2727,100,120,220,1.2,99,47
700,210,480,180,440,620,2.4444,160,340,500,2.125,140,290,430,2.0714,130,210,340,1.6154,100,150,250,1.5,90,120,210,1.3333,98,46
680,220,470,190,420,610,2.2105,170,320,490,1.8824,160,280,440,1.75,130,200,330,1.5385,120,140,260,1.1667,100,110,210,1.1,98,46
690,210,470,190,410,600,2.1579,160,320,480,2.0,160,280,440,1.75,130,200,330,1.5385,120,140,260,1.1667,100,110,210,1.1,98,46
680,220,470,200,400,600,2.0,170,310,480,1.8235,160,270,430,1.6875,140,190,330,1.3571,120,130,250,1.0833,110,110,220,1.0,98,46
680,210,480,210,410,620,1.9524,170,330,500,1.9412,170,290,460,1.7059,140,210,350,1.5,120,140,260,1.1667,100,120,220,1.2,98,46
680,200,470,190,410,600,2.1579,170,330,500,1.9412,150,280,430,1.8667,130,210,340,1.6154,110,140,250,1.2727,90,120,210,1.3333,97,46
690,210,480,180,420,600,2.3333,160,330,490,2.0625,150,290,440,1.9333,130,210,340,1.6154,100,150,250,1.5,90,120,210,1.3333,97,46
690,210,480,180,460,640,2.5556,160,340,500,2.125,150,290,440,1.9333,130,210,340,1.6154,100,150,250,1.5,100,120,220,1.2,97,46
700,210,480,190,430,620,2.2632,160,340,500,2.125,150,280,430,1.8667,130,210,340,1.6154,110,150,260,1.3636,90,120,210,1.3333,97,46
680,220,470,200,410,610,2.05,170,320,490,1.8824,160,280,440,1.75,140,200,340,1.4286,120,140,260,1.1667,100,110,210,1.1,97,46
690,210,480,190,410,600,2.1579,170,340,510,2.0,150,290,440,1.9333,130,210,340,1.6154,110,150,260,1.3636,90,130,220,1.4444,97,46
700,210,480,180,420,600,2.3333,160,330,490,2.0625,150,280,430,1.8667,130,210,340,1.6154,110,150,260,1.3636,100,120,220,1.2,97,46
680,220,480,200,410,610,2.05,170,310,480,1.8235,160,270,430,1.6875,140,190,330,1.3571,120,140,260,1.1667,110,110,220,1.0,97,46
690,200,480,190,410,600,2.1579,160,330,490,2.0625,150,280,430,1.8667,130,200,330,1.5385,110,140,250,1.2727,100,110,210,1.1,97,46
680,210,470,190,410,600,2.1579,170,310,480,1.8235,150,260,410,1.7333,130,180,310,1.3846,110,130,240,1.1818,100,100,200,1.0,96,46
680,210,470,180,410,590,2.2778,170,320,490,1.8824,150,270,420,1.8,130,200,330,1.5385,110,140,250,1.2727,90,120,210,1.3333,96,46
680,210,480,180,420,600,2.3333,160,320,480,2.0,150,270,420,1.8,130,190,320,1.4615,110,140,250,1.2727,90,120,210,1.3333,96,45
690,200,480,180,410,590,2.2778,160,320,480,2.0,150,270,420,1.8,130,190,320,1.4615,110,140,250,1.2727,90,120,210,1.3333,96,45
680,210,480,180,410,590,2.2778,160,310,470,1.9375,150,270,420,1.8,130,190,320,1.4615,110,140,250,1.2727,100,120,220,1.2,96,45
680,200,480,190,400,590,2.1053,160,310,470,1.9375,150,270,420,1.8,130,190,320,1.4615,110,140,250,1.2727,100,120,220,1.2,97,46
680,200,480,180,410,590,2.2778,150,320,470,2.1333,140,270,410,1.9286,120,190,310,1.5833,100,130,230,1.3,90,120,210,1.3333,97,46
680,200,470,180,410,590,2.2778,150,310,460,2.0667,140,260,400,1.8571,120,190,310,1.5833,100,130,230,1.3,90,110,200,1.2222,97,46
680,210,470,180,430,610,2.3889,160,320,480,2.0,150,270,420,1.8,130,190,320,1.4615,100,140,240,1.4,100,120,220,1.2,97,46
670,210,460,180,400,580,2.2222,170,300,470,1.7647,150,260,410,1.7333,140,180,320,1.2857,110,130,240,1.1818,100,110,210,1.1,98,46
660,210,450,190,400,590,2.1053,170,300,470,1.7647,150,260,410,1.7333,130,180,310,1.3846,120,130,250,1.0833,100,110,210,1.1,100,47
670,210,470,190,410,600,2.1579,160,320,480,2.0,150,270,420,1.8,130,190,320,1.4615,110,150,260,1.3636,90,110,200,1.2222,100,47
680,200,480,180,410,590,2.2778,150,320,470,2.1333,140,280,420,2.0,120,200,320,1.6667,100,150,250,1.5,90,120,210,1.3333,101,47
650,200,450,180,400,580,2.2222,150,310,460,2.0667,140,270,410,1.9286,130,190,320,1.4615,100,140,240,1.4,100,120,220,1.2,102,48
660,200,460,190,390,580,2.0526,160,310,470,1.9375,150,260,410,1.7333,130,180,310,1.3846,110,130,240,1.1818,100,110,210,1.1,102,48
650,200,450,180,390,570,2.1667,160,300,460,1.875,150,260,410,1.7333,130,180,310,1.3846,110,130,240,1.1818,100,100,200,1.0,102,48
660,200,450,180,400,580,2.2222,160,310,470,1.9375,140,270,410,1.9286,130,200,330,1.5385,100,140,240,1.4,100,120,220,1.2,103,48
650,210,440,180,380,560,2.1111,160,300,460,1.875,150,260,410,1.7333,130,180,310,1.3846,110,140,250,1.2727,90,110,200,1.2222,103,48
650,210,450,180,390,570,2.1667,160,300,460,1.875,150,250,400,1.6667,130,190,320,1.4615,110,130,240,1.1818,90,110,200,1.2222,103,48
670,200,460,180,400,580,2.2222,160,310,470,1.9375,140,270,410,1.9286,130,200,330,1.5385,100,150,250,1.5,90,120,210,1.3333,103,48
640,210,450,190,380,570,2.0,170,300,470,1.7647,160,260,420,1.625,130,190,320,1.4615,120,130,250,1.0833,100,110,210,1.1,103,48
640,190,440,170,380,550,2.2353,150,300,450,2.0,140,260,400,1.8571,130,190,320,1.4615,100,140,240,1.4,90,120,210,1.3333,103,49
650,200,440,180,390,570,2.1667,160,300,460,1.875,140,260,400,1.8571,130,180,310,1.3846,110,130,240,1.1818,90,110,200,1.2222,103,49
650,210,440,180,390,570,2.1667,160,300,460,1.875,150,260,410,1.7333,130,190,320,1.4615,110,130,240,1.1818,100,110,210,1.1,103,49
640,210,440,190,410,600,2.1579,160,330,490,2.0625,150,290,440,1.9333,130,210,340,1.6154,110,150,260,1.3636,100,130,230,1.3,103,49
650,200,440,180,390,570,2.1667,150,310,460,2.0667,150,270,420,1.8,120,190,310,1.5833,110,140,250,1.2727,90,110,200,1.2222,103,49
640,210,430,190,380,570,2.0,160,300,460,1.875,160,260,420,1.625,130,180,310,1.3846,120,130,250,1.0833,100,100,200,1.0,103,49
660,210,450,190,390,580,2.0526,160,300,460,1.875,160,260,420,1.625,130,190,320,1.4615,110,140,250,1.2727,90,120,210,1.3333,103,49
630,210,430,180,380,560,2.1111,160,300,460,1.875,150,260,410,1.7333,130,190,320,1.4615,110,130,240,1.1818,100,110,210,1.1,103,49
640,200,440,180,370,550,2.0556,160,290,450,1.8125,150,250,400,1.6667,130,180,310,1.3846,110,130,240,1.1818,90,100,190,1.1111,103,49
830,280,580,250,510,760,2.04,220,400,620,1.8182,220,360,580,1.6364,190,260,450,1.3684,160,170,330,1.0625,130,140,270,1.0769,111,64
850,250,590,220,490,710,2.2273,200,380,580,1.9,190,320,510,1.6842,170,230,400,1.3529,140,150,290,1.0714,120,120,240,1.0,110,64
840,260,560,220,560,780,2.5455,200,430,630,2.15,190,360,550,1.8947,180,260,440,1.4444,140,170,310,1.2143,140,120,260,0.85714,110,64
860,280,570,240,530,770,2.2083,230,420,650,1.8261,210,360,570,1.7143,200,260,460,1.3,160,180,340,1.125,150,130,280,0.86667,111,64
860,300,560,250,510,760,2.04,220,410,630,1.8636,210,350,560,1.6667,190,260,450,1.3684,160,190,350,1.1875,130,150,280,1.1538,112,64
850,260,570,240,500,740,2.0833,210,390,600,1.8571,200,350,550,1.75,170,250,420,1.4706,140,180,320,1.2857,120,140,260,1.1667,111,64
870,280,570,230,530,760,2.3043,220,410,630,1.8636,200,350,550,1.75,170,270,440,1.5882,140,180,320,1.2857,130,140,270,1.0769,111,64
830,300,540,260,550,810,2.1154,230,450,680,1.9565,220,390,610,1.7727,180,280,460,1.5556,150,180,330,1.2,110,130,240,1.1818,111,64
850,290,570,250,480,730,1.92,230,370,600,1.6087,220,320,540,1.4545,180,250,430,1.3889,150,170,320,1.1333,140,120,260,0.85714,111,64
860,280,560,260,460,720,1.7692,240,360,600,1.5,230,330,560,1.4348,180,250,430,1.3889,160,170,330,1.0625,150,130,280,0.86667,112,64
840,300,550,280,480,760,1.7143,250,370,620,1.48,230,330,560,1.4348,210,240,450,1.1429,160,160,320,1.0,150,120,270,0.8,112,64
820,280,560,240,570,810,2.375,230,450,680,1.9565,220,370,590,1.6818,190,280,470,1.4737,150,170,320,1.1333,130,130,260,1.0,111,64
860,260,580,220,530,750,2.4091,210,420,630,2.0,180,370,550,2.0556,160,280,440,1.75,130,200,330,1.5385,100,150,250,1.5,111,64
830,280,550,260,470,730,1.8077,220,380,600,1.7273,220,340,560,1.5455,180,250,430,1.3889,160,180,340,1.125,120,140,260,1.1667,111,64
850,280,570,240,470,710,1.9583,230,370,600,1.6087,210,320,530,1.5238,170,250,420,1.4706,150,180,330,1.2,120,150,270,1.25,111,64
840,280,550,250,490,740,1.96,230,370,600,1.6087,200,330,530,1.65,180,250,430,1.3889,140,170,310,1.2143,120,140,260,1.1667,112,64
850,290,560,260,470,730,1.8077,220,370,590,1.6818,210,330,540,1.5714,180,240,420,1.3333,150,170,320,1.1333,120,130,250,1.0833,111,64
850,260,570,240,530,770,2.2083,200,400,600,2.0,200,350,550,1.75,160,250,410,1.5625,130,180,310,1.3846,120,140,260,1.1667,111,64
840,280,560,250,510,760,2.04,220,390,610,1.7727,210,340,550,1.619,190,250,440,1.3158,150,160,310,1.0667,130,130,260,1.0,111,64
860,280,570,240,480,720,2.0,210,360,570,1.7143,210,330,540,1.5714,180,240,420,1.3333,130,180,310,1.3846,120,140,260,1.1667,112,64
810,290,550,260,480,740,1.8462,240,370,610,1.5417,220,310,530,1.4091,190,230,420,1.2105,160,160,320,1.0,140,130,270,0.92857,112,64
870,260,590,240,470,710,1.9583,210,360,570,1.7143,200,310,510,1.55,170,220,390,1.2941,120,160,280,1.3333,110,130,240,1.1818,112,64
860,280,580,300,470,770,1.5667,240,370,610,1.5417,230,310,540,1.3478,200,230,430,1.15,150,170,320,1.1333,130,140,270,1.0769,111,64
820,280,550,250,530,780,2.12,230,390,620,1.6957,220,280,500,1.2727,200,210,410,1.05,150,150,300,1.0,140,120,260,0.85714,111,64
840,270,570,240,510,750,2.125,210,390,600,1.8571,200,340,540,1.7,170,230,400,1.3529,140,170,310,1.2143,110,140,250,1.2727,111,64
830,270,560,250,490,740,1.96,230,390,620,1.6957,200,330,530,1.65,180,230,410,1.2778,140,170,310,1.2143,120,140,260,1.1667,111,64
850,270,570,230,490,720,2.1304,200,390,590,1.95,180,340,520,1.8889,150,240,390,1.6,120,180,300,1.5,110,150,260,1.3636,112,64
850,280,570,240,520,760,2.1667,220,380,600,1.7273,200,330,530,1.65,170,240,410,1.4118,140,180,320,1.2857,110,140,250,1.2727,112,65
850,280,570,280,450,730,1.6071,240,340,580,1.4167,220,280,500,1.2727,200,230,430,1.15,160,170,330,1.0625,130,130,260,1.0,112,65
840,280,560,280,460,740,1.6429,240,370,610,1.5417,230,320,550,1.3913,200,240,440,1.2,170,160,330,0.94118,130,130,260,1.0,112,65
840,280,560,270,460,730,1.7037,240,370,610,1.5417,210,320,530,1.5238,180,230,410,1.2778,150,170,320,1.1333,140,120,260,0.85714,112,65
840,280,550,250,560,810,2.24,230,450,680,1.9565,220,400,620,1.8182,200,270,470,1.35,160,190,350,1.1875,130,140,270,1.0769,112,65
840,290,570,260,490,750,1.8846,230,380,610,1.6522,210,330,540,1.5714,180,250,430,1.3889,150,160,310,1.0667,130,130,260,1.0,112,65
850,270,560,280,480,760,1.7143,230,370,600,1.6087,210,330,540,1.5714,190,240,430,1.2632,150,190,340,1.2667,140,160,300,1.1429,112,65
840,290,560,260,570,830,2.1923,230,390,620,1.6957,220,350,570,1.5909,190,240,430,1.2632,150,170,320,1.1333,140,130,270,0.92857,112,65
840,280,580,260,480,740,1.8462,220,380,600,1.7273,220,340,560,1.5455,190,250,440,1.3158,140,170,310,1.2143,130,130,260,1.0,112,65
840,260,580,260,470,730,1.8077,220,360,580,1.6364,210,330,540,1.5714,180,250,430,1.3889,150,170,320,1.1333,120,140,260,1.1667,112,65
850,260,570,220,490,710,2.2273,210,370,580,1.7619,200,310,510,1.55,170,220,390,1.2941,140,140,280,1.0,120,120,240,1.0,111,65
850,280,580,240,550,790,2.2917,230,400,630,1.7391,200,360,560,1.8,180,270,450,1.5,150,180,330,1.2,120,140,260,1.1667,111,64
860,270,560,250,470,720,1.88,220,380,600,1.7273,210,340,550,1.619,190,240,430,1.2632,160,170,330,1.0625,130,140,270,1.0769,111,64
830,300,540,260,440,700,1.6923,230,350,580,1.5217,220,300,520,1.3636,190,210,400,1.1053,170,150,320,0.88235,140,120,260,0.85714,112,65
860,290,550,250,480,730,1.92,230,370,600,1.6087,220,330,550,1.5,180,250,430,1.3889,150,160,310,1.0667,120,120,240,1.0,112,65
830,310,540,300,470,770,1.5667,260,350,610,1.3462,240,310,550,1.2917,210,220,430,1.0476,180,150,330,0.8333299999999999,140,120,260,0.85714,112,65
880,260,600,230,530,760,2.3043,210,410,620,1.9524,180,360,540,2.0,170,250,420,1.4706,130,180,310,1.3846,110,150,260,1.3636,110,64
820,280,570,250,510,760,2.04,230,380,610,1.6522,220,340,560,1.5455,210,240,450,1.1429,180,160,340,0.88889,150,120,270,0.8,110,64
860,250,590,240,560,800,2.3333,220,420,640,1.9091,200,370,570,1.85,170,280,450,1.6471,140,190,330,1.3571,120,140,260,1.1667,111,64
870,270,570,250,530,780,2.12,220,420,640,1.9091,210,360,570,1.7143,180,270,450,1.5,140,180,320,1.2857,130,140,270,1.0769,111,64
850,280,580,300,490,790,1.6333,230,380,610,1.6522,220,340,560,1.5455,190,250,440,1.3158,150,190,340,1.2667,140,140,280,1.0,110,64
850,270,570,250,530,780,2.12,210,380,590,1.8095,200,340,540,1.7,170,230,400,1.3529,160,170,330,1.0625,120,120,240,1.0,110,64
850,280,570,250,530,780,2.12,220,410,630,1.8636,220,370,590,1.6818,180,260,440,1.4444,150,180,330,1.2,140,140,280,1.0,109,63
840,280,570,260,480,740,1.8462,220,370,590,1.6818,220,310,530,1.4091,190,230,420,1.2105,150,160,310,1.0667,130,130,260,1.0,109,63
850,270,560,250,470,720,1.88,220,370,590,1.6818,220,320,540,1.4545,190,230,420,1.2105,140,160,300,1.1429,130,140,270,1.0769,110,63
860,290,560,260,470,730,1.8077,230,370,600,1.6087,200,320,520,1.6,190,230,420,1.2105,150,170,320,1.1333,120,140,260,1.1667,110,63
850,300,570,270,450,720,1.6667,240,350,590,1.4583,220,310,530,1.4091,200,240,440,1.2,160,170,330,1.0625,130,130,260,1.0,110,64
860,280,590,300,470,770,1.5667,250,360,610,1.44,240,310,550,1.2917,210,230,440,1.0952,160,170,330,1.0625,140,130,270,0.92857,110,64
850,270,560,250,540,790,2.16,240,400,640,1.6667,220,340,560,1.5455,180,240,420,1.3333,160,170,330,1.0625,130,130,260,1.0,109,63
850,270,560,250,500,750,2.0,220,390,610,1.7727,210,340,550,1.619,170,240,410,1.4118,140,170,310,1.2143,120,140,260,1.1667,109,63
850,290,560,250,480,730,1.92,230,370,600,1.6087,220,320,540,1.4545,180,230,410,1.2778,160,170,330,1.0625,130,140,270,1.0769,109,63
860,290,570,260,490,750,1.8846,240,380,620,1.5833,210,330,540,1.5714,190,250,440,1.3158,150,180,330,1.2,120,140,260,1.1667,109,63
850,270,580,240,500,740,2.0833,230,390,620,1.6957,200,340,540,1.7,180,230,410,1.2778,150,170,320,1.1333,130,130,260,1.0,108,63
860,280,570,240,480,720,2.0,230,380,610,1.6522,210,320,530,1.5238,180,230,410,1.2778,150,170,320,1.1333,120,140,260,1.1667,108,63
850,290,560,280,440,720,1.5714,250,360,610,1.44,230,330,560,1.4348,200,240,440,1.2,160,170,330,1.0625,140,120,260,0.85714,108,63
830,290,540,260,480,740,1.8462,240,350,590,1.4583,220,320,540,1.4545,210,220,430,1.0476,160,160,320,1.0,140,120,260,0.85714,110,64
860,290,570,250,490,740,1.96,230,370,600,1.6087,210,330,540,1.5714,180,250,430,1.3889,140,170,310,1.2143,130,120,250,0.92308,109,64
840,290,570,250,460,710,1.84,240,350,590,1.4583,210,310,520,1.4762,180,210,390,1.1667,150,150,300,1.0,130,120,250,0.92308,109,64
850,280,570,250,500,750,2.0,230,390,620,1.6957,210,330,540,1.5714,170,240,410,1.4118,140,170,310,1.2143,120,140,260,1.1667,110,64
850,280,570,250,480,730,1.92,220,360,580,1.6364,210,330,540,1.5714,190,240,430,1.2632,150,160,310,1.0667,130,120,250,0.92308,110,64
860,280,570,260,500,760,1.9231,230,380,610,1.6522,210,340,550,1.619,180,240,420,1.3333,140,160,300,1.1429,130,140,270,1.0769,111,64
840,290,550,270,470,740,1.7407,250,350,600,1.4,230,320,550,1.3913,200,230,430,1.15,160,160,320,1.0,130,130,260,1.0,111,65
840,280,560,260,470,730,1.8077,230,360,590,1.5652,210,310,520,1.4762,180,230,410,1.2778,140,150,290,1.0714,130,120,250,0.92308,110,64
640,280,580,240,590,830,2.4583,220,420,640,1.9091,200,340,540,1.7,190,240,430,1.2632,140,170,310,1.2143,130,130,260,1.0,110,64
860,270,570,240,470,710,1.9583,210,370,580,1.7619,200,320,520,1.6,170,230,400,1.3529,140,170,310,1.2143,120,130,250,1.0833,111,65
840,290,560,270,460,730,1.7037,220,350,570,1.5909,220,300,520,1.3636,190,230,420,1.2105,160,160,320,1.0,150,110,260,0.73333,112,65
870,280,570,260,480,740,1.8462,230,380,610,1.6522,210,320,530,1.5238,180,240,420,1.3333,140,180,320,1.2857,130,140,270,1.0769,112,65
850,270,570,260,470,730,1.8077,230,360,590,1.5652,210,300,510,1.4286,180,230,410,1.2778,150,160,310,1.0667,120,120,240,1.0,111,65
850,280,570,300,430,730,1.4333,240,310,550,1.2917,230,250,480,1.087,200,160,360,0.8,160,120,280,0.75,140,110,250,0.78571,111,65
840,280,570,250,480,730,1.92,220,370,590,1.6818,210,320,530,1.5238,180,220,400,1.2222,140,160,300,1.1429,140,120,260,0.85714,112,65
860,270,570,290,490,780,1.6897,240,390,630,1.625,220,350,570,1.5909,180,250,430,1.3889,150,190,340,1.2667,140,150,290,1.0714,112,65
830,290,560,260,470,730,1.8077,230,360,590,1.5652,210,310,520,1.4762,180,230,410,1.2778,150,170,320,1.1333,120,130,250,1.0833,110,65
860,270,580,230,510,740,2.2174,210,380,590,1.8095,190,330,520,1.7368,170,250,420,1.4706,140,170,310,1.2143,110,140,250,1.2727,110,65
850,280,570,260,490,750,1.8846,230,380,610,1.6522,210,330,540,1.5714,180,230,410,1.2778,150,170,320,1.1333,120,120,240,1.0,109,64
850,280,550,290,450,740,1.5517,240,350,590,1.4583,230,330,560,1.4348,200,240,440,1.2,160,170,330,1.0625,130,130,260,1.0,110,64
850,300,540,260,550,810,2.1154,250,410,660,1.64,220,350,570,1.5909,190,250,440,1.3158,160,170,330,1.0625,150,130,280,0.86667,110,65
820,310,550,290,470,760,1.6207,260,360,620,1.3846,230,320,550,1.3913,200,230,430,1.15,170,170,340,1.0,140,120,260,0.85714,110,65
840,270,580,290,470,760,1.6207,230,370,600,1.6087,230,320,550,1.3913,200,240,440,1.2,150,170,320,1.1333,120,140,260,1.1667,110,64
840,260,570,230,500,730,2.1739,210,370,580,1.7619,200,340,540,1.7,170,250,420,1.4706,130,160,290,1.2308,120,130,250,1.0833,110,64
830,300,550,270,470,740,1.7407,240,360,600,1.5,230,320,550,1.3913,190,220,410,1.1579,160,160,320,1.0,140,110,250,0.78571,110,64
860,280,580,250,530,780,2.12,220,410,630,1.8636,220,350,570,1.5909,180,250,430,1.3889,140,160,300,1.1429,120,130,250,1.0833,111,65
850,280,560,260,510,770,1.9615,230,390,620,1.6957,220,350,570,1.5909,200,240,440,1.2,150,170,320,1.1333,130,140,270,1.0769,111,65
860,290,580,260,490,750,1.8846,250,390,640,1.56,230,330,560,1.4348,200,260,460,1.3,160,180,340,1.125,120,130,250,1.0833,111,65
860,270,580,240,490,730,2.0417,210,390,600,1.8571,190,330,520,1.7368,170,250,420,1.4706,140,170,310,1.2143,110,120,230,1.0909,111,65
840,310,560,270,490,760,1.8148,240,360,600,1.5,220,330,550,1.5,190,250,440,1.3158,160,170,330,1.0625,140,120,260,0.85714,111,65
850,280,550,260,490,750,1.8846,230,390,620,1.6957,220,340,560,1.5455,180,250,430,1.3889,160,170,330,1.0625,130,120,250,0.92308,112,65
840,310,560,280,480,760,1.7143,240,380,620,1.5833,240,330,570,1.375,210,240,450,1.1429,160,160,320,1.0,150,130,280,0.86667,111,65
850,280,580,300,460,760,1.5333,250,350,600,1.4,230,300,530,1.3043,200,240,440,1.2,160,180,340,1.125,130,140,270,1.0769,111,65
840,270,560,240,480,720,2.0,220,360,580,1.6364,210,320,530,1.5238,170,220,390,1.2941,150,150,300,1.0,140,120,260,0.85714,111,65
860,280,570,240,540,780,2.25,210,400,610,1.9048,210,350,560,1.6667,170,250,420,1.4706,140,170,310,1.2143,130,140,270,1.0769,111,65
840,290,550,290,560,850,1.931,250,430,680,1.72,240,370,610,1.5417,210,270,480,1.2857,160,180,340,1.125,150,130,280,0.86667,111,65
860,290,570,250,470,720,1.88,230,370,600,1.6087,200,310,510,1.55,170,240,410,1.4118,160,160,320,1.0,120,130,250,1.0833,112,65
840,290,560,260,440,700,1.6923,240,320,560,1.3333,220,280,500,1.2727,200,190,390,0.95,170,120,290,0.7058800000000001,130,90,220,0.69231,112,65
860,280,580,260,490,750,1.8846,230,370,600,1.6087,210,320,530,1.5238,180,240,420,1.3333,140,160,300,1.1429,120,120,240,1.0,112,65
840,280,570,300,460,760,1.5333,240,390,630,1.625,230,340,570,1.4783,190,240,430,1.2632,150,160,310,1.0667,140,130,270,0.92857,112,65
870,270,580,230,500,730,2.1739,200,390,590,1.95,190,330,520,1.7368,160,230,390,1.4375,130,170,300,1.3077,110,140,250,1.2727,111,65
840,290,560,260,500,760,1.9231,230,390,620,1.6957,210,320,530,1.5238,180,230,410,1.2778,150,160,310,1.0667,140,130,270,0.92857,111,65
860,280,580,250,590,840,2.36,220,430,650,1.9545,200,370,570,1.85,170,270,440,1.5882,120,190,310,1.5833,90,140,230,1.5556,112,65
850,280,560,250,460,710,1.84,230,360,590,1.5652,210,300,510,1.4286,180,220,400,1.2222,160,160,320,1.0,140,120,260,0.85714,112,65
850,290,540,260,440,700,1.6923,250,330,580,1.32,230,290,520,1.2609,190,230,420,1.2105,170,170,340,1.0,150,120,270,0.8,113,66
830,310,560,260,460,720,1.7692,240,360,600,1.5,230,290,520,1.2609,200,210,410,1.05,150,150,300,1.0,130,120,250,0.92308,113,66
860,270,410,250,380,630,1.52,220,300,520,1.3636,190,270,460,1.4211,170,210,380,1.2353,130,160,290,1.2308,110,130,240,1.1818,112,66
850,290,550,240,530,770,2.2083,220,380,600,1.7273,200,330,530,1.65,190,240,430,1.2632,160,160,320,1.0,120,130,250,1.0833,112,65
840,300,560,250,460,710,1.84,240,370,610,1.5417,210,310,520,1.4762,190,240,430,1.2632,150,160,310,1.0667,130,110,240,0.84615,112,65
850,280,570,260,450,710,1.7308,230,350,580,1.5217,210,300,510,1.4286,170,220,390,1.2941,140,160,300,1.1429,130,130,260,1.0,112,66
850,280,550,260,490,750,1.8846,230,380,610,1.6522,210,330,540,1.5714,180,240,420,1.3333,140,170,310,1.2143,140,120,260,0.85714,112,66
840,300,550,250,490,740,1.96,240,370,610,1.5417,210,310,520,1.4762,190,230,420,1.2105,160,150,310,0.9375,140,120,260,0.85714,112,66
850,260,570,240,490,730,2.0417,200,380,580,1.9,200,320,520,1.6,170,230,400,1.3529,130,170,300,1.3077,130,130,260,1.0,110,65
850,280,560,250,480,730,1.92,220,380,600,1.7273,210,320,530,1.5238,170,230,400,1.3529,150,160,310,1.0667,130,130,260,1.0,111,65
850,290,560,240,500,740,2.0833,230,370,600,1.6087,210,320,530,1.5238,180,240,420,1.3333,140,160,300,1.1429,120,130,250,1.0833,111,66
860,290,570,250,480,730,1.92,220,370,590,1.6818,220,320,540,1.4545,190,220,410,1.1579,160,160,320,1.0,130,130,260,1.0,111,66
850,290,560,260,490,750,1.8846,240,380,620,1.5833,210,330,540,1.5714,190,240,430,1.2632,150,170,320,1.1333,130,130,260,1.0,111,66
850,280,570,250,460,710,1.84,240,350,590,1.4583,210,310,520,1.4762,180,210,390,1.1667,160,150,310,0.9375,140,120,260,0.85714,110,65
840,280,570,260,520,780,2.0,230,400,630,1.7391,210,330,540,1.5714,180,250,430,1.3889,160,160,320,1.0,130,130,260,1.0,110,65
850,270,570,250,510,760,2.04,220,380,600,1.7273,220,320,540,1.4545,180,240,420,1.3333,150,170,320,1.1333,130,120,250,0.92308,110,65
860,280,560,260,480,740,1.8462,230,350,580,1.5217,210,310,520,1.4762,180,230,410,1.2778,150,160,310,1.0667,140,130,270,0.92857,110,65
860,300,570,250,500,750,2.0,230,380,610,1.6522,230,330,560,1.4348,200,250,450,1.25,150,170,320,1.1333,140,140,280,1.0,110,65
840,280,570,250,530,780,2.12,220,400,620,1.8182,220,310,530,1.4091,190,210,400,1.1053,160,160,320,1.0,130,120,250,0.92308,109,64
850,270,570,250,510,760,2.04,220,390,610,1.7727,220,340,560,1.5455,170,250,420,1.4706,140,170,310,1.2143,140,120,260,0.85714,108,64
860,280,580,240,500,740,2.0833,220,390,610,1.7727,220,330,550,1.5,180,240,420,1.3333,150,170,320,1.1333,130,130,260,1.0,108,64
860,280,570,250,490,740,1.96,230,370,600,1.6087,210,330,540,1.5714,170,240,410,1.4118,160,170,330,1.0625,130,140,270,1.0769,109,64
870,290,570,260,500,760,1.9231,230,370,600,1.6087,220,320,540,1.4545,190,240,430,1.2632,150,160,310,1.0667,150,110,260,0.73333,109,64
890,280,590,300,500,800,1.6667,240,390,630,1.625,230,350,580,1.5217,180,260,440,1.4444,160,180,340,1.125,130,150,280,1.1538,109,64
830,300,470,250,480,730,1.92,240,370,610,1.5417,230,320,550,1.3913,190,230,420,1.2105,170,150,320,0.88235,130,120,250,0.92308,107,63
860,360,570,240,490,730,2.0417,210,370,580,1.7619,210,340,550,1.619,170,240,410,1.4118,140,170,310,1.2143,130,130,260,1.0,107,63
870,290,560,250,490,740,1.96,220,370,590,1.6818,210,330,540,1.5714,180,240,420,1.3333,150,170,320,1.1333,130,130,260,1.0,107,63
840,310,540,280,450,730,1.6071,240,340,580,1.4167,230,300,530,1.3043,190,210,400,1.1053,160,150,310,0.9375,130,120,250,0.92308,107,63
850,300,550,260,480,740,1.8462,240,370,610,1.5417,220,320,540,1.4545,180,220,400,1.2222,160,170,330,1.0625,130,130,260,1.0,107,63
860,300,560,260,450,710,1.7308,220,360,580,1.6364,220,320,540,1.4545,180,240,420,1.3333,150,170,320,1.1333,140,130,270,0.92857,108,63
840,270,580,240,480,720,2.0,220,370,590,1.6818,210,320,530,1.5238,180,240,420,1.3333,150,160,310,1.0667,130,110,240,0.84615,107,63
860,290,570,250,460,710,1.84,230,330,560,1.4348,220,270,490,1.2273,180,200,380,1.1111,160,140,300,0.875,130,110,240,0.84615,107,63
850,290,570,260,520,780,2.0,230,400,630,1.7391,210,350,560,1.6667,190,250,440,1.3158,150,190,340,1.2667,130,140,270,1.0769,108,63
860,280,560,270,450,720,1.6667,230,350,580,1.5217,230,300,530,1.3043,200,220,420,1.1,170,140,310,0.8235299999999999,130,110,240,0.84615,108,63
840,300,560,270,470,740,1.7407,240,360,600,1.5,220,320,540,1.4545,190,220,410,1.1579,170,150,320,0.88235,140,120,260,0.85714,108,63
870,280,590,300,480,780,1.6,240,370,610,1.5417,230,320,550,1.3913,180,240,420,1.3333,160,180,340,1.125,140,140,280,1.0,108,63
850,280,570,260,470,730,1.8077,220,350,570,1.5909,220,310,530,1.4091,170,220,390,1.2941,140,160,300,1.1429,130,130,260,1.0,107,63
850,280,560,240,570,810,2.375,220,440,660,2.0,210,370,580,1.7619,190,270,460,1.4211,140,180,320,1.2857,130,140,270,1.0769,107,63
840,290,570,250,490,740,1.96,220,360,580,1.6364,210,310,520,1.4762,180,230,410,1.2778,150,170,320,1.1333,120,120,240,1.0,107,63
860,270,570,250,480,730,1.92,220,380,600,1.7273,200,330,530,1.65,170,240,410,1.4118,140,170,310,1.2143,130,130,260,1.0,108,63
800,290,560,260,480,740,1.8462,230,370,600,1.6087,210,320,530,1.5238,180,240,420,1.3333,140,160,300,1.1429,130,120,250,0.92308,108,63
840,280,560,240,460,700,1.9167,210,360,570,1.7143,200,310,510,1.55,170,230,400,1.3529,140,170,310,1.2143,120,130,250,1.0833,107,63
850,280,570,230,580,810,2.5217,220,420,640,1.9091,200,360,560,1.8,170,250,420,1.4706,130,180,310,1.3846,120,130,250,1.0833,107,63
860,280,570,240,480,720,2.0,210,360,570,1.7143,210,330,540,1.5714,180,240,420,1.3333,150,170,320,1.1333,120,140,260,1.1667,108,63
840,290,570,260,490,750,1.8846,230,370,600,1.6087,220,320,540,1.4545,190,240,430,1.2632,160,170,330,1.0625,130,120,250,0.92308,108,63
850,270,570,250,490,740,1.96,220,370,590,1.6818,200,310,510,1.55,170,240,410,1.4118,140,160,300,1.1429,120,140,260,1.1667,108,64
850,280,580,240,490,730,2.0417,210,370,580,1.7619,200,330,530,1.65,170,250,420,1.4706,130,170,300,1.3077,120,140,260,1.1667,108,64
890,270,590,290,480,770,1.6552,220,360,580,1.6364,210,310,520,1.4762,180,240,420,1.3333,140,160,300,1.1429,120,120,240,1.0,108,64
840,300,560,270,450,720,1.6667,240,340,580,1.4167,220,310,530,1.4091,190,220,410,1.1579,160,140,300,0.875,150,110,260,0.73333,108,63
830,280,570,240,580,820,2.4167,230,420,650,1.8261,210,310,520,1.4762,180,230,410,1.2778,150,160,310,1.0667,120,120,240,1.0,108,63
860,260,590,230,510,740,2.2174,200,390,590,1.95,180,340,520,1.8889,170,250,420,1.4706,130,180,310,1.3846,110,150,260,1.3636,108,63
860,270,580,250,480,730,1.92,210,360,570,1.7143,200,320,520,1.6,180,240,420,1.3333,150,160,310,1.0667,130,130,260,1.0,108,63
860,280,550,260,470,730,1.8077,230,360,590,1.5652,200,310,510,1.55,170,230,400,1.3529,140,160,300,1.1429,130,130,260,1.0,109,64
840,310,560,260,470,730,1.8077,240,360,600,1.5,230,300,530,1.3043,190,220,410,1.1579,170,160,330,0.94118,130,120,250,0.92308,109,64
870,280,580,300,470,770,1.5667,240,360,600,1.5,220,320,540,1.4545,180,230,410,1.2778,150,180,330,1.2,120,150,270,1.25,109,64
840,290,560,250,470,720,1.88,230,350,580,1.5217,210,300,510,1.4286,180,220,400,1.2222,150,160,310,1.0667,140,120,260,0.85714,108,64
840,280,500,240,500,740,2.0833,220,380,600,1.7273,200,320,520,1.6,180,230,410,1.2778,140,160,300,1.1429,110,130,240,1.1818,107,63
870,340,580,250,570,820,2.28,220,420,640,1.9091,200,360,560,1.8,170,260,430,1.5294,140,190,330,1.3571,110,150,260,1.3636,107,63
840,290,550,260,450,710,1.7308,230,360,590,1.5652,230,310,540,1.3478,180,220,400,1.2222,150,160,310,1.0667,140,110,250,0.78571,107,63
860,290,560,260,450,710,1.7308,230,330,560,1.4348,210,280,490,1.3333,180,200,380,1.1111,150,140,290,0.93333,140,100,240,0.71429,108,63
840,300,560,260,460,720,1.7692,230,330,560,1.4348,220,300,520,1.3636,200,220,420,1.1,170,140,310,0.8235299999999999,140,110,250,0.78571,108,63
860,280,580,300,470,770,1.5667,240,390,630,1.625,220,360,580,1.6364,190,250,440,1.3158,150,170,320,1.1333,130,150,280,1.1538,108,63
840,280,580,270,450,720,1.6667,220,340,560,1.5455,220,310,530,1.4091,180,220,400,1.2222,140,160,300,1.1429,120,130,250,1.0833,107,63
840,260,570,230,480,710,2.087,220,360,580,1.6364,190,320,510,1.6842,180,220,400,1.2222,150,150,300,1.0,110,120,230,1.0909,107,63
840,270,570,240,580,820,2.4167,210,440,650,2.0952,200,370,570,1.85,150,270,420,1.8,150,190,340,1.2667,120,150,270,1.25,107,63
870,270,590,230,470,700,2.0435,210,380,590,1.8095,180,330,510,1.8333,160,240,400,1.5,130,180,310,1.3846,120,140,260,1.1667,107,63
850,280,560,260,440,700,1.6923,230,330,560,1.4348,210,290,500,1.381,180,220,400,1.2222,160,170,330,1.0625,130,120,250,0.92308,107,63
850,290,560,260,470,730,1.8077,230,360,590,1.5652,210,310,520,1.4762,180,210,390,1.1667,150,160,310,1.0667,130,120,250,0.92308,108,63
860,290,590,280,480,760,1.7143,240,370,610,1.5417,230,310,540,1.3478,200,220,420,1.1,150,170,320,1.1333,130,130,260,1.0,108,63
850,270,580,260,470,730,1.8077,230,360,590,1.5652,220,310,530,1.4091,190,230,420,1.2105,150,170,320,1.1333,140,130,270,0.92857,107,63
830,270,540,240,480,720,2.0,210,340,550,1.619,190,280,470,1.4737,170,200,370,1.1765,140,140,280,1.0,130,120,250,0.92308,107,63
840,290,550,260,560,820,2.1538,230,420,650,1.8261,220,370,590,1.6818,180,280,460,1.5556,170,200,370,1.1765,140,170,310,1.2143,107,63
850,290,570,250,470,720,1.88,220,370,590,1.6818,220,320,540,1.4545,180,220,400,1.2222,140,160,300,1.1429,130,120,250,0.92308,107,63
850,280,550,270,440,710,1.6296,230,360,590,1.5652,230,310,540,1.3478,180,240,420,1.3333,150,160,310,1.0667,140,120,260,0.85714,108,63
850,300,570,250,470,720,1.88,230,350,580,1.5217,210,310,520,1.4762,200,210,410,1.05,150,150,300,1.0,140,120,260,0.85714,109,64
860,280,580,270,460,730,1.7037,240,360,600,1.5,230,310,540,1.3478,190,220,410,1.1579,160,160,320,1.0,130,130,260,1.0,108,64
860,270,570,230,520,750,2.2609,200,380,580,1.9,200,330,530,1.65,160,250,410,1.5625,130,160,290,1.2308,110,130,240,1.1818,108,64
830,290,550,250,440,690,1.76,230,330,560,1.4348,220,280,500,1.2727,200,210,410,1.05,160,150,310,0.9375,140,120,260,0.85714,108,63
860,280,580,240,490,730,2.0417,210,370,580,1.7619,200,320,520,1.6,170,230,400,1.3529,140,170,310,1.2143,120,140,260,1.1667,109,64
850,280,550,250,430,680,1.72,220,340,560,1.5455,220,300,520,1.3636,190,220,410,1.1579,150,160,310,1.0667,130,120,250,0.92308,109,64
860,300,570,250,470,720,1.88,240,350,590,1.4583,220,310,530,1.4091,190,220,410,1.1579,160,170,330,1.0625,120,130,250,1.0833,108,64
840,260,570,240,490,730,2.0417,230,370,600,1.6087,210,310,520,1.4762,180,220,400,1.2222,150,150,300,1.0,140,120,260,0.85714,107,63
850,270,580,230,590,820,2.5652,220,400,620,1.8182,200,330,530,1.65,170,240,410,1.4118,140,160,300,1.1429,130,120,250,0.92308,107,63
880,270,570,250,460,710,1.84,220,370,590,1.6818,220,320,540,1.4545,180,230,410,1.2778,150,170,320,1.1333,130,140,270,1.0769,108,63
830,310,560,260,450,710,1.7308,250,350,600,1.4,220,300,520,1.3636,190,210,400,1.1053,160,150,310,0.9375,140,110,250,0.78571,108,63
870,270,590,290,490,780,1.6897,250,370,620,1.48,210,320,530,1.5238,180,260,440,1.4444,160,190,350,1.1875,120,150,270,1.25,107,63
850,280,580,230,500,730,2.1739,210,380,590,1.8095,190,330,520,1.7368,180,240,420,1.3333,140,160,300,1.1429,110,130,240,1.1818,107,63
860,270,580,250,500,750,2.0,220,370,590,1.6818,200,330,530,1.65,170,240,410,1.4118,140,160,300,1.1429,120,130,250,1.0833,107,63
860,280,570,270,580,850,2.1481,240,440,680,1.8333,220,370,590,1.6818,190,260,450,1.3684,150,180,330,1.2,140,140,280,1.0,107,63
840,290,560,250,480,730,1.92,230,360,590,1.5652,210,310,520,1.4762,200,220,420,1.1,160,140,300,0.875,130,120,250,0.92308,107,63
870,280,580,250,460,710,1.84,230,340,570,1.4783,210,280,490,1.3333,190,200,390,1.0526,160,140,300,0.875,120,110,230,0.91667,108,63
840,290,570,260,470,730,1.8077,230,350,580,1.5217,230,300,530,1.3043,190,220,410,1.1579,160,140,300,0.875,140,110,250,0.78571,107,63
870,270,590,290,480,770,1.6552,250,380,630,1.52,220,340,560,1.5455,190,250,440,1.3158,160,170,330,1.0625,140,150,290,1.0714,106,62
850,280,580,240,540,780,2.25,230,380,610,1.6522,210,340,550,1.619,180,230,410,1.2778,140,160,300,1.1429,130,110,240,0.84615,106,62
860,270,570,250,520,770,2.08,220,390,610,1.7727,220,340,560,1.5455,180,240,420,1.3333,150,150,300,1.0,140,130,270,0.92857,106,62
840,290,560,250,570,820,2.28,220,450,670,2.0455,210,370,580,1.7619,180,260,440,1.4444,120,170,290,1.4167,100,130,230,1.3,106,62
860,280,570,250,470,720,1.88,210,360,570,1.7143,210,320,530,1.5238,180,230,410,1.2778,150,170,320,1.1333,120,130,250,1.0833,107,62
850,290,570,270,440,710,1.6296,230,320,550,1.3913,230,270,500,1.1739,190,260,450,1.3684,160,180,340,1.125,130,130,260,1.0,106,63
870,280,580,250,490,740,1.96,220,370,590,1.6818,200,310,510,1.55,180,230,410,1.2778,140,180,320,1.2857,130,140,270,1.0769,106,63
850,280,560,270,570,840,2.1111,240,420,660,1.75,230,360,590,1.5652,200,250,450,1.25,160,170,330,1.0625,140,120,260,0.85714,106,62
840,290,560,250,500,750,2.0,230,370,600,1.6087,210,310,520,1.4762,180,230,410,1.2778,160,160,320,1.0,130,120,250,0.92308,106,62
850,280,580,240,480,720,2.0,220,380,600,1.7273,200,330,530,1.65,170,240,410,1.4118,140,190,330,1.3571,120,160,280,1.3333,106,62
870,270,570,240,490,730,2.0417,210,370,580,1.7619,190,330,520,1.7368,160,240,400,1.5,130,170,300,1.3077,120,140,260,1.1667,106,62
860,300,570,260,450,710,1.7308,240,370,610,1.5417,230,330,560,1.4348,180,240,420,1.3333,160,160,320,1.0,130,130,260,1.0,107,63
860,290,570,260,480,740,1.8462,230,360,590,1.5652,210,310,520,1.4762,180,210,390,1.1667,150,160,310,1.0667,120,120,240,1.0,107,63
840,280,580,250,590,840,2.36,220,450,670,2.0455,220,380,600,1.7273,170,260,430,1.5294,140,180,320,1.2857,140,120,260,0.85714,106,62
860,260,580,240,500,740,2.0833,220,370,590,1.6818,200,330,530,1.65,180,230,410,1.2778,140,160,300,1.1429,130,130,260,1.0,106,62
850,280,570,260,480,740,1.8462,220,390,610,1.7727,210,350,560,1.6667,180,270,450,1.5,150,160,310,1.0667,130,130,260,1.0,106,62
870,280,590,240,510,750,2.125,210,380,590,1.8095,200,330,530,1.65,180,230,410,1.2778,140,170,310,1.2143,120,130,250,1.0833,107,62
860,280,580,260,530,790,2.0385,230,390,620,1.6957,220,320,540,1.4545,200,240,440,1.2,160,170,330,1.0625,130,120,250,0.92308,107,63
870,280,580,250,480,730,1.92,230,370,600,1.6087,220,320,540,1.4545,190,240,430,1.2632,160,170,330,1.0625,140,130,270,0.92857,107,63
870,250,590,230,600,830,2.6087,200,430,630,2.15,200,370,570,1.85,160,260,420,1.625,130,170,300,1.3077,120,130,250,1.0833,106,62
870,280,580,250,550,800,2.2,230,410,640,1.7826,200,360,560,1.8,170,260,430,1.5294,150,180,330,1.2,130,140,270,1.0769,106,62
860,290,580,260,490,750,1.8846,230,400,630,1.7391,230,340,570,1.4783,180,240,420,1.3333,150,160,310,1.0667,130,130,260,1.0,106,62
860,280,570,250,460,710,1.84,240,360,600,1.5,210,320,530,1.5238,190,230,420,1.2105,150,160,310,1.0667,130,130,260,1.0,106,62
870,290,580,260,480,740,1.8462,220,350,570,1.5909,220,320,540,1.4545,190,230,420,1.2105,160,150,310,0.9375,140,120,260,0.85714,106,62
850,290,580,300,480,780,1.6,250,370,620,1.48,240,320,560,1.3333,200,240,440,1.2,160,160,320,1.0,130,130,260,1.0,106,62
870,280,590,260,550,810,2.1154,240,420,660,1.75,220,390,610,1.7727,190,260,450,1.3684,170,180,350,1.0588,140,140,280,1.0,105,62
870,280,580,270,520,790,1.9259,240,400,640,1.6667,220,350,570,1.5909,190,260,450,1.3684,170,180,350,1.0588,140,140,280,1.0,105,62
870,290,560,260,530,790,2.0385,240,410,650,1.7083,230,360,590,1.5652,200,260,460,1.3,180,180,360,1.0,130,140,270,1.0769,106,62
850,280,570,300,490,790,1.6333,270,370,640,1.3704,240,340,580,1.4167,210,240,450,1.1429,170,170,340,1.0,150,140,290,0.93333,105,62
570,280,550,240,560,800,2.3333,210,420,630,2.0,200,360,560,1.8,180,250,430,1.3889,150,170,320,1.1333,120,120,240,1.0,104,61
860,290,590,250,480,730,1.92,220,380,600,1.7273,220,340,560,1.5455,190,230,420,1.2105,150,170,320,1.1333,140,140,280,1.0,104,61
860,270,570,240,490,730,2.0417,230,370,600,1.6087,210,320,530,1.5238,180,250,430,1.3889,140,180,320,1.2857,130,140,270,1.0769,105,61
870,290,590,240,490,730,2.0417,220,390,610,1.7727,200,340,540,1.7,190,240,430,1.2632,150,180,330,1.2,130,140,270,1.0769,105,62
870,280,590,260,480,740,1.8462,220,380,600,1.7273,210,320,530,1.5238,190,240,430,1.2632,160,180,340,1.125,140,140,280,1.0,105,62
870,280,600,300,500,800,1.6667,250,370,620,1.48,230,340,570,1.4783,190,240,430,1.2632,150,180,330,1.2,120,130,250,1.0833,104,61
870,300,580,260,530,790,2.0385,230,400,630,1.7391,210,340,550,1.619,170,240,410,1.4118,140,170,310,1.2143,130,130,260,1.0,104,61
850,290,560,260,480,740,1.8462,230,360,590,1.5652,210,320,530,1.5238,190,220,410,1.1579,150,160,310,1.0667,130,130,260,1.0,104,61
870,290,570,260,460,720,1.7692,230,360,590,1.5652,210,320,530,1.5238,180,220,400,1.2222,150,170,320,1.1333,140,130,270,0.92857,105,61
870,300,580,250,590,840,2.36,230,410,640,1.7826,220,350,570,1.5909,180,260,440,1.4444,150,180,330,1.2,130,130,260,1.0,105,62
850,290,580,290,470,760,1.6207,250,340,590,1.36,230,300,530,1.3043,200,200,400,1.0,160,130,290,0.8125,140,90,230,0.64286,104,62
880,270,590,290,480,770,1.6552,230,370,600,1.6087,220,330,550,1.5,190,250,440,1.3158,150,170,320,1.1333,120,140,260,1.1667,104,61
850,290,560,250,480,730,1.92,220,350,570,1.5909,220,320,540,1.4545,180,230,410,1.2778,160,160,320,1.0,130,120,250,0.92308,104,61
870,290,570,240,470,710,1.9583,230,360,590,1.5652,200,310,510,1.55,180,230,410,1.2778,150,160,310,1.0667,120,130,250,1.0833,104,61
860,300,570,270,440,710,1.6296,220,350,570,1.5909,220,300,520,1.3636,180,210,390,1.1667,150,150,300,1.0,130,120,250,0.92308,105,62
850,290,570,260,480,740,1.8462,240,360,600,1.5,210,300,510,1.4286,190,220,410,1.1579,170,160,330,0.94118,140,120,260,0.85714,105,62
880,280,600,270,490,760,1.8148,220,370,590,1.6818,210,320,530,1.5238,170,230,400,1.3529,140,170,310,1.2143,130,160,290,1.2308,105,62
860,280,600,300,460,760,1.5333,240,370,610,1.5417,210,310,520,1.4762,200,230,430,1.15,160,160,320,1.0,140,120,260,0.85714,105,62
860,260,480,240,490,730,2.0417,210,390,600,1.8571,200,340,540,1.7,170,230,400,1.3529,140,170,310,1.2143,120,140,260,1.1667,105,62
860,380,580,260,520,780,2.0,230,400,630,1.7391,210,340,550,1.619,180,250,430,1.3889,150,160,310,1.0667,130,130,260,1.0,105,62
850,280,580,240,470,710,1.9583,220,360,580,1.6364,210,300,510,1.4286,190,230,420,1.2105,150,150,300,1.0,120,120,240,1.0,105,62
870,270,580,250,460,710,1.84,220,370,590,1.6818,200,320,520,1.6,170,220,390,1.2941,140,170,310,1.2143,130,140,270,1.0769,105,62
870,290,580,260,510,770,1.9615,230,380,610,1.6522,210,320,530,1.5238,190,230,420,1.2105,150,160,310,1.0667,140,130,270,0.92857,106,62
850,290,580,280,470,750,1.6786,240,360,600,1.5,220,310,530,1.4091,210,230,440,1.0952,180,150,330,0.8333299999999999,140,120,260,0.85714,106,62
860,270,580,290,470,760,1.6207,240,360,600,1.5,220,310,530,1.4091,190,240,430,1.2632,150,170,320,1.1333,140,130,270,0.92857,105,62
860,280,580,240,520,760,2.1667,210,400,610,1.9048,200,330,530,1.65,170,240,410,1.4118,140,170,310,1.2143,120,130,250,1.0833,105,62
850,280,570,250,580,830,2.32,230,430,660,1.8696,210,370,580,1.7619,190,270,460,1.4211,150,180,330,1.2,140,150,290,1.0714,105,62
860,280,580,250,500,750,2.0,220,380,600,1.7273,200,330,530,1.65,170,240,410,1.4118,140,160,300,1.1429,120,120,240,1.0,105,62
850,280,570,280,460,740,1.6429,240,350,590,1.4583,220,310,530,1.4091,190,220,410,1.1579,160,160,320,1.0,130,120,250,0.92308,105,62
880,280,580,240,510,750,2.125,230,380,610,1.6522,200,350,550,1.75,170,240,410,1.4118,140,170,310,1.2143,120,150,270,1.25,106,62
850,300,560,270,460,730,1.7037,240,370,610,1.5417,230,330,560,1.4348,190,230,420,1.2105,160,160,320,1.0,150,130,280,0.86667,106,62
860,270,570,250,490,740,1.96,220,370,590,1.6818,210,330,540,1.5714,180,230,410,1.2778,150,160,310,1.0667,120,110,230,0.91667,105,62
860,270,570,250,490,740,1.96,220,380,600,1.7273,220,340,560,1.5455,170,250,420,1.4706,150,170,320,1.1333,130,140,270,1.0769,105,62
860,290,580,260,460,720,1.7692,230,340,570,1.4783,210,310,520,1.4762,190,230,420,1.2105,150,170,320,1.1333,140,140,280,1.0,105,62
870,280,580,250,480,730,1.92,220,370,590,1.6818,210,320,530,1.5238,170,240,410,1.4118,150,170,320,1.1333,130,130,260,1.0,106,62
880,290,580,290,520,810,1.7931,250,390,640,1.56,220,330,550,1.5,190,250,440,1.3158,170,180,350,1.0588,130,130,260,1.0,105,62
900,250,590,220,530,750,2.4091,190,390,580,2.0526,170,340,510,2.0,160,250,410,1.5625,120,170,290,1.4167,100,140,240,1.4,105,62
850,280,580,250,470,720,1.88,220,370,590,1.6818,210,320,530,1.5238,180,230,410,1.2778,160,170,330,1.0625,130,120,250,0.92308,104,62
870,270,590,260,480,740,1.8462,220,370,590,1.6818,220,350,570,1.5909,180,250,430,1.3889,140,180,320,1.2857,130,150,280,1.1538,105,62
870,280,570,250,500,750,2.0,230,380,610,1.6522,210,330,540,1.5714,180,240,420,1.3333,150,170,320,1.1333,140,130,270,0.92857,105,62
570,300,560,280,470,750,1.6786,250,350,600,1.4,230,310,540,1.3478,200,220,420,1.1,170,150,320,0.88235,140,120,260,0.85714,105,62
850,280,580,230,510,740,2.2174,210,390,600,1.8571,210,330,540,1.5714,180,240,420,1.3333,150,170,320,1.1333,120,120,240,1.0,104,62
860,290,590,240,480,720,2.0,230,370,600,1.6087,210,320,530,1.5238,180,240,420,1.3333,140,160,300,1.1429,130,130,260,1.0,104,61
850,270,570,280,490,770,1.75,240,400,640,1.6667,220,340,560,1.5455,200,240,440,1.2,160,170,330,1.0625,130,140,270,1.0769,104,62
870,280,580,250,500,750,2.0,220,370,590,1.6818,220,330,550,1.5,170,250,420,1.4706,140,170,310,1.2143,130,140,270,1.0769,105,62
870,290,590,250,480,730,1.92,230,370,600,1.6087,220,320,540,1.4545,190,230,420,1.2105,150,160,310,1.0667,120,140,260,1.1667,104,62
850,280,570,300,460,760,1.5333,240,350,590,1.4583,240,310,550,1.2917,210,220,430,1.0476,180,160,340,0.88889,150,120,270,0.8,104,61
860,280,580,240,570,810,2.375,220,400,620,1.8182,210,340,550,1.619,170,250,420,1.4706,140,180,320,1.2857,120,140,260,1.1667,104,61
860,290,590,240,480,720,2.0,230,370,600,1.6087,200,320,520,1.6,170,240,410,1.4118,160,160,320,1.0,130,130,260,1.0,104,61
870,270,600,250,500,750,2.0,220,380,600,1.7273,220,330,550,1.5,170,230,400,1.3529,150,170,320,1.1333,130,120,250,0.92308,104,61
880,270,580,250,450,700,1.8,230,350,580,1.5217,220,310,530,1.4091,180,230,410,1.2778,160,150,310,0.9375,130,120,250,0.92308,105,62
860,300,580,280,470,750,1.6786,250,370,620,1.48,240,320,560,1.3333,210,230,440,1.0952,160,150,310,0.9375,140,120,260,0.85714,104,62
850,280,590,300,470,770,1.5667,240,350,590,1.4583,230,300,530,1.3043,210,200,410,0.95238,170,140,310,0.8235299999999999,140,90,230,0.64286,104,62
870,260,590,230,530,760,2.3043,220,390,610,1.7727,190,350,540,1.8421,170,240,410,1.4118,140,180,320,1.2857,120,140,260,1.1667,104,61
860,280,590,250,470,720,1.88,230,360,590,1.5652,200,330,530,1.65,180,240,420,1.3333,150,170,320,1.1333,120,140,260,1.1667,105,62
870,270,580,260,470,730,1.8077,210,370,580,1.7619,210,320,530,1.5238,170,240,410,1.4118,150,160,310,1.0667,130,130,260,1.0,105,62
860,290,560,270,460,730,1.7037,240,350,590,1.4583,230,300,530,1.3043,210,220,430,1.0476,160,160,320,1.0,130,130,260,1.0,105,62
860,300,580,260,490,750,1.8846,240,380,620,1.5833,220,330,550,1.5,180,230,410,1.2778,160,170,330,1.0625,130,120,250,0.92308,104,62
860,280,580,300,460,760,1.5333,250,350,600,1.4,230,300,530,1.3043,200,220,420,1.1,150,170,320,1.1333,130,140,270,1.0769,104,62
850,280,570,240,520,760,2.1667,220,380,600,1.7273,200,320,520,1.6,190,240,430,1.2632,140,160,300,1.1429,130,130,260,1.0,104,61
860,280,500,240,510,750,2.125,220,380,600,1.7273,200,350,550,1.75,170,240,410,1.4118,140,170,310,1.2143,130,140,270,1.0769,104,61
870,360,580,260,520,780,2.0,240,390,630,1.625,220,340,560,1.5455,190,240,430,1.2632,150,160,310,1.0667,130,130,260,1.0,104,61
810,290,550,260,460,720,1.7692,230,350,580,1.5217,230,290,520,1.2609,200,210,410,1.05,170,150,320,0.88235,150,110,260,0.73333,104,61
900,260,610,220,490,710,2.2273,190,380,570,2.0,190,320,510,1.6842,160,250,410,1.5625,130,170,300,1.3077,90,140,230,1.5556,104,61
860,290,580,270,480,750,1.7778,230,360,590,1.5652,220,320,540,1.4545,190,230,420,1.2105,160,170,330,1.0625,140,120,260,0.85714,104,61
860,280,580,300,470,770,1.5667,250,360,610,1.44,240,310,550,1.2917,190,240,430,1.2632,160,160,320,1.0,130,120,250,0.92308,104,61
860,280,570,240,500,740,2.0833,220,380,600,1.7273,200,320,520,1.6,180,230,410,1.2778,160,160,320,1.0,130,110,240,0.84615,103,61
840,290,570,250,510,760,2.04,230,380,610,1.6522,210,330,540,1.5714,200,240,440,1.2,170,160,330,0.94118,130,130,260,1.0,103,61
860,270,580,240,590,830,2.4583,210,430,640,2.0476,210,370,580,1.7619,180,260,440,1.4444,150,190,340,1.2667,140,150,290,1.0714,103,61
840,280,580,240,480,720,2.0,210,350,560,1.6667,210,320,530,1.5238,180,230,410,1.2778,140,150,290,1.0714,120,120,240,1.0,103,61
890,260,590,240,480,720,2.0,220,350,570,1.5909,190,310,500,1.6316,170,220,390,1.2941,140,150,290,1.0714,120,150,270,1.25,104,61
870,300,580,270,490,760,1.8148,230,370,600,1.6087,220,330,550,1.5,190,240,430,1.2632,160,160,320,1.0,130,130,260,1.0,104,61
860,280,570,240,510,750,2.125,220,370,590,1.6818,210,330,540,1.5714,180,240,420,1.3333,160,170,330,1.0625,130,120,250,0.92308,103,61
850,290,580,250,520,770,2.08,220,390,610,1.7727,210,330,540,1.5714,190,240,430,1.2632,160,160,320,1.0,130,130,260,1.0,103,61
860,270,590,240,600,840,2.5,210,420,630,2.0,190,370,560,1.9474,160,270,430,1.6875,110,190,300,1.7273,110,150,260,1.3636,103,61
880,270,590,240,490,730,2.0417,210,360,570,1.7143,200,330,530,1.65,170,230,400,1.3529,130,170,300,1.3077,120,130,250,1.0833,103,61
860,290,570,260,430,690,1.6538,250,330,580,1.32,220,280,500,1.2727,190,230,420,1.2105,160,160,320,1.0,130,130,260,1.0,103,61
860,290,590,270,480,750,1.7778,230,380,610,1.6522,220,330,550,1.5,190,220,410,1.1579,150,170,320,1.1333,140,130,270,0.92857,103,61
850,270,540,290,440,730,1.5172,240,340,580,1.4167,220,310,530,1.4091,190,220,410,1.1579,160,170,330,1.0625,130,130,260,1.0,103,61
860,310,590,250,560,810,2.24,210,400,610,1.9048,190,350,540,1.8421,170,260,430,1.5294,140,180,320,1.2857,110,130,240,1.1818,102,60
900,270,570,240,500,740,2.0833,220,380,600,1.7273,210,340,550,1.619,180,250,430,1.3889,140,160,300,1.1429,130,140,270,1.0769,102,60
830,330,540,280,490,770,1.75,250,350,600,1.4,250,320,570,1.28,210,230,440,1.0952,180,150,330,0.8333299999999999,150,120,270,0.8,102,60
600,290,560,260,480,740,1.8462,230,370,600,1.6087,220,320,540,1.4545,190,230,420,1.2105,160,160,320,1.0,130,130,260,1.0,102,60
850,290,580,270,470,740,1.7407,250,360,610,1.44,230,320,550,1.3913,200,210,410,1.05,170,150,320,0.88235,150,120,270,0.8,103,61
850,270,590,290,460,750,1.5862,240,350,590,1.4583,220,320,540,1.4545,190,220,410,1.1579,150,160,310,1.0667,140,130,270,0.92857,102,61
870,260,580,240,590,830,2.4583,200,440,640,2.2,190,370,560,1.9474,170,270,440,1.5882,140,190,330,1.3571,130,140,270,1.0769,102,60
850,290,560,240,520,760,2.1667,230,380,610,1.6522,210,330,540,1.5714,180,230,410,1.2778,150,160,310,1.0667,120,130,250,1.0833,102,60
870,290,580,240,480,720,2.0,230,380,610,1.6522,200,330,530,1.65,170,250,420,1.4706,140,180,320,1.2857,130,130,260,1.0,103,61
860,290,560,250,460,710,1.84,240,360,600,1.5,220,310,530,1.4091,190,220,410,1.1579,150,160,310,1.0667,140,110,250,0.78571,103,61
880,300,580,270,480,750,1.7778,240,370,610,1.5417,220,320,540,1.4545,190,240,430,1.2632,160,160,320,1.0,130,120,250,0.92308,104,61
860,300,580,270,480,750,1.7778,240,360,600,1.5,230,310,540,1.3478,200,210,410,1.05,160,150,310,0.9375,140,120,260,0.85714,103,61
850,280,570,300,460,760,1.5333,250,340,590,1.36,230,310,540,1.3478,190,210,400,1.1053,160,140,300,0.875,140,120,260,0.85714,103,61
850,280,570,240,580,820,2.4167,210,450,660,2.1429,210,370,580,1.7619,170,270,440,1.5882,140,170,310,1.2143,130,130,260,1.0,103,61
860,280,580,240,530,770,2.2083,210,390,600,1.8571,210,330,540,1.5714,180,240,420,1.3333,150,170,320,1.1333,130,120,250,0.92308,103,61
850,280,570,250,480,730,1.92,220,380,600,1.7273,200,340,540,1.7,180,230,410,1.2778,150,160,310,1.0667,120,140,260,1.1667,104,61
880,280,580,250,480,730,1.92,210,370,580,1.7619,200,310,510,1.55,170,230,400,1.3529,150,160,310,1.0667,120,130,250,1.0833,104,61
850,300,560,260,470,730,1.8077,230,350,580,1.5217,220,300,520,1.3636,190,210,400,1.1053,160,140,300,0.875,130,110,240,0.84615,105,62
870,290,580,290,490,780,1.6897,230,380,610,1.6522,210,320,530,1.5238,180,230,410,1.2778,160,160,320,1.0,140,130,270,0.92857,104,62
850,270,560,250,570,820,2.28,220,440,660,2.0,200,360,560,1.8,170,250,420,1.4706,140,170,310,1.2143,120,130,250,1.0833,104,61
860,290,590,240,520,760,2.1667,220,390,610,1.7727,200,350,550,1.75,170,240,410,1.4118,140,170,310,1.2143,130,130,260,1.0,104,61
860,270,570,250,470,720,1.88,240,380,620,1.5833,210,330,540,1.5714,190,220,410,1.1579,170,160,330,0.94118,140,130,270,0.92857,104,61
850,290,570,250,470,720,1.88,220,360,580,1.6364,220,310,530,1.4091,180,230,410,1.2778,150,150,300,1.0,140,110,250,0.78571,105,62
870,280,570,240,480,720,2.0,220,360,580,1.6364,210,310,520,1.4762,180,230,410,1.2778,160,170,330,1.0625,130,120,250,0.92308,105,62
860,300,570,270,470,740,1.7407,230,360,590,1.5652,230,320,550,1.3913,200,220,420,1.1,170,160,330,0.94118,150,120,270,0.8,104,62
850,270,570,240,580,820,2.4167,210,450,660,2.1429,210,380,590,1.8095,180,260,440,1.4444,130,170,300,1.3077,130,130,260,1.0,104,61
850,280,590,230,500,730,2.1739,220,380,600,1.7273,200,320,520,1.6,180,240,420,1.3333,150,170,320,1.1333,120,130,250,1.0833,104,61
870,260,600,240,510,750,2.125,210,390,600,1.8571,200,350,550,1.75,170,260,430,1.5294,140,190,330,1.3571,120,140,260,1.1667,104,61
880,270,570,250,480,730,1.92,230,350,580,1.5217,210,320,530,1.5238,180,230,410,1.2778,150,160,310,1.0667,140,130,270,0.92857,104,61
850,310,560,270,500,770,1.8519,240,360,600,1.5,220,320,540,1.4545,190,220,410,1.1579,170,150,320,0.88235,140,110,250,0.78571,104,61
880,290,590,260,490,750,1.8846,230,370,600,1.6087,210,330,540,1.5714,190,230,420,1.2105,160,160,320,1.0,120,120,240,1.0,105,62
860,280,580,250,590,840,2.36,220,450,670,2.0455,200,390,590,1.95,180,250,430,1.3889,150,170,320,1.1333,130,130,260,1.0,103,61
840,280,570,250,500,750,2.0,220,390,610,1.7727,210,320,530,1.5238,180,230,410,1.2778,160,160,320,1.0,140,130,270,0.92857,103,61
870,270,600,240,490,730,2.0417,220,390,610,1.7727,210,330,540,1.5714,180,250,430,1.3889,150,170,320,1.1333,120,140,260,1.1667,103,61
870,270,590,250,470,720,1.88,220,370,590,1.6818,210,330,540,1.5714,180,240,420,1.3333,140,170,310,1.2143,140,130,270,0.92857,104,61
850,280,570,260,560,820,2.1538,240,420,660,1.75,230,340,570,1.4783,190,260,450,1.3684,160,170,330,1.0625,140,140,280,1.0,104,61
870,280,590,300,490,790,1.6333,250,390,640,1.56,220,340,560,1.5455,200,250,450,1.25,170,180,350,1.0588,130,140,270,1.0769,103,61
850,280,570,240,510,750,2.125,220,400,620,1.8182,210,350,560,1.6667,190,250,440,1.3158,160,170,330,1.0625,130,130,260,1.0,103,61
870,280,580,240,560,800,2.3333,220,440,660,2.0,210,370,580,1.7619,170,280,450,1.6471,150,190,340,1.2667,130,150,280,1.1538,103,61
860,290,580,260,500,760,1.9231,230,390,620,1.6957,210,350,560,1.6667,180,260,440,1.4444,150,180,330,1.2,130,130,260,1.0,104,61
880,290,590,260,520,780,2.0,230,390,620,1.6957,220,330,550,1.5,180,240,420,1.3333,150,160,310,1.0667,130,130,260,1.0,104,61
860,290,590,280,480,760,1.7143,250,370,620,1.48,230,320,550,1.3913,200,240,440,1.2,170,170,340,1.0,150,120,270,0.8,105,61
870,270,590,290,490,780,1.6897,230,380,610,1.6522,230,330,560,1.4348,200,230,430,1.15,160,180,340,1.125,140,140,280,1.0,104,61
850,280,510,260,500,760,1.9231,230,380,610,1.6522,210,320,530,1.5238,180,230,410,1.2778,150,160,310,1.0667,130,120,250,0.92308,104,61
910,250,620,230,520,750,2.2609,190,400,590,2.1053,180,360,540,2.0,150,260,410,1.7333,120,190,310,1.5833,100,140,240,1.4,104,61
870,290,590,250,480,730,1.92,220,370,590,1.6818,220,320,540,1.4545,180,250,430,1.3889,140,170,310,1.2143,140,140,280,1.0,105,61
890,280,590,300,500,800,1.6667,240,380,620,1.5833,240,330,570,1.375,200,270,470,1.35,160,190,350,1.1875,130,150,280,1.1538,105,62
870,270,590,230,480,710,2.087,210,390,600,1.8571,200,340,540,1.7,170,230,400,1.3529,140,170,310,1.2143,110,130,240,1.1818,104,61
840,300,580,260,470,730,1.8077,230,360,590,1.5652,230,310,540,1.3478,200,220,420,1.1,160,160,320,1.0,140,130,270,0.92857,105,61
890,260,600,230,480,710,2.087,210,380,590,1.8095,190,330,520,1.7368,180,250,430,1.3889,140,180,320,1.2857,120,130,250,1.0833,105,62
880,290,590,260,520,780,2.0,220,380,600,1.7273,220,340,560,1.5455,190,230,420,1.2105,150,170,320,1.1333,140,130,270,0.92857,105,62
850,290,570,260,470,730,1.8077,230,360,590,1.5652,220,320,540,1.4545,190,230,420,1.2105,170,150,320,0.88235,140,130,270,0.92857,104,61
870,280,590,250,510,760,2.04,220,390,610,1.7727,200,330,530,1.65,170,230,400,1.3529,140,150,290,1.0714,120,130,250,1.0833,104,61
860,280,570,260,580,840,2.2308,220,440,660,2.0,210,380,590,1.8095,200,260,460,1.3,160,180,340,1.125,130,140,270,1.0769,104,61
860,290,570,260,460,720,1.7692,220,370,590,1.6818,200,320,520,1.6,180,230,410,1.2778,160,160,320,1.0,130,130,260,1.0,104,61
880,290,590,260,470,730,1.8077,210,370,580,1.7619,210,310,520,1.4762,180,210,390,1.1667,130,160,290,1.2308,120,130,250,1.0833,105,61
880,290,590,250,480,730,1.92,240,360,600,1.5,210,310,520,1.4762,180,220,400,1.2222,150,170,320,1.1333,140,120,260,0.85714,104,61
870,260,580,240,470,710,1.9583,210,370,580,1.7619,190,330,520,1.7368,180,230,410,1.2778,150,170,320,1.1333,120,140,260,1.1667,103,61
860,290,580,250,490,740,1.96,220,380,600,1.7273,220,330,550,1.5,170,240,410,1.4118,150,160,310,1.0667,140,130,270,0.92857,103,61
870,280,580,240,590,830,2.4583,210,440,650,2.0952,190,390,580,2.0526,160,270,430,1.6875,130,180,310,1.3846,130,150,280,1.1538,103,61
870,290,580,270,460,730,1.7037,220,350,570,1.5909,220,310,530,1.4091,190,230,420,1.2105,150,160,310,1.0667,150,110,260,0.73333,103,61
880,290,570,260,450,710,1.7308,240,340,580,1.4167,230,290,520,1.2609,200,210,410,1.05,170,170,340,1.0,140,130,270,0.92857,104,61
840,310,560,260,490,750,1.8846,250,350,600,1.4,230,300,530,1.3043,210,220,430,1.0476,170,140,310,0.8235299999999999,140,120,260,0.85714,103,61
890,280,610,300,530,830,1.7667,240,410,650,1.7083,220,360,580,1.6364,190,270,460,1.4211,140,200,340,1.4286,130,160,290,1.2308,103,61
850,280,570,250,470,720,1.88,220,360,580,1.6364,220,310,530,1.4091,190,230,420,1.2105,140,160,300,1.1429,140,130,270,0.92857,103,61
870,280,590,230,510,740,2.2174,220,380,600,1.7273,200,320,520,1.6,180,230,410,1.2778,150,160,310,1.0667,130,130,260,1.0,103,61
850,280,580,250,590,840,2.36,230,430,660,1.8696,200,370,570,1.85,170,250,420,1.4706,140,170,310,1.2143,90,130,220,1.4444,103,61
880,270,590,240,480,720,2.0,210,370,580,1.7619,210,330,540,1.5714,180,230,410,1.2778,150,180,330,1.2,120,130,250,1.0833,103,61
850,290,570,260,450,710,1.7308,230,350,580,1.5217,220,300,520,1.3636,190,220,410,1.1579,160,160,320,1.0,140,120,260,0.85714,104,61
890,280,600,240,500,740,2.0833,210,380,590,1.8095,210,340,550,1.619,180,250,430,1.3889,140,170,310,1.2143,120,140,260,1.1667,104,61
830,290,580,240,490,730,2.0417,220,370,590,1.6818,200,330,530,1.65,180,240,420,1.3333,140,170,310,1.2143,130,130,260,1.0,103,61
880,250,600,230,550,780,2.3913,190,400,590,2.1053,180,350,530,1.9444,160,270,430,1.6875,130,190,320,1.4615,110,150,260,1.3636,103,61
860,280,590,240,540,780,2.25,220,400,620,1.8182,200,360,560,1.8,190,270,460,1.4211,160,200,360,1.25,120,170,290,1.4167,103,61
860,270,570,240,470,710,1.9583,210,370,580,1.7619,210,320,530,1.5238,170,240,410,1.4118,140,170,310,1.2143,120,130,250,1.0833,102,60
870,290,570,250,460,710,1.84,220,380,600,1.7273,210,350,560,1.6667,180,240,420,1.3333,150,180,330,1.2,130,130,260,1.0,103,61
870,300,570,260,470,730,1.8077,230,360,590,1.5652,210,310,520,1.4762,180,230,410,1.2778,150,150,300,1.0,130,120,250,0.92308,103,61
860,260,590,230,530,760,2.3043,210,400,610,1.9048,200,350,550,1.75,180,260,440,1.4444,150,180,330,1.2,120,150,270,1.25,103,61
870,270,580,240,510,750,2.125,210,390,600,1.8571,210,330,540,1.5714,180,250,430,1.3889,150,170,320,1.1333,130,140,270,1.0769,103,61
860,290,560,250,510,760,2.04,230,380,610,1.6522,220,340,560,1.5455,180,260,440,1.4444,150,190,340,1.2667,140,130,270,0.92857,102,60
870,300,590,250,470,720,1.88,230,360,590,1.5652,210,300,510,1.4286,180,220,400,1.2222,150,160,310,1.0667,130,130,260,1.0,103,61
850,280,570,250,480,730,1.92,230,360,590,1.5652,220,310,530,1.4091,200,220,420,1.1,150,160,310,1.0667,130,130,260,1.0,104,61
870,280,590,250,480,730,1.92,220,360,580,1.6364,220,310,530,1.4091,170,230,400,1.3529,140,170,310,1.2143,140,120,260,0.85714,104,61
880,280,600,300,480,780,1.6,240,380,620,1.5833,220,330,550,1.5,200,250,450,1.25,150,180,330,1.2,140,130,270,0.92857,104,61
840,280,350,260,360,620,1.3846,230,360,590,1.5652,210,310,520,1.4762,190,220,410,1.1579,160,160,320,1.0,140,110,250,0.78571,104,61
860,290,570,260,510,770,1.9615,230,390,620,1.6957,210,350,560,1.6667,190,220,410,1.1579,150,140,290,0.93333,130,110,240,0.84615,104,61
850,290,570,250,460,710,1.84,230,350,580,1.5217,220,310,530,1.4091,190,210,400,1.1053,160,160,320,1.0,140,120,260,0.85714,104,61
870,280,600,240,470,710,1.9583,220,370,590,1.6818,210,320,530,1.5238,190,240,430,1.2632,150,160,310,1.0667,120,130,250,1.0833,105,61
860,270,580,260,450,710,1.7308,220,330,550,1.5,210,290,500,1.381,180,200,380,1.1111,150,140,290,0.93333,130,110,240,0.84615,105,61
870,280,590,300,470,770,1.5667,240,370,610,1.5417,230,320,550,1.3913,190,230,420,1.2105,150,170,320,1.1333,150,140,290,0.93333,104,61
840,280,580,250,510,760,2.04,230,370,600,1.6087,210,320,530,1.5238,180,230,410,1.2778,140,160,300,1.1429,130,120,250,0.92308,104,61
870,260,580,240,500,740,2.0833,210,380,590,1.8095,190,320,510,1.6842,170,240,410,1.4118,150,170,320,1.1333,110,130,240,1.1818,104,61
860,290,580,250,510,760,2.04,220,370,590,1.6818,210,330,540,1.5714,180,240,420,1.3333,150,170,320,1.1333,130,130,260,1.0,104,61
860,280,560,250,470,720,1.88,240,350,590,1.4583,210,310,520,1.4762,190,220,410,1.1579,160,140,300,0.875,140,110,250,0.78571,104,61
850,300,570,250,490,740,1.96,220,370,590,1.6818,220,320,540,1.4545,180,230,410,1.2778,160,170,330,1.0625,130,120,250,0.92308,105,61
870,280,590,260,460,720,1.7692,220,360,580,1.6364,220,300,520,1.3636,190,220,410,1.1579,140,160,300,1.1429,120,130,250,1.0833,105,61
870,280,600,300,480,780,1.6,240,370,610,1.5417,230,320,550,1.3913,200,240,440,1.2,160,170,330,1.0625,130,130,260,1.0,104,61
840,270,550,250,490,740,1.96,220,350,570,1.5909,200,300,500,1.5,180,210,390,1.1667,160,150,310,0.9375,120,120,240,1.0,104,61
860,290,580,250,490,740,1.96,220,370,590,1.6818,200,320,520,1.6,170,230,400,1.3529,140,160,300,1.1429,130,130,260,1.0,104,61
860,280,570,260,480,740,1.8462,230,360,590,1.5652,210,320,530,1.5238,190,230,420,1.2105,160,160,320,1.0,130,130,260,1.0,104,61
850,290,580,250,480,730,1.92,230,350,580,1.5217,210,300,510,1.4286,180,220,400,1.2222,160,160,320,1.0,130,110,240,0.84615,104,61
860,270,580,240,510,750,2.125,210,370,580,1.7619,210,330,540,1.5714,180,230,410,1.2778,140,160,300,1.1429,130,130,260,1.0,105,62
860,280,570,270,460,730,1.7037,240,350,590,1.4583,210,290,500,1.381,180,210,390,1.1667,160,140,300,0.875,130,100,230,0.76923,105,62
870,290,600,280,490,770,1.75,230,370,600,1.6087,220,330,550,1.5,200,250,450,1.25,160,160,320,1.0,130,130,260,1.0,104,61
840,270,560,240,470,710,1.9583,220,340,560,1.5455,210,290,500,1.381,190,220,410,1.1579,160,150,310,0.9375,120,120,240,1.0,104,61
860,280,570,250,500,750,2.0,210,380,590,1.8095,210,330,540,1.5714,160,230,390,1.4375,140,170,310,1.2143,120,130,250,1.0833,104,61
850,290,570,250,470,720,1.88,230,360,590,1.5652,220,320,540,1.4545,190,230,420,1.2105,150,150,300,1.0,120,120,240,1.0,104,61
860,280,580,240,500,740,2.0833,210,380,590,1.8095,190,320,510,1.6842,170,240,410,1.4118,150,160,310,1.0667,130,130,260,1.0,104,61
850,280,570,250,500,750,2.0,220,370,590,1.6818,220,330,550,1.5,180,240,420,1.3333,150,160,310,1.0667,120,130,250,1.0833,105,62
870,280,580,240,450,690,1.875,220,350,570,1.5909,200,280,480,1.4,180,200,380,1.1111,150,170,320,1.1333,130,130,260,1.0,105,62
870,290,600,290,490,780,1.6897,240,380,620,1.5833,210,330,540,1.5714,180,250,430,1.3889,150,170,320,1.1333,130,140,270,1.0769,104,61
850,270,570,250,440,690,1.76,220,340,560,1.5455,200,300,500,1.5,190,210,400,1.1053,140,150,290,1.0714,130,110,240,0.84615,104,61
860,280,570,250,520,770,2.08,220,370,590,1.6818,210,330,540,1.5714,170,230,400,1.3529,140,160,300,1.1429,130,120,250,0.92308,104,61
860,290,580,260,500,760,1.9231,230,370,600,1.6087,210,320,530,1.5238,200,220,420,1.1,150,160,310,1.0667,140,120,260,0.85714,104,61
860,280,580,260,470,730,1.8077,210,370,580,1.7619,210,310,520,1.4762,170,230,400,1.3529,140,160,300,1.1429,100,130,230,1.3,104,61
860,280,580,250,490,740,1.96,230,370,600,1.6087,210,300,510,1.4286,190,220,410,1.1579,150,150,300,1.0,130,130,260,1.0,104,61
870,280,580,260,440,700,1.6923,230,330,560,1.4348,220,280,500,1.2727,190,230,420,1.2105,160,170,330,1.0625,140,130,270,0.92857,105,61
870,290,590,290,480,770,1.6552,240,370,610,1.5417,220,320,540,1.4545,200,230,430,1.15,160,170,330,1.0625,140,130,270,0.92857,104,61
850,280,570,240,470,710,1.9583,220,340,560,1.5455,200,310,510,1.55,180,210,390,1.1667,150,150,300,1.0,120,120,240,1.0,104,61
860,280,570,250,570,820,2.28,220,420,640,1.9091,210,350,560,1.6667,180,240,420,1.3333,150,180,330,1.2,120,130,250,1.0833,103,61
870,290,580,250,490,740,1.96,220,380,600,1.7273,210,320,530,1.5238,190,240,430,1.2632,140,150,290,1.0714,120,130,250,1.0833,103,61
870,290,590,250,470,720,1.88,230,370,600,1.6087,220,320,540,1.4545,200,250,450,1.25,160,170,330,1.0625,140,130,270,0.92857,103,61
850,280,570,250,490,740,1.96,220,350,570,1.5909,210,310,520,1.4762,190,220,410,1.1579,160,160,320,1.0,120,130,250,1.0833,104,61
880,280,590,260,450,710,1.7308,220,390,610,1.7727,220,330,550,1.5,170,240,410,1.4118,140,170,310,1.2143,120,140,260,1.1667,104,61
850,270,580,240,470,710,1.9583,230,350,580,1.5217,200,300,500,1.5,180,230,410,1.2778,150,150,300,1.0,120,130,250,1.0833,103,61
860,270,580,240,590,830,2.4583,210,440,650,2.0952,210,370,580,1.7619,170,260,430,1.5294,140,180,320,1.2857,120,130,250,1.0833,103,61
860,280,580,240,500,740,2.0833,210,390,600,1.8571,210,330,540,1.5714,190,230,420,1.2105,140,170,310,1.2143,120,140,260,1.1667,103,61
870,280,580,240,490,730,2.0417,220,370,590,1.6818,200,340,540,1.7,170,260,430,1.5294,150,200,350,1.3333,120,130,250,1.0833,103,61
870,290,580,260,500,760,1.9231,240,370,610,1.5417,220,320,540,1.4545,190,220,410,1.1579,150,150,300,1.0,140,120,260,0.85714,104,61
860,290,580,260,440,700,1.6923,240,360,600,1.5,230,320,550,1.3913,200,230,430,1.15,150,150,300,1.0,140,120,260,0.85714,104,61
870,280,600,300,500,800,1.6667,240,370,610,1.5417,220,330,550,1.5,190,250,440,1.3158,170,180,350,1.0588,140,130,270,0.92857,103,61
860,270,580,240,460,700,1.9167,230,350,580,1.5217,210,300,510,1.4286,180,230,410,1.2778,150,160,310,1.0667,120,130,250,1.0833,103,61
860,280,580,260,590,850,2.2692,230,410,640,1.7826,210,360,570,1.7143,180,250,430,1.3889,140,170,310,1.2143,130,120,250,0.92308,103,60
850,280,580,250,500,750,2.0,220,380,600,1.7273,210,330,540,1.5714,190,230,420,1.2105,160,160,320,1.0,120,130,250,1.0833,103,60
880,270,590,250,490,740,1.96,210,380,590,1.8095,200,340,540,1.7,170,260,430,1.5294,140,180,320,1.2857,130,140,270,1.0769,103,60
860,290,570,250,510,760,2.04,240,380,620,1.5833,210,330,540,1.5714,180,220,400,1.2222,150,160,310,1.0667,120,130,250,1.0833,104,61
870,290,590,250,480,730,1.92,220,360,580,1.6364,220,320,540,1.4545,180,230,410,1.2778,140,170,310,1.2143,120,120,240,1.0,104,61
880,280,600,300,490,790,1.6333,240,380,620,1.5833,230,330,560,1.4348,190,250,440,1.3158,160,180,340,1.125,130,150,280,1.1538,103,61
850,280,580,260,470,730,1.8077,230,350,580,1.5217,210,310,520,1.4762,180,220,400,1.2222,150,150,300,1.0,140,120,260,0.85714,103,60
860,270,570,250,580,830,2.32,220,440,660,2.0,210,370,580,1.7619,170,270,440,1.5882,140,180,320,1.2857,120,140,260,1.1667,103,60
880,290,590,240,520,760,2.1667,210,390,600,1.8571,200,340,540,1.7,170,240,410,1.4118,150,180,330,1.2,130,130,260,1.0,103,60
860,290,580,260,480,740,1.8462,230,370,600,1.6087,210,340,550,1.619,200,230,430,1.15,160,180,340,1.125,140,140,280,1.0,103,60
860,280,580,240,510,750,2.125,220,390,610,1.7727,210,340,550,1.619,180,230,410,1.2778,140,170,310,1.2143,130,140,270,1.0769,104,61
870,280,600,240,510,750,2.125,210,380,590,1.8095,200,340,540,1.7,160,250,410,1.5625,130,170,300,1.3077,130,140,270,1.0769,104,61
860,270,590,290,480,770,1.6552,250,380,630,1.52,230,330,560,1.4348,200,250,450,1.25,150,190,340,1.2667,120,140,260,1.1667,103,60
850,270,570,240,480,720,2.0,210,350,560,1.6667,210,310,520,1.4762,170,220,390,1.2941,140,160,300,1.1429,140,120,260,0.85714,103,60
860,280,590,250,600,850,2.4,220,440,660,2.0,210,360,570,1.7143,180,270,450,1.5,150,170,320,1.1333,130,140,270,1.0769,102,60
870,270,590,240,510,750,2.125,220,370,590,1.6818,200,330,530,1.65,170,240,410,1.4118,150,180,330,1.2,120,130,250,1.0833,103,60
870,280,580,250,490,740,1.96,220,390,610,1.7727,220,330,550,1.5,180,240,420,1.3333,160,180,340,1.125,130,130,260,1.0,103,60
860,290,590,250,510,760,2.04,220,370,590,1.6818,210,320,530,1.5238,180,230,410,1.2778,140,160,300,1.1429,140,120,260,0.85714,103,60
890,270,600,240,510,750,2.125,220,380,600,1.7273,200,340,540,1.7,170,250,420,1.4706,140,180,320,1.2857,120,130,250,1.0833,103,60
850,280,570,250,500,750,2.0,210,360,570,1.7143,200,320,520,1.6,170,230,400,1.3529,140,160,300,1.1429,130,130,260,1.0,102,60
880,280,590,240,600,840,2.5,210,440,650,2.0952,200,380,580,1.9,170,270,440,1.5882,130,160,290,1.2308,130,120,250,0.92308,102,60
850,290,580,260,490,750,1.8846,230,370,600,1.6087,220,320,540,1.4545,190,230,420,1.2105,160,150,310,0.9375,130,120,250,0.92308,102,60
880,270,580,290,510,800,1.7586,230,400,630,1.7391,220,350,570,1.5909,190,260,450,1.3684,140,170,310,1.2143,140,150,290,1.0714,103,60
870,300,570,250,510,760,2.04,230,370,600,1.6087,230,320,550,1.3913,180,240,420,1.3333,160,160,320,1.0,140,130,270,0.92857,103,60
860,300,580,260,510,770,1.9615,230,390,620,1.6957,210,320,530,1.5238,190,230,420,1.2105,160,160,320,1.0,130,130,260,1.0,103,60
870,280,590,300,480,780,1.6,240,360,600,1.5,240,320,560,1.3333,200,240,440,1.2,170,180,350,1.0588,150,140,290,0.93333,102,60
860,280,590,230,520,750,2.2609,210,390,600,1.8571,190,330,520,1.7368,180,230,410,1.2778,150,160,310,1.0667,110,140,250,1.2727,102,60
860,270,590,250,600,850,2.4,220,410,630,1.8636,200,380,580,1.9,170,240,410,1.4118,140,160,300,1.1429,130,130,260,1.0,102,60
870,270,590,240,480,720,2.0,210,370,580,1.7619,190,330,520,1.7368,170,230,400,1.3529,140,170,310,1.2143,110,130,240,1.1818,102,60
890,280,600,260,520,780,2.0,220,400,620,1.8182,210,340,550,1.619,180,250,430,1.3889,140,180,320,1.2857,120,140,260,1.1667,103,60
860,290,580,270,510,780,1.8889,230,370,600,1.6087,220,320,540,1.4545,200,230,430,1.15,150,160,310,1.0667,150,120,270,0.8,103,60
870,280,580,250,500,750,2.0,230,370,600,1.6087,220,320,540,1.4545,180,220,400,1.2222,150,160,310,1.0667,120,130,250,1.0833,103,61
870,270,590,240,490,730,2.0417,230,380,610,1.6522,210,330,540,1.5714,180,240,420,1.3333,150,160,310,1.0667,130,130,260,1.0,103,61
850,280,570,260,570,830,2.1923,230,410,640,1.7826,220,350,570,1.5909,190,240,430,1.2632,160,170,330,1.0625,130,130,260,1.0,103,61
880,280,580,260,520,780,2.0,220,400,620,1.8182,210,350,560,1.6667,180,250,430,1.3889,140,170,310,1.2143,140,140,280,1.0,103,60
860,300,570,260,560,820,2.1538,230,410,640,1.7826,230,360,590,1.5652,180,260,440,1.4444,150,170,320,1.1333,130,140,270,1.0769,103,61
870,290,580,250,470,720,1.88,230,370,600,1.6087,210,310,520,1.4762,200,220,420,1.1,160,160,320,1.0,130,130,260,1.0,104,61
940,290,670,270,500,770,1.8519,230,370,600,1.6087,220,310,530,1.4091,190,230,420,1.2105,160,150,310,0.9375,140,130,270,0.92857,104,61
790,270,530,280,450,730,1.6071,220,340,560,1.5455,210,290,500,1.381,170,220,390,1.2941,140,150,290,1.0714,120,120,240,1.0,103,61
860,260,580,280,460,740,1.6429,220,360,580,1.6364,220,300,520,1.3636,190,220,410,1.1579,150,150,300,1.0,120,110,230,0.91667,103,60
980,290,670,250,510,760,2.04,220,370,590,1.6818,220,320,540,1.4545,190,230,420,1.2105,150,170,320,1.1333,130,130,260,1.0,104,60
760,310,510,290,420,710,1.4483,240,320,560,1.3333,240,280,520,1.1667,200,200,400,1.0,170,140,310,0.8235299999999999,150,90,240,0.6,103,61
880,250,600,260,460,720,1.7692,220,360,580,1.6364,200,310,510,1.55,170,220,390,1.2941,140,160,300,1.1429,120,120,240,1.0,102,60
860,280,460,250,470,720,1.88,240,400,640,1.6667,220,340,560,1.5455,190,250,440,1.3158,150,160,310,1.0667,130,130,260,1.0,102,60
860,400,580,270,520,790,1.9259,230,390,620,1.6957,230,330,560,1.4348,200,240,440,1.2,170,170,340,1.0,140,130,270,0.92857,102,60
860,280,580,240,470,710,1.9583,220,350,570,1.5909,210,320,530,1.5238,170,230,400,1.3529,160,170,330,1.0625,130,130,260,1.0,103,60
870,280,590,270,470,740,1.7407,220,360,580,1.6364,220,310,530,1.4091,180,220,400,1.2222,150,160,310,1.0667,150,130,280,0.86667,103,60
980,280,690,260,510,770,1.9615,220,380,600,1.7273,220,340,560,1.5455,170,240,410,1.4118,140,170,310,1.2143,130,140,270,1.0769,103,60
770,290,510,270,410,680,1.5185,230,310,540,1.3478,230,270,500,1.1739,190,200,390,1.0526,160,150,310,0.9375,130,130,260,1.0,102,61
860,260,580,250,460,710,1.84,230,340,570,1.4783,200,300,500,1.5,170,210,380,1.2353,140,150,290,1.0714,120,140,260,1.1667,102,60
860,280,560,240,540,780,2.25,220,390,610,1.7727,210,350,560,1.6667,190,250,440,1.3158,140,170,310,1.2143,130,120,250,0.92308,102,60
850,300,580,260,540,800,2.0769,230,410,640,1.7826,210,350,560,1.6667,180,260,440,1.4444,170,180,350,1.0588,130,130,260,1.0,102,60
880,270,600,240,490,730,2.0417,210,370,580,1.7619,190,320,510,1.6842,170,240,410,1.4118,130,170,300,1.3077,120,140,260,1.1667,103,60
870,280,570,250,450,700,1.8,220,330,550,1.5,210,290,500,1.381,180,200,380,1.1111,150,130,280,0.86667,130,80,210,0.61538,103,60
950,300,670,270,510,780,1.8889,240,380,620,1.5833,230,330,560,1.4348,190,230,420,1.2105,170,170,340,1.0,140,120,260,0.85714,102,61
770,280,530,240,420,660,1.75,220,330,550,1.5,200,300,500,1.5,170,230,400,1.3529,140,160,300,1.1429,120,130,250,1.0833,102,61
870,240,590,250,480,730,1.92,200,370,570,1.85,200,320,520,1.6,160,220,380,1.375,140,170,310,1.2143,110,120,230,1.0909,102,60
860,280,590,230,550,780,2.3913,220,400,620,1.8182,200,350,550,1.75,170,260,430,1.5294,140,180,320,1.2857,110,140,250,1.2727,102,60
880,270,590,250,560,810,2.24,210,400,610,1.9048,200,360,560,1.8,190,240,430,1.2632,150,180,330,1.2,130,140,270,1.0769,102,60
850,290,570,250,450,700,1.8,230,340,570,1.4783,220,280,500,1.2727,200,210,410,1.05,160,140,300,0.875,150,110,260,0.73333,102,60
860,280,590,260,450,710,1.7308,220,340,560,1.5455,220,290,510,1.3182,180,200,380,1.1111,150,140,290,0.93333,140,130,270,0.92857,102,61
970,270,680,250,520,770,2.08,220,390,610,1.7727,200,330,530,1.65,170,250,420,1.4706,140,170,310,1.2143,120,140,260,1.1667,102,60
770,290,520,250,430,680,1.72,230,340,570,1.4783,210,300,510,1.4286,190,210,400,1.1053,160,160,320,1.0,130,130,260,1.0,102,60
860,250,580,250,470,720,1.88,210,360,570,1.7143,200,300,500,1.5,170,210,380,1.2353,140,150,290,1.0714,120,120,240,1.0,102,60
870,280,590,250,540,790,2.16,210,380,590,1.8095,200,330,530,1.65,170,240,410,1.4118,150,170,320,1.1333,120,130,250,1.0833,102,60
860,280,590,240,550,790,2.2917,210,400,610,1.9048,200,340,540,1.7,170,240,410,1.4118,120,170,290,1.4167,120,130,250,1.0833,102,60
860,270,580,250,470,720,1.88,210,360,570,1.7143,210,320,530,1.5238,180,230,410,1.2778,150,170,320,1.1333,130,120,250,0.92308,103,60
870,280,590,240,460,700,1.9167,220,350,570,1.5909,190,290,480,1.5263,170,240,410,1.4118,140,180,320,1.2857,110,130,240,1.1818,103,61
980,280,690,270,540,810,2.0,230,400,630,1.7391,220,330,550,1.5,190,250,440,1.3158,140,170,310,1.2143,130,140,270,1.0769,102,61
760,290,510,250,420,670,1.68,230,320,550,1.3913,220,290,510,1.3182,190,210,400,1.1053,170,150,320,0.88235,140,120,260,0.85714,102,61
860,250,590,270,480,750,1.7778,220,360,580,1.6364,200,310,510,1.55,170,220,390,1.2941,140,150,290,1.0714,120,120,240,1.0,102,61
870,270,580,250,560,810,2.24,220,400,620,1.8182,200,360,560,1.8,190,240,430,1.2632,140,170,310,1.2143,120,140,260,1.1667,102,61
840,290,580,250,530,780,2.12,220,410,630,1.8636,220,330,550,1.5,190,250,440,1.3158,150,170,320,1.1333,130,120,250,0.92308,102,61
880,260,590,240,470,710,1.9583,210,370,580,1.7619,210,320,530,1.5238,180,230,410,1.2778,130,170,300,1.3077,110,140,250,1.2727,102,61
870,290,580,270,450,720,1.6667,230,330,560,1.4348,220,320,540,1.4545,190,240,430,1.2632,150,170,320,1.1333,140,130,270,0.92857,103,61
860,290,570,260,480,740,1.8462,230,360,590,1.5652,220,310,530,1.4091,200,220,420,1.1,170,150,320,0.88235,130,120,250,0.92308,103,61
880,260,590,230,530,760,2.3043,210,390,600,1.8571,190,350,540,1.8421,160,260,420,1.625,130,180,310,1.3846,120,140,260,1.1667,102,61
850,290,580,260,480,740,1.8462,240,370,610,1.5417,220,340,560,1.5455,190,250,440,1.3158,170,170,340,1.0,130,150,280,1.1538,102,60
860,270,580,240,470,710,1.9583,220,350,570,1.5909,200,310,510,1.55,170,230,400,1.3529,140,170,310,1.2143,120,130,250,1.0833,103,61
890,280,580,240,460,700,1.9167,210,380,590,1.8095,190,330,520,1.7368,180,240,420,1.3333,140,180,320,1.2857,110,150,260,1.3636,103,61
860,310,580,260,460,720,1.7692,250,350,600,1.4,220,300,520,1.3636,200,220,420,1.1,170,150,320,0.88235,140,120,260,0.85714,103,61
850,280,590,300,470,770,1.5667,240,360,600,1.5,220,310,530,1.4091,190,220,410,1.1579,160,150,310,0.9375,140,120,260,0.85714,102,61
860,280,560,260,470,730,1.8077,230,370,600,1.6087,220,330,550,1.5,180,250,430,1.3889,150,170,320,1.1333,130,120,250,0.92308,102,61
860,300,560,250,460,710,1.84,220,360,580,1.6364,210,310,520,1.4762,190,210,400,1.1053,160,150,310,0.9375,140,130,270,0.92857,103,61
860,300,570,260,500,760,1.9231,240,380,620,1.5833,230,330,560,1.4348,200,230,430,1.15,150,170,320,1.1333,140,130,270,0.92857,103,61
870,290,590,250,490,740,1.96,220,370,590,1.6818,220,320,540,1.4545,190,230,420,1.2105,160,160,320,1.0,140,130,270,0.92857,103,61
840,280,570,300,450,750,1.5,250,350,600,1.4,240,300,540,1.25,200,220,420,1.1,160,160,320,1.0,150,130,280,0.86667,102,61
850,290,590,240,500,740,2.0833,230,380,610,1.6522,200,330,530,1.65,180,230,410,1.2778,140,170,310,1.2143,120,120,240,1.0,102,61
860,260,590,250,480,730,1.92,210,390,600,1.8571,200,350,550,1.75,170,250,420,1.4706,140,190,330,1.3571,110,140,250,1.2727,103,61
870,270,590,240,490,730,2.0417,210,360,570,1.7143,210,330,540,1.5714,180,230,410,1.2778,150,160,310,1.0667,120,130,250,1.0833,103,61
860,280,580,250,510,760,2.04,230,380,610,1.6522,210,320,530,1.5238,200,220,420,1.1,150,160,310,1.0667,130,130,260,1.0,104,61
860,280,580,260,470,730,1.8077,220,360,580,1.6364,220,310,530,1.4091,180,220,400,1.2222,150,160,310,1.0667,130,130,260,1.0,104,61
860,280,590,300,480,780,1.6,250,370,620,1.48,220,310,530,1.4091,200,240,440,1.2,160,180,340,1.125,130,130,260,1.0,103,61
870,270,590,290,470,760,1.6207,240,370,610,1.5417,230,330,560,1.4348,180,240,420,1.3333,150,170,320,1.1333,130,140,270,1.0769,104,60
860,290,570,260,490,750,1.8846,240,370,610,1.5417,210,310,520,1.4762,200,230,430,1.15,160,150,310,0.9375,130,120,250,0.92308,103,60
860,290,580,260,470,730,1.8077,230,350,580,1.5217,230,310,540,1.3478,180,230,410,1.2778,150,150,300,1.0,130,120,250,0.92308,104,60
850,280,570,250,460,710,1.84,230,340,570,1.4783,220,290,510,1.3182,180,220,400,1.2222,150,160,310,1.0667,130,130,260,1.0,104,60
870,280,570,250,510,760,2.04,220,380,600,1.7273,210,320,530,1.5238,180,250,430,1.3889,140,170,310,1.2143,140,140,280,1.0,104,60
830,300,560,270,450,720,1.6667,240,320,560,1.3333,220,270,490,1.2273,200,190,390,0.95,150,130,280,0.86667,130,100,230,0.76923,104,61
860,270,590,290,470,760,1.6207,240,360,600,1.5,230,310,540,1.3478,190,230,420,1.2105,160,160,320,1.0,140,130,270,0.92857,103,60
840,270,570,240,580,820,2.4167,220,370,590,1.6818,220,330,550,1.5,180,230,410,1.2778,150,160,310,1.0667,130,130,260,1.0,103,60
870,270,590,230,510,740,2.2174,210,390,600,1.8571,190,330,520,1.7368,170,240,410,1.4118,130,180,310,1.3846,110,130,240,1.1818,103,60
860,280,580,250,490,740,1.96,210,380,590,1.8095,200,330,530,1.65,180,240,420,1.3333,150,180,330,1.2,120,140,260,1.1667,103,60
870,280,590,250,470,720,1.88,220,360,580,1.6364,210,310,520,1.4762,170,240,410,1.4118,140,170,310,1.2143,110,130,240,1.1818,104,61
860,280,580,260,490,750,1.8846,220,370,590,1.6818,210,310,520,1.4762,180,230,410,1.2778,150,170,320,1.1333,140,120,260,0.85714,104,61
960,280,670,280,540,820,1.9286,230,380,610,1.6522,230,310,540,1.3478,190,230,420,1.2105,150,190,340,1.2667,130,150,280,1.1538,103,61
780,290,520,240,430,670,1.7917,230,340,570,1.4783,210,300,510,1.4286,180,230,410,1.2778,160,160,320,1.0,120,120,240,1.0,103,60
850,260,520,250,430,680,1.72,220,320,540,1.4545,200,290,490,1.45,170,210,380,1.2353,140,140,280,1.0,130,110,240,0.84615,103,60
870,330,590,240,600,840,2.5,220,430,650,1.9545,190,370,560,1.9474,170,260,430,1.5294,140,190,330,1.3571,110,140,250,1.2727,103,60
870,280,590,250,480,730,1.92,210,360,570,1.7143,210,320,530,1.5238,170,230,400,1.3529,140,170,310,1.2143,130,120,250,0.92308,103,60
850,280,580,260,500,760,1.9231,220,380,600,1.7273,210,320,530,1.5238,180,230,410,1.2778,150,160,310,1.0667,120,130,250,1.0833,103,60
870,270,580,250,500,750,2.0,220,370,590,1.6818,220,330,550,1.5,170,230,400,1.3529,140,170,310,1.2143,130,120,250,0.92308,103,60
750,300,510,250,430,680,1.72,230,320,550,1.3913,210,290,500,1.381,190,210,400,1.1053,160,160,320,1.0,130,120,250,0.92308,102,60
890,240,610,250,500,750,2.0,200,380,580,1.9,200,320,520,1.6,170,240,410,1.4118,120,180,300,1.5,110,140,250,1.2727,102,60
850,280,580,260,590,850,2.2692,230,450,680,1.9565,220,370,590,1.6818,190,270,460,1.4211,160,180,340,1.125,130,140,270,1.0769,102,60
870,270,590,230,480,710,2.087,210,360,570,1.7143,200,320,520,1.6,170,230,400,1.3529,150,160,310,1.0667,130,140,270,1.0769,102,60
870,280,580,250,470,720,1.88,220,360,580,1.6364,220,330,550,1.5,180,230,410,1.2778,150,170,320,1.1333,140,140,280,1.0,102,60
850,290,580,250,530,780,2.12,230,380,610,1.6522,220,330,550,1.5,200,220,420,1.1,160,160,320,1.0,130,130,260,1.0,103,60
600,270,540,250,460,710,1.84,210,380,590,1.8095,210,330,540,1.5714,170,250,420,1.4706,140,170,310,1.2143,130,140,270,1.0769,102,60
870,270,590,270,470,740,1.7407,230,350,580,1.5217,200,300,500,1.5,170,220,390,1.2941,150,150,300,1.0,130,110,240,0.84615,102,60
850,280,570,260,580,840,2.2308,220,430,650,1.9545,210,380,590,1.8095,180,260,440,1.4444,150,170,320,1.1333,140,130,270,0.92857,102,60
860,280,580,250,470,720,1.88,240,350,590,1.4583,220,310,530,1.4091,190,230,420,1.2105,150,150,300,1.0,140,120,260,0.85714,102,60
850,280,570,260,460,720,1.7692,230,350,580,1.5217,220,310,530,1.4091,190,220,410,1.1579,160,170,330,1.0625,140,120,260,0.85714,102,60
970,280,680,250,500,750,2.0,220,390,610,1.7727,200,340,540,1.7,180,240,420,1.3333,140,170,310,1.2143,120,130,250,1.0833,103,60
780,290,510,250,480,730,1.92,230,400,630,1.7391,220,350,570,1.5909,190,240,430,1.2632,150,180,330,1.2,140,140,280,1.0,102,60
760,290,500,260,510,770,1.9615,220,440,660,2.0,210,370,580,1.7619,180,250,430,1.3889,170,160,330,0.94118,140,130,270,0.92857,102,60
780,280,500,260,510,770,1.9615,210,420,630,2.0,210,360,570,1.7143,180,250,430,1.3889,150,190,340,1.2667,140,140,280,1.0,102,60
960,280,660,300,480,780,1.6,270,350,620,1.2963,240,310,550,1.2917,190,260,450,1.3684,170,180,350,1.0588,150,140,290,0.93333,102,60
770,300,500,270,510,780,1.8889,230,440,670,1.913,220,380,600,1.7273,190,270,460,1.4211,160,190,350,1.1875,140,150,290,1.0714,103,60
980,270,690,290,580,870,2.0,260,440,700,1.6923,230,380,610,1.6522,200,250,450,1.25,170,190,360,1.1176,130,150,280,1.1538,102,60
760,290,510,270,480,750,1.7778,230,360,590,1.5652,220,320,540,1.4545,200,230,430,1.15,150,160,310,1.0667,130,130,260,1.0,102,60
970,250,680,270,540,810,2.0,230,410,640,1.7826,200,360,560,1.8,170,250,420,1.4706,140,160,300,1.1429,120,130,250,1.0833,101,60
960,270,660,290,500,790,1.7241,240,390,630,1.625,230,330,560,1.4348,200,240,440,1.2,170,170,340,1.0,150,120,270,0.8,103,60
760,300,510,260,520,780,2.0,230,430,660,1.8696,230,380,610,1.6522,200,280,480,1.4,170,190,360,1.1176,140,140,280,1.0,103,60
980,250,670,260,520,780,2.0,210,390,600,1.8571,210,340,550,1.619,180,250,430,1.3889,150,180,330,1.2,110,150,260,1.3636,103,60
800,310,540,270,510,780,1.8889,240,410,650,1.7083,220,350,570,1.5909,190,250,440,1.3158,160,190,350,1.1875,130,140,270,1.0769,103,61
860,270,510,240,520,760,2.1667,220,440,660,2.0,200,360,560,1.8,190,270,460,1.4211,160,170,330,1.0625,140,140,280,1.0,102,60
780,260,550,230,530,760,2.3043,220,400,620,1.8182,200,360,560,1.8,190,240,430,1.2632,150,170,320,1.1333,140,130,270,0.92857,102,61
980,230,700,250,570,820,2.28,210,430,640,2.0476,200,390,590,1.95,180,270,450,1.5,150,190,340,1.2667,130,140,270,1.0769,102,60
960,270,690,290,560,850,1.931,230,440,670,1.913,210,380,590,1.8095,190,260,450,1.3684,180,170,350,0.94444,150,120,270,0.8,104,61
810,270,530,250,520,770,2.08,220,370,590,1.6818,220,320,540,1.4545,190,290,480,1.5263,160,200,360,1.25,140,160,300,1.1429,104,60
980,280,670,300,550,850,1.8333,250,430,680,1.72,230,370,600,1.6087,210,270,480,1.2857,170,190,360,1.1176,150,150,300,1.0,103,61
880,300,590,260,500,760,1.9231,230,380,610,1.6522,230,340,570,1.4783,200,240,440,1.2,150,180,330,1.2,130,140,270,1.0769,104,61
890,270,590,250,490,740,1.96,220,380,600,1.7273,200,310,510,1.55,180,230,410,1.2778,150,150,300,1.0,130,120,250,0.92308,103,60
870,300,590,250,550,800,2.2,240,410,650,1.7083,220,350,570,1.5909,190,240,430,1.2632,170,160,330,0.94118,140,130,270,0.92857,103,60
670,290,590,270,490,760,1.8148,230,380,610,1.6522,230,320,550,1.3913,190,240,430,1.2632,170,150,320,0.88235,140,130,270,0.92857,103,60
890,280,610,260,520,780,2.0,230,390,620,1.6957,210,350,560,1.6667,190,250,440,1.3158,150,180,330,1.2,130,150,280,1.1538,103,60
890,280,610,300,500,800,1.6667,250,390,640,1.56,240,350,590,1.4583,190,260,450,1.3684,160,180,340,1.125,140,150,290,1.0714,102,60
890,280,610,250,540,790,2.16,220,400,620,1.8182,200,350,550,1.75,170,250,420,1.4706,140,170,310,1.2143,130,140,270,1.0769,102,60
890,280,610,250,530,780,2.12,220,410,630,1.8636,210,360,570,1.7143,180,260,440,1.4444,150,170,320,1.1333,130,120,250,0.92308,102,60
900,280,610,240,520,760,2.1667,230,400,630,1.7391,210,350,560,1.6667,180,250,430,1.3889,140,170,310,1.2143,130,130,260,1.0,102,60
890,290,590,270,460,730,1.7037,250,340,590,1.36,230,290,520,1.2609,200,200,400,1.0,170,130,300,0.76471,130,100,230,0.76923,102,60
900,300,610,270,520,790,1.9259,240,400,640,1.6667,230,360,590,1.5652,200,260,460,1.3,160,180,340,1.125,130,140,270,1.0769,102,60
900,280,610,250,520,770,2.08,220,400,620,1.8182,200,330,530,1.65,190,250,440,1.3158,160,170,330,1.0625,120,120,240,1.0,101,59
890,290,600,260,510,770,1.9615,230,390,620,1.6957,220,340,560,1.5455,190,230,420,1.2105,160,160,320,1.0,140,120,260,0.85714,101,59
890,290,600,270,560,830,2.0741,240,410,650,1.7083,240,340,580,1.4167,190,260,450,1.3684,160,180,340,1.125,150,140,290,0.93333,101,59
870,290,610,250,530,780,2.12,230,390,620,1.6957,220,340,560,1.5455,200,250,450,1.25,170,170,340,1.0,140,140,280,1.0,102,60
900,260,630,230,480,710,2.087,220,370,590,1.6818,200,320,520,1.6,170,230,400,1.3529,140,150,290,1.0714,120,110,230,0.91667,102,60
910,270,640,290,520,810,1.7931,240,400,640,1.6667,210,370,580,1.7619,180,270,450,1.5,160,190,350,1.1875,140,170,310,1.2143,102,60
890,270,610,240,560,800,2.3333,220,410,630,1.8636,200,350,550,1.75,170,230,400,1.3529,150,170,320,1.1333,120,130,250,1.0833,102,60
880,280,610,240,530,770,2.2083,210,390,600,1.8571,210,350,560,1.6667,180,250,430,1.3889,150,170,320,1.1333,130,120,250,0.92308,101,59
900,270,620,230,590,820,2.5652,210,420,630,2.0,190,370,560,1.9474,170,270,440,1.5882,140,190,330,1.3571,110,160,270,1.4545,101,59
910,280,600,240,500,740,2.0833,220,380,600,1.7273,200,350,550,1.75,170,250,420,1.4706,150,180,330,1.2,120,140,260,1.1667,102,59
880,310,590,270,530,800,1.963,230,380,610,1.6522,220,330,550,1.5,200,240,440,1.2,170,170,340,1.0,140,130,270,0.92857,102,60
900,290,610,260,480,740,1.8462,230,360,590,1.5652,230,320,550,1.3913,180,240,420,1.3333,150,160,310,1.0667,130,140,270,1.0769,102,60
920,270,630,230,550,780,2.3913,210,410,620,1.9524,210,370,580,1.7619,170,270,440,1.5882,140,200,340,1.4286,120,160,280,1.3333,101,59
880,290,590,270,510,780,1.8889,240,400,640,1.6667,230,340,570,1.4783,210,250,460,1.1905,160,160,320,1.0,150,130,280,0.86667,101,59
910,290,610,260,510,770,1.9615,230,380,610,1.6522,210,330,540,1.5714,180,240,420,1.3333,160,180,340,1.125,130,140,270,1.0769,101,59
880,300,580,270,520,790,1.9259,240,400,640,1.6667,230,340,570,1.4783,200,250,450,1.25,170,160,330,0.94118,150,130,280,0.86667,102,59
900,300,610,270,510,780,1.8889,240,380,620,1.5833,210,340,550,1.619,190,240,430,1.2632,160,170,330,1.0625,130,140,270,1.0769,101,59
880,280,590,260,530,790,2.0385,230,410,640,1.7826,210,360,570,1.7143,200,250,450,1.25,170,170,340,1.0,140,130,270,0.92857,100,59
890,290,610,260,500,760,1.9231,230,400,630,1.7391,210,350,560,1.6667,190,260,450,1.3684,170,170,340,1.0,140,130,270,0.92857,101,59
890,280,610,250,520,770,2.08,230,390,620,1.6957,210,340,550,1.619,180,250,430,1.3889,160,170,330,1.0625,130,130,260,1.0,101,59
870,280,590,250,530,780,2.12,230,390,620,1.6957,210,340,550,1.619,180,240,420,1.3333,150,180,330,1.2,130,140,270,1.0769,101,59
890,280,610,270,510,780,1.8889,220,410,630,1.8636,210,360,570,1.7143,180,260,440,1.4444,160,170,330,1.0625,140,150,290,1.0714,101,59
900,280,610,270,500,770,1.8519,240,390,630,1.625,220,340,560,1.5455,190,240,430,1.2632,160,180,340,1.125,140,140,280,1.0,100,59
890,290,590,250,530,780,2.12,230,400,630,1.7391,210,350,560,1.6667,180,240,420,1.3333,150,170,320,1.1333,130,130,260,1.0,100,59
880,300,600,270,490,760,1.8148,240,390,630,1.625,220,340,560,1.5455,200,250,450,1.25,150,170,320,1.1333,150,130,280,0.86667,101,59
900,280,600,250,510,760,2.04,230,390,620,1.6957,220,330,550,1.5,190,240,430,1.2632,150,160,310,1.0667,140,140,280,1.0,101,59
880,300,600,270,490,760,1.8148,250,380,630,1.52,240,340,580,1.4167,200,240,440,1.2,160,170,330,1.0625,140,120,260,0.85714,101,59
890,280,610,300,520,820,1.7333,240,410,650,1.7083,230,350,580,1.5217,200,250,450,1.25,170,180,350,1.0588,140,140,280,1.0,100,59
890,280,600,250,500,750,2.0,220,390,610,1.7727,210,320,530,1.5238,180,250,430,1.3889,150,160,310,1.0667,120,130,250,1.0833,100,59
900,290,600,250,610,860,2.44,220,440,660,2.0,220,380,600,1.7273,190,260,450,1.3684,150,190,340,1.2667,130,140,270,1.0769,100,59
900,280,600,250,490,740,1.96,240,380,620,1.5833,220,340,560,1.5455,190,260,450,1.3684,150,180,330,1.2,120,160,280,1.3333,100,59
880,300,590,250,520,770,2.08,230,390,620,1.6957,220,340,560,1.5455,190,240,430,1.2632,170,170,340,1.0,140,130,270,0.92857,101,59
890,290,600,260,490,750,1.8846,230,380,610,1.6522,210,330,540,1.5714,180,250,430,1.3889,160,170,330,1.0625,130,120,250,0.92308,101,59
890,290,600,260,510,770,1.9615,230,370,600,1.6087,210,330,540,1.5714,180,240,420,1.3333,150,170,320,1.1333,130,130,260,1.0,101,59
880,290,600,270,610,880,2.2593,240,440,680,1.8333,220,360,580,1.6364,200,250,450,1.25,170,170,340,1.0,150,130,280,0.86667,101,59
880,280,610,250,510,760,2.04,220,390,610,1.7727,220,340,560,1.5455,180,240,420,1.3333,150,160,310,1.0667,130,130,260,1.0,101,59
890,270,600,260,470,730,1.8077,230,380,610,1.6522,210,320,530,1.5238,180,250,430,1.3889,150,190,340,1.2667,120,150,270,1.25,101,59
900,290,590,260,510,770,1.9615,230,390,620,1.6957,210,330,540,1.5714,190,230,420,1.2105,150,160,310,1.0667,130,130,260,1.0,102,60
870,310,600,270,450,720,1.6667,240,340,580,1.4167,240,320,560,1.3333,210,240,450,1.1429,180,160,340,0.88889,150,130,280,0.86667,102,60
890,270,620,290,500,790,1.7241,240,370,610,1.5417,220,330,550,1.5,200,240,440,1.2,160,180,340,1.125,130,130,260,1.0,101,60
890,270,580,230,550,780,2.3913,210,410,620,1.9524,210,360,570,1.7143,180,260,440,1.4444,140,180,320,1.2857,120,130,250,1.0833,101,59
890,280,620,240,500,740,2.0833,220,390,610,1.7727,220,340,560,1.5455,180,240,420,1.3333,150,170,320,1.1333,130,140,270,1.0769,101,59
890,270,600,240,470,710,1.9583,220,370,590,1.6818,210,330,540,1.5714,180,240,420,1.3333,140,160,300,1.1429,120,130,250,1.0833,101,59
900,290,610,250,530,780,2.12,220,400,620,1.8182,210,340,550,1.619,180,240,420,1.3333,150,170,320,1.1333,130,140,270,1.0769,102,60
880,290,600,280,480,760,1.7143,250,360,610,1.44,230,310,540,1.3478,200,220,420,1.1,170,160,330,0.94118,140,130,270,0.92857,101,59
880,280,490,240,500,740,2.0833,230,400,630,1.7391,200,330,530,1.65,190,250,440,1.3158,160,170,330,1.0625,120,120,240,1.0,101,59
880,390,610,250,570,820,2.28,220,420,640,1.9091,220,360,580,1.6364,190,250,440,1.3158,160,170,330,1.0625,130,140,270,1.0769,101,59
890,270,620,250,500,750,2.0,220,390,610,1.7727,200,330,530,1.65,170,260,430,1.5294,140,170,310,1.2143,120,140,260,1.1667,101,59
900,270,600,250,490,740,1.96,220,370,590,1.6818,220,330,550,1.5,170,250,420,1.4706,150,160,310,1.0667,140,140,280,1.0,102,60
890,300,580,270,500,770,1.8519,240,390,630,1.625,220,330,550,1.5,200,240,440,1.2,150,170,320,1.1333,150,130,280,0.86667,101,60
870,290,600,270,480,750,1.7778,240,360,600,1.5,230,320,550,1.3913,200,230,430,1.15,160,150,310,0.9375,140,110,250,0.78571,101,59
870,290,590,250,500,750,2.0,220,380,600,1.7273,220,340,560,1.5455,190,240,430,1.2632,150,170,320,1.1333,140,130,270,0.92857,101,59
890,280,610,250,500,750,2.0,220,380,600,1.7273,220,330,550,1.5,170,240,410,1.4118,150,170,320,1.1333,120,140,260,1.1667,101,59
880,280,610,250,480,730,1.92,220,370,590,1.6818,220,320,540,1.4545,190,230,420,1.2105,140,170,310,1.2143,120,130,250,1.0833,102,60
890,270,600,250,520,770,2.08,230,400,630,1.7391,200,350,550,1.75,170,250,420,1.4706,150,180,330,1.2,130,150,280,1.1538,101,60
900,270,620,230,500,730,2.1739,200,370,570,1.85,200,340,540,1.7,170,250,420,1.4706,130,180,310,1.3846,130,130,260,1.0,101,59
890,270,610,250,510,760,2.04,220,400,620,1.8182,200,340,540,1.7,170,250,420,1.4706,130,180,310,1.3846,120,130,250,1.0833,101,59
890,280,600,250,490,740,1.96,230,380,610,1.6522,210,320,530,1.5238,180,240,420,1.3333,150,170,320,1.1333,120,130,250,1.0833,101,59
880,290,600,260,470,730,1.8077,220,370,590,1.6818,220,300,520,1.3636,180,230,410,1.2778,150,150,300,1.0,130,130,260,1.0,102,60
880,280,600,250,510,760,2.04,230,390,620,1.6957,200,340,540,1.7,190,240,430,1.2632,160,180,340,1.125,130,140,270,1.0769,101,60
890,270,600,240,540,780,2.25,210,410,620,1.9524,200,350,550,1.75,170,240,410,1.4118,140,170,310,1.2143,120,140,260,1.1667,101,59
900,280,600,250,510,760,2.04,230,390,620,1.6957,200,340,540,1.7,170,250,420,1.4706,140,170,310,1.2143,120,130,250,1.0833,102,60
890,300,600,270,520,790,1.9259,240,380,620,1.5833,230,340,570,1.4783,200,240,440,1.2,160,170,330,1.0625,140,130,270,0.92857,102,60
870,290,580,250,480,730,1.92,240,370,610,1.5417,220,320,540,1.4545,190,220,410,1.1579,160,160,320,1.0,140,110,250,0.78571,102,60
890,290,620,250,510,760,2.04,230,370,600,1.6087,210,340,550,1.619,180,240,420,1.3333,140,180,320,1.2857,120,130,250,1.0833,102,60
670,270,630,290,490,780,1.6897,240,370,610,1.5417,210,320,530,1.5238,180,240,420,1.3333,150,170,320,1.1333,130,130,260,1.0,102,60
880,280,600,250,480,730,1.92,220,370,590,1.6818,220,330,550,1.5,190,250,440,1.3158,160,170,330,1.0625,130,120,250,0.92308,101,60
890,280,600,260,540,800,2.0769,230,400,630,1.7391,210,360,570,1.7143,170,260,430,1.5294,140,170,310,1.2143,120,140,260,1.1667,102,60
900,290,600,250,520,770,2.08,230,390,620,1.6957,220,330,550,1.5,180,240,420,1.3333,140,170,310,1.2143,130,140,270,1.0769,102,60
890,300,590,290,500,790,1.7241,240,390,630,1.625,240,330,570,1.375,190,250,440,1.3158,170,180,350,1.0588,130,130,260,1.0,102,60
890,280,600,230,510,740,2.2174,200,400,600,2.0,200,340,540,1.7,170,250,420,1.4706,140,170,310,1.2143,120,140,260,1.1667,101,60
880,280,610,250,500,750,2.0,220,380,600,1.7273,210,330,540,1.5714,190,240,430,1.2632,140,170,310,1.2143,120,130,250,1.0833,101,60
890,270,600,260,470,730,1.8077,220,410,630,1.8636,200,360,560,1.8,190,250,440,1.3158,140,190,330,1.3571,120,150,270,1.25,102,60
880,290,600,250,510,760,2.04,240,380,620,1.5833,210,320,530,1.5238,190,230,420,1.2105,150,170,320,1.1333,130,120,250,0.92308,102,60
900,280,620,300,510,810,1.7,230,390,620,1.6957,230,340,570,1.4783,200,260,460,1.3,160,190,350,1.1875,130,150,280,1.1538,101,60
880,280,600,260,520,780,2.0,230,390,620,1.6957,210,340,550,1.619,180,240,420,1.3333,150,160,310,1.0667,130,130,260,1.0,101,59
890,280,610,240,520,760,2.1667,210,400,610,1.9048,200,350,550,1.75,170,240,410,1.4118,140,160,300,1.1429,130,130,260,1.0,101,59
900,270,620,240,500,740,2.0833,220,390,610,1.7727,200,340,540,1.7,170,240,410,1.4118,140,180,320,1.2857,130,150,280,1.1538,101,59
900,280,610,240,490,730,2.0417,220,400,620,1.8182,210,350,560,1.6667,180,260,440,1.4444,150,180,330,1.2,130,140,270,1.0769,101,59
890,290,590,260,500,760,1.9231,230,370,600,1.6087,220,320,540,1.4545,200,220,420,1.1,160,150,310,0.9375,140,120,260,0.85714,101,59
880,290,580,250,590,840,2.36,250,450,700,1.8,220,370,590,1.6818,210,260,470,1.2381,170,180,350,1.0588,140,120,260,0.85714,100,59
930,300,590,260,510,770,1.9615,230,380,610,1.6522,210,320,530,1.5238,180,230,410,1.2778,160,170,330,1.0625,130,120,250,0.92308,100,59
890,280,590,260,480,740,1.8462,230,370,600,1.6087,210,330,540,1.5714,180,230,410,1.2778,150,170,320,1.1333,130,140,270,1.0769,100,59
890,300,590,260,470,730,1.8077,230,360,590,1.5652,210,320,530,1.5238,180,240,420,1.3333,160,180,340,1.125,130,140,270,1.0769,101,59
890,300,610,250,500,750,2.0,240,370,610,1.5417,210,340,550,1.619,190,230,420,1.2105,150,170,320,1.1333,130,130,260,1.0,100,59
880,280,570,300,470,770,1.5667,240,360,600,1.5,230,310,540,1.3478,200,240,440,1.2,170,170,340,1.0,130,130,260,1.0,100,59
900,310,610,240,620,860,2.5833,210,450,660,2.1429,210,380,590,1.8095,170,270,440,1.5882,140,200,340,1.4286,120,160,280,1.3333,99,59
890,290,610,250,550,800,2.2,220,410,630,1.8636,220,350,570,1.5909,180,250,430,1.3889,150,170,320,1.1333,120,130,250,1.0833,99,58
880,280,610,240,530,770,2.2083,210,390,600,1.8571,200,340,540,1.7,170,250,420,1.4706,120,180,300,1.5,90,130,220,1.4444,100,59
900,270,610,250,500,750,2.0,210,390,600,1.8571,210,340,550,1.619,180,250,430,1.3889,150,180,330,1.2,120,140,260,1.1667,100,59
900,290,600,270,460,730,1.7037,240,340,580,1.4167,220,300,520,1.3636,190,230,420,1.2105,160,180,340,1.125,140,140,280,1.0,99,59
880,300,600,290,500,790,1.7241,240,380,620,1.5833,240,340,580,1.4167,210,240,450,1.1429,170,170,340,1.0,140,120,260,0.85714,99,59
880,280,610,300,490,790,1.6333,250,380,630,1.52,220,330,550,1.5,190,240,430,1.2632,170,160,330,0.94118,140,130,270,0.92857,99,59
890,270,600,230,540,770,2.3478,200,410,610,2.05,200,350,550,1.75,160,250,410,1.5625,150,180,330,1.2,120,130,250,1.0833,99,58
890,290,610,240,520,760,2.1667,210,390,600,1.8571,200,340,540,1.7,170,250,420,1.4706,140,170,310,1.2143,120,140,260,1.1667,98,58
900,280,610,230,590,820,2.5652,210,440,650,2.0952,190,380,570,2.0,160,270,430,1.6875,130,200,330,1.5385,120,160,280,1.3333,99,59
890,290,610,250,530,780,2.12,220,380,600,1.7273,210,330,540,1.5714,180,250,430,1.3889,160,170,330,1.0625,120,140,260,1.1667,100,59
920,280,620,250,480,730,1.92,230,360,590,1.5652,220,300,520,1.3636,180,210,390,1.1667,150,160,310,1.0667,130,140,270,1.0769,99,59
880,290,600,260,480,740,1.8462,230,370,600,1.6087,230,320,550,1.3913,200,220,420,1.1,150,150,300,1.0,130,130,260,1.0,99,59
890,280,620,240,540,780,2.25,220,420,640,1.9091,200,360,560,1.8,170,270,440,1.5882,140,190,330,1.3571,120,150,270,1.25,99,59
900,270,610,250,540,790,2.16,210,420,630,2.0,200,360,560,1.8,170,260,430,1.5294,140,190,330,1.3571,100,140,240,1.4,99,59
900,290,600,270,510,780,1.8889,220,400,620,1.8182,220,350,570,1.5909,190,260,450,1.3684,160,170,330,1.0625,130,130,260,1.0,100,59
860,300,590,270,530,800,1.963,240,400,640,1.6667,230,340,570,1.4783,200,250,450,1.25,170,180,350,1.0588,140,140,280,1.0,101,59
890,280,610,260,500,760,1.9231,230,380,610,1.6522,230,320,550,1.3913,180,240,420,1.3333,150,150,300,1.0,130,120,250,0.92308,100,59
890,280,610,250,520,770,2.08,230,400,630,1.7391,210,340,550,1.619,190,240,430,1.2632,160,170,330,1.0625,140,130,270,0.92857,100,59
890,280,610,250,490,740,1.96,220,380,600,1.7273,220,330,550,1.5,180,250,430,1.3889,160,170,330,1.0625,120,140,260,1.1667,100,59
900,280,610,250,560,810,2.24,220,410,630,1.8636,220,360,580,1.6364,170,250,420,1.4706,140,170,310,1.2143,120,140,260,1.1667,101,59
900,290,610,260,500,760,1.9231,230,380,610,1.6522,220,330,550,1.5,190,240,430,1.2632,170,160,330,0.94118,140,130,270,0.92857,101,59
890,280,610,250,540,790,2.16,220,410,630,1.8636,220,350,570,1.5909,190,260,450,1.3684,160,170,330,1.0625,140,130,270,0.92857,100,59
880,280,600,260,500,760,1.9231,230,400,630,1.7391,210,340,550,1.619,180,240,420,1.3333,150,170,320,1.1333,130,140,270,1.0769,100,58
910,280,620,250,520,770,2.08,220,390,610,1.7727,200,340,540,1.7,170,240,410,1.4118,140,180,320,1.2857,120,150,270,1.25,100,58
890,290,610,270,500,770,1.8519,230,380,610,1.6522,220,320,540,1.4545,200,230,430,1.15,170,170,340,1.0,140,130,270,0.92857,100,59
900,280,620,300,530,830,1.7667,250,400,650,1.6,230,360,590,1.5652,190,250,440,1.3158,150,170,320,1.1333,140,150,290,1.0714,100,59
880,280,610,280,480,760,1.7143,230,370,600,1.6087,220,330,550,1.5,200,230,430,1.15,160,160,320,1.0,130,140,270,1.0769,100,59
900,280,630,240,530,770,2.2083,220,410,630,1.8636,200,350,550,1.75,170,250,420,1.4706,150,170,320,1.1333,130,140,270,1.0769,99,58
880,270,610,260,500,760,1.9231,240,380,620,1.5833,210,350,560,1.6667,190,260,450,1.3684,160,180,340,1.125,130,130,260,1.0,99,58
900,270,610,230,550,780,2.3913,220,410,630,1.8636,190,350,540,1.8421,180,270,450,1.5,140,190,330,1.3571,110,150,260,1.3636,100,58
900,290,600,250,520,770,2.08,220,390,610,1.7727,210,330,540,1.5714,170,250,420,1.4706,140,170,310,1.2143,120,140,260,1.1667,100,59
890,290,610,250,490,740,1.96,220,380,600,1.7273,210,330,540,1.5714,170,250,420,1.4706,140,170,310,1.2143,140,120,260,0.85714,99,58
880,280,600,250,540,790,2.16,240,400,640,1.6667,220,340,560,1.5455,190,250,440,1.3158,160,170,330,1.0625,150,120,270,0.8,98,58
910,280,610,280,500,780,1.7857,230,410,640,1.7826,220,370,590,1.6818,190,290,480,1.5263,150,180,330,1.2,120,150,270,1.25,99,58
890,300,590,260,540,800,2.0769,230,390,620,1.6957,230,340,570,1.4783,190,250,440,1.3158,160,170,330,1.0625,140,130,270,0.92857,99,58
880,300,600,270,520,790,1.9259,250,420,670,1.68,220,350,570,1.5909,210,260,470,1.2381,160,170,330,1.0625,130,140,270,1.0769,99,58
900,280,630,300,520,820,1.7333,240,390,630,1.625,240,330,570,1.375,210,250,460,1.1905,160,170,330,1.0625,140,140,280,1.0,99,58
890,270,610,230,540,770,2.3478,210,400,610,1.9048,200,360,560,1.8,180,250,430,1.3889,150,180,330,1.2,120,140,260,1.1667,98,58
900,280,620,230,590,820,2.5652,220,430,650,1.9545,200,380,580,1.9,190,260,450,1.3684,150,180,330,1.2,130,150,280,1.1538,98,58
900,280,610,250,510,760,2.04,220,390,610,1.7727,210,340,550,1.619,180,250,430,1.3889,150,170,320,1.1333,130,130,260,1.0,99,58
920,280,610,250,600,850,2.4,220,430,650,1.9545,220,370,590,1.6818,190,260,450,1.3684,150,190,340,1.2667,120,150,270,1.25,99,58
900,310,610,290,490,780,1.6897,250,350,600,1.4,240,330,570,1.375,200,250,450,1.25,170,170,340,1.0,140,130,270,0.92857,99,58
890,280,570,240,550,790,2.2917,220,410,630,1.8636,210,350,560,1.6667,190,260,450,1.3684,150,180,330,1.2,140,130,270,0.92857,99,58
900,320,620,260,630,890,2.4231,230,450,680,1.9565,220,400,620,1.8182,190,280,470,1.4737,160,190,350,1.1875,130,140,270,1.0769,99,58
890,280,610,260,500,760,1.9231,230,390,620,1.6957,220,330,550,1.5,190,230,420,1.2105,170,160,330,0.94118,140,130,270,0.92857,100,59
890,280,600,260,470,730,1.8077,230,370,600,1.6087,220,310,530,1.4091,190,230,420,1.2105,160,160,320,1.0,140,120,260,0.85714,101,59
900,290,610,250,520,770,2.08,230,410,640,1.7826,220,350,570,1.5909,190,250,440,1.3158,150,180,330,1.2,120,130,250,1.0833,101,59
880,280,610,270,490,760,1.8148,240,370,610,1.5417,220,320,540,1.4545,200,240,440,1.2,170,160,330,0.94118,130,130,260,1.0,101,59
890,270,450,250,460,710,1.84,220,400,620,1.8182,210,350,560,1.6667,180,260,440,1.4444,150,180,330,1.2,120,130,250,1.0833,101,59
900,290,600,260,530,790,2.0385,230,400,630,1.7391,210,340,550,1.619,170,240,410,1.4118,150,180,330,1.2,130,140,270,1.0769,101,60
890,280,610,260,530,790,2.0385,230,390,620,1.6957,210,350,560,1.6667,170,250,420,1.4706,140,170,310,1.2143,140,120,260,0.85714,101,59
880,290,600,270,490,760,1.8148,240,390,630,1.625,220,340,560,1.5455,190,250,440,1.3158,160,160,320,1.0,130,130,260,1.0,101,59
900,280,630,260,510,770,1.9615,230,400,630,1.7391,210,340,550,1.619,180,260,440,1.4444,150,180,330,1.2,120,140,260,1.1667,101,59
910,270,620,260,500,760,1.9231,230,390,620,1.6957,230,330,560,1.4348,190,230,420,1.2105,150,160,310,1.0667,130,140,270,1.0769,101,59
870,290,600,270,480,750,1.7778,250,370,620,1.48,230,310,540,1.3478,210,230,440,1.0952,180,160,340,0.88889,150,130,280,0.86667,102,60
880,280,610,250,510,760,2.04,220,400,620,1.8182,210,350,560,1.6667,190,250,440,1.3158,160,160,320,1.0,140,130,270,0.92857,101,60
900,270,620,250,540,790,2.16,210,420,630,2.0,200,370,570,1.85,180,260,440,1.4444,150,170,320,1.1333,120,140,260,1.1667,101,60
900,280,600,250,520,770,2.08,220,400,620,1.8182,210,360,570,1.7143,190,270,460,1.4211,150,180,330,1.2,130,150,280,1.1538,102,60
890,300,590,250,490,740,1.96,230,390,620,1.6957,220,340,560,1.5455,200,250,450,1.25,170,160,330,0.94118,140,130,270,0.92857,103,60
890,300,600,260,520,780,2.0,240,390,630,1.625,230,360,590,1.5652,180,260,440,1.4444,150,180,330,1.2,140,140,280,1.0,103,60
890,270,620,260,550,810,2.1154,230,410,640,1.7826,210,360,570,1.7143,190,260,450,1.3684,160,180,340,1.125,130,150,280,1.1538,102,60
920,270,600,240,500,740,2.0833,210,380,590,1.8095,210,350,560,1.6667,170,250,420,1.4706,140,160,300,1.1429,120,130,250,1.0833,102,60
860,320,570,270,570,840,2.1111,260,420,680,1.6154,240,360,600,1.5,210,260,470,1.2381,160,170,330,1.0625,140,140,280,1.0,102,60
900,290,620,250,510,760,2.04,220,380,600,1.7273,210,350,560,1.6667,180,240,420,1.3333,150,180,330,1.2,120,140,260,1.1667,102,60
900,280,610,260,520,780,2.0,240,370,610,1.5417,210,320,530,1.5238,200,250,450,1.25,150,170,320,1.1333,130,120,250,0.92308,103,60
880,290,610,250,520,770,2.08,230,390,620,1.6957,210,350,560,1.6667,190,240,430,1.2632,160,180,340,1.125,130,130,260,1.0,103,60
910,270,630,290,500,790,1.7241,240,390,630,1.625,220,330,550,1.5,190,260,450,1.3684,150,180,330,1.2,120,150,270,1.25,103,60
870,280,600,260,480,740,1.8462,230,380,610,1.6522,210,320,530,1.5238,180,240,420,1.3333,150,160,310,1.0667,120,130,250,1.0833,103,60
900,270,620,230,530,760,2.3043,210,410,620,1.9524,200,360,560,1.8,170,250,420,1.4706,140,180,320,1.2857,110,140,250,1.2727,103,60
900,280,610,240,620,860,2.5833,210,430,640,2.0476,190,380,570,2.0,160,270,430,1.6875,120,180,300,1.5,100,140,240,1.4,103,60
880,290,600,290,490,780,1.6897,250,400,650,1.6,230,370,600,1.6087,210,290,500,1.381,170,180,350,1.0588,140,120,260,0.85714,104,61
870,290,590,260,470,730,1.8077,230,360,590,1.5652,230,310,540,1.3478,180,220,400,1.2222,150,160,310,1.0667,140,120,260,0.85714,103,61
880,270,590,240,560,800,2.3333,220,410,630,1.8636,200,350,550,1.75,170,250,420,1.4706,140,160,300,1.1429,120,130,250,1.0833,103,60
890,290,610,240,530,770,2.2083,230,390,620,1.6957,200,340,540,1.7,180,260,440,1.4444,150,180,330,1.2,120,130,250,1.0833,103,60
880,280,600,260,610,870,2.3462,220,440,660,2.0,210,390,600,1.8571,180,280,460,1.5556,150,190,340,1.2667,130,150,280,1.1538,103,60
890,280,600,250,500,750,2.0,220,380,600,1.7273,220,320,540,1.4545,170,240,410,1.4118,140,170,310,1.2143,120,120,240,1.0,103,61
900,290,590,270,470,740,1.7407,240,360,600,1.5,220,300,520,1.3636,190,210,400,1.1053,170,160,330,0.94118,140,140,280,1.0,103,61
890,310,610,270,500,770,1.8519,240,370,610,1.5417,230,330,560,1.4348,210,230,440,1.0952,160,160,320,1.0,140,120,260,0.85714,102,60
870,280,600,300,470,770,1.5667,260,370,630,1.4231,250,320,570,1.28,220,230,450,1.0455,180,150,330,0.8333299999999999,150,120,270,0.8,102,60
780,270,600,250,540,790,2.16,220,400,620,1.8182,200,330,530,1.65,170,240,410,1.4118,140,180,320,1.2857,120,130,250,1.0833,102,60
910,270,610,240,520,760,2.1667,210,400,610,1.9048,210,340,550,1.619,170,250,420,1.4706,140,180,320,1.2857,130,140,270,1.0769,103,60
880,300,590,270,450,720,1.6667,240,340,580,1.4167,240,270,510,1.125,210,190,400,0.90476,160,120,280,0.75,150,80,230,0.53333,102,60
890,280,610,260,480,740,1.8462,220,360,580,1.6364,220,310,530,1.4091,170,230,400,1.3529,140,160,300,1.1429,120,130,250,1.0833,101,60
870,280,600,250,520,770,2.08,220,390,610,1.7727,210,340,550,1.619,190,240,430,1.2632,150,160,310,1.0667,130,120,250,0.92308,101,59
890,270,610,250,520,770,2.08,220,410,630,1.8636,200,350,550,1.75,170,240,410,1.4118,140,180,320,1.2857,130,130,260,1.0,101,59
880,280,600,260,590,850,2.2692,220,440,660,2.0,220,370,590,1.6818,190,270,460,1.4211,150,190,340,1.2667,130,150,280,1.1538,101,59
860,280,590,240,550,790,2.2917,220,400,620,1.8182,200,360,560,1.8,190,260,450,1.3684,140,190,330,1.3571,120,150,270,1.25,101,59
910,270,610,260,480,740,1.8462,230,370,600,1.6087,210,310,520,1.4762,170,220,390,1.2941,150,140,290,0.93333,130,100,230,0.76923,102,60
880,280,590,240,500,740,2.0833,220,370,590,1.6818,220,330,550,1.5,190,240,430,1.2632,160,170,330,1.0625,130,140,270,1.0769,101,59
900,290,610,240,520,760,2.1667,230,400,630,1.7391,200,340,540,1.7,180,260,440,1.4444,140,180,320,1.2857,120,140,260,1.1667,100,59
870,290,600,270,510,780,1.8889,240,390,630,1.625,230,330,560,1.4348,190,240,430,1.2632,160,160,320,1.0,140,110,250,0.78571,100,59
900,270,600,240,510,750,2.125,210,390,600,1.8571,210,330,540,1.5714,170,250,420,1.4706,140,180,320,1.2857,130,130,260,1.0,101,59
900,300,600,260,520,780,2.0,230,380,610,1.6522,230,330,560,1.4348,200,220,420,1.1,150,170,320,1.1333,140,130,270,0.92857,101,59
900,270,640,290,530,820,1.8276,260,410,670,1.5769,230,340,570,1.4783,200,270,470,1.35,150,190,340,1.2667,140,150,290,1.0714,101,60
900,260,660,230,590,820,2.5652,200,430,630,2.15,200,370,570,1.85,160,240,400,1.5,140,160,300,1.1429,130,140,270,1.0769,101,60
900,240,670,260,530,790,2.0385,210,400,610,1.9048,200,330,530,1.65,170,240,410,1.4118,160,170,330,1.0625,130,140,270,1.0769,101,60
900,230,670,250,500,750,2.0,250,340,590,1.36,200,270,470,1.35,180,160,340,0.88889,160,110,270,0.6875,130,100,230,0.76923,101,60
910,280,620,250,530,780,2.12,220,380,600,1.7273,220,310,530,1.4091,180,290,470,1.6111,160,190,350,1.1875,140,140,280,1.0,102,60
890,290,600,250,580,830,2.32,240,440,680,1.8333,210,390,600,1.8571,200,270,470,1.35,170,170,340,1.0,140,140,280,1.0,103,60
890,280,610,300,510,810,1.7,250,400,650,1.6,230,360,590,1.5652,200,260,460,1.3,170,180,350,1.0588,140,130,270,0.92857,102,60
890,280,610,260,510,770,1.9615,230,410,640,1.7826,210,340,550,1.619,200,260,460,1.3,150,180,330,1.2,140,130,270,0.92857,102,60
910,290,610,250,530,780,2.12,220,410,630,1.8636,220,360,580,1.6364,190,260,450,1.3684,160,180,340,1.125,140,130,270,0.92857,103,60
890,300,600,270,470,740,1.7407,250,390,640,1.56,230,350,580,1.5217,200,250,450,1.25,170,160,330,0.94118,130,130,260,1.0,103,60
900,270,620,240,490,730,2.0417,230,390,620,1.6957,200,340,540,1.7,180,250,430,1.3889,150,180,330,1.2,120,140,260,1.1667,102,60
920,280,620,240,520,760,2.1667,210,410,620,1.9524,210,360,570,1.7143,180,260,440,1.4444,150,180,330,1.2,120,150,270,1.25,102,60
890,300,600,260,490,750,1.8846,230,380,610,1.6522,230,330,560,1.4348,180,240,420,1.3333,150,170,320,1.1333,120,130,250,1.0833,102,60
910,290,620,250,550,800,2.2,230,420,650,1.8261,210,350,560,1.6667,190,260,450,1.3684,150,180,330,1.2,140,150,290,1.0714,102,60
890,290,600,270,480,750,1.7778,250,360,610,1.44,230,300,530,1.3043,210,240,450,1.1429,170,180,350,1.0588,140,130,270,0.92857,101,60
890,280,470,250,480,730,1.92,220,400,620,1.8182,210,350,560,1.6667,190,240,430,1.2632,160,160,320,1.0,140,130,270,0.92857,101,60
870,300,590,270,490,760,1.8148,240,380,620,1.5833,220,330,550,1.5,190,240,430,1.2632,160,170,330,1.0625,130,130,260,1.0,101,59
900,280,620,240,500,740,2.0833,220,380,600,1.7273,200,340,540,1.7,170,260,430,1.5294,140,190,330,1.3571,110,150,260,1.3636,102,60
890,280,610,260,530,790,2.0385,220,410,630,1.8636,220,360,580,1.6364,170,250,420,1.4706,140,180,320,1.2857,130,150,280,1.1538,101,60
910,280,630,300,510,810,1.7,230,400,630,1.7391,220,340,560,1.5455,190,230,420,1.2105,150,160,310,1.0667,130,160,290,1.2308,101,60
870,280,620,300,490,790,1.6333,230,370,600,1.6087,230,330,560,1.4348,190,250,440,1.3158,160,160,320,1.0,140,140,280,1.0,100,59
890,290,610,250,550,800,2.2,240,400,640,1.6667,220,350,570,1.5909,190,260,450,1.3684,160,180,340,1.125,130,130,260,1.0,100,59
890,280,600,240,510,750,2.125,230,400,630,1.7391,210,350,560,1.6667,180,250,430,1.3889,140,180,320,1.2857,120,130,250,1.0833,100,59
900,290,610,260,510,770,1.9615,220,390,610,1.7727,220,320,540,1.4545,180,240,420,1.3333,150,170,320,1.1333,120,130,250,1.0833,101,59
900,290,600,270,510,780,1.8889,240,380,620,1.5833,220,330,550,1.5,200,240,440,1.2,150,170,320,1.1333,130,120,250,0.92308,102,60
890,290,610,260,490,750,1.8846,210,380,590,1.8095,210,330,540,1.5714,170,250,420,1.4706,140,170,310,1.2143,120,130,250,1.0833,101,60
890,290,590,250,520,770,2.08,230,380,610,1.6522,220,350,570,1.5909,190,240,430,1.2632,160,180,340,1.125,140,140,280,1.0,101,60
890,300,610,260,510,770,1.9615,230,380,610,1.6522,220,330,550,1.5,190,240,430,1.2632,160,180,340,1.125,130,140,270,1.0769,101,60
890,280,610,260,530,790,2.0385,210,400,610,1.9048,210,350,560,1.6667,180,250,430,1.3889,140,170,310,1.2143,120,140,260,1.1667,102,60
830,280,590,250,510,760,2.04,230,390,620,1.6957,210,340,550,1.619,180,250,430,1.3889,140,170,310,1.2143,120,130,250,1.0833,102,60
880,270,610,250,530,780,2.12,210,390,600,1.8571,200,330,530,1.65,160,240,400,1.5,130,180,310,1.3846,120,130,250,1.0833,101,60
890,300,600,250,500,750,2.0,220,390,610,1.7727,220,330,550,1.5,180,250,430,1.3889,140,170,310,1.2143,130,120,250,0.92308,101,60
880,290,580,260,500,760,1.9231,240,400,640,1.6667,230,340,570,1.4783,190,230,420,1.2105,160,170,330,1.0625,140,120,260,0.85714,102,60
880,300,590,270,520,790,1.9259,230,390,620,1.6957,230,330,560,1.4348,190,240,430,1.2632,160,150,310,0.9375,140,120,260,0.85714,103,61
870,290,600,260,500,760,1.9231,220,370,590,1.6818,210,310,520,1.4762,190,240,430,1.2632,160,170,330,1.0625,130,130,260,1.0,103,61
890,270,630,290,480,770,1.6552,260,380,640,1.4615,240,340,580,1.4167,190,240,430,1.2632,160,180,340,1.125,150,150,300,1.0,102,60
890,260,600,230,540,770,2.3478,210,400,610,1.9048,200,350,550,1.75,170,260,430,1.5294,130,180,310,1.3846,110,150,260,1.3636,102,60
890,300,600,250,490,740,1.96,240,380,620,1.5833,210,330,540,1.5714,180,240,420,1.3333,150,170,320,1.1333,130,120,250,0.92308,102,60
880,290,590,280,480,760,1.7143,250,380,630,1.52,220,330,550,1.5,200,250,450,1.25,170,170,340,1.0,150,120,270,0.8,103,61
880,290,590,250,540,790,2.16,230,400,630,1.7391,220,330,550,1.5,200,240,440,1.2,150,170,320,1.1333,140,130,270,0.92857,103,61
880,290,610,270,510,780,1.8889,240,400,640,1.6667,220,350,570,1.5909,190,250,440,1.3158,150,180,330,1.2,130,130,260,1.0,102,61
880,270,620,290,490,780,1.6897,240,370,610,1.5417,220,320,540,1.4545,200,250,450,1.25,150,170,320,1.1333,140,140,280,1.0,102,61
880,260,610,230,540,770,2.3478,200,410,610,2.05,190,360,550,1.8947,170,260,430,1.5294,140,170,310,1.2143,120,140,260,1.1667,102,60
890,300,600,250,500,750,2.0,240,380,620,1.5833,210,330,540,1.5714,180,230,410,1.2778,150,170,320,1.1333,130,140,270,1.0769,102,60
890,290,580,250,470,720,1.88,230,400,630,1.7391,220,350,570,1.5909,190,250,440,1.3158,160,170,330,1.0625,120,130,250,1.0833,102,60
870,310,580,270,510,780,1.8889,230,370,600,1.6087,220,320,540,1.4545,200,240,440,1.2,160,170,330,1.0625,140,120,260,0.85714,102,61
890,290,620,290,500,790,1.7241,240,400,640,1.6667,220,350,570,1.5909,190,250,440,1.3158,160,190,350,1.1875,130,140,270,1.0769,102,60
880,270,610,250,490,740,1.96,220,360,580,1.6364,210,320,530,1.5238,180,240,420,1.3333,160,170,330,1.0625,130,140,270,1.0769,101,60
880,270,600,240,530,770,2.2083,220,380,600,1.7273,210,340,550,1.619,170,250,420,1.4706,140,160,300,1.1429,120,130,250,1.0833,101,60
870,280,600,250,480,730,1.92,220,360,580,1.6364,220,310,530,1.4091,180,230,410,1.2778,150,160,310,1.0667,140,130,270,0.92857,102,60
680,270,610,240,470,710,1.9583,210,390,600,1.8571,210,350,560,1.6667,180,240,420,1.3333,130,180,310,1.3846,120,150,270,1.25,102,60
880,270,600,250,530,780,2.12,220,400,620,1.8182,210,340,550,1.619,180,250,430,1.3889,150,170,320,1.1333,130,140,270,1.0769,101,60
880,280,600,250,540,790,2.16,220,390,610,1.7727,200,340,540,1.7,190,250,440,1.3158,160,160,320,1.0,130,130,260,1.0,101,60
880,280,600,240,520,760,2.1667,220,400,620,1.8182,200,360,560,1.8,170,270,440,1.5882,140,200,340,1.4286,120,160,280,1.3333,101,60
900,280,600,240,490,730,2.0417,210,380,590,1.8095,210,330,540,1.5714,170,240,410,1.4118,140,180,320,1.2857,110,130,240,1.1818,102,60
880,300,570,250,460,710,1.84,240,340,580,1.4167,210,320,530,1.5238,200,240,440,1.2,170,170,340,1.0,140,120,260,0.85714,102,60
880,310,600,260,490,750,1.8846,230,370,600,1.6087,220,320,540,1.4545,200,230,430,1.15,170,150,320,0.88235,140,130,270,0.92857,101,60
880,280,590,300,480,780,1.6,260,370,630,1.4231,250,320,570,1.28,200,230,430,1.15,170,170,340,1.0,140,130,270,0.92857,101,60
890,290,590,260,600,860,2.3077,230,450,680,1.9565,210,380,590,1.8095,180,260,440,1.4444,140,190,330,1.3571,130,140,270,1.0769,101,60
900,300,590,260,520,780,2.0,220,370,590,1.6818,210,320,530,1.5238,180,230,410,1.2778,150,160,310,1.0667,140,130,270,0.92857,101,60
860,310,580,270,490,760,1.8148,240,360,600,1.5,230,310,540,1.3478,200,230,430,1.15,160,160,320,1.0,140,110,250,0.78571,101,60
890,280,590,240,510,750,2.125,230,390,620,1.6957,210,330,540,1.5714,180,240,420,1.3333,150,180,330,1.2,120,140,260,1.1667,101,60
890,300,580,280,440,720,1.5714,240,330,570,1.375,220,300,520,1.3636,190,240,430,1.2632,160,180,340,1.125,130,150,280,1.1538,102,60
860,310,580,270,530,800,1.963,240,380,620,1.5833,230,340,570,1.4783,200,230,430,1.15,160,160,320,1.0,140,120,260,0.85714,102,60
890,280,590,300,480,780,1.6,240,370,610,1.5417,220,330,550,1.5,190,230,420,1.2105,150,170,320,1.1333,130,150,280,1.1538,102,60
880,300,600,260,610,870,2.3462,220,450,670,2.0455,200,380,580,1.9,170,270,440,1.5882,140,190,330,1.3571,110,150,260,1.3636,102,60
890,280,610,230,510,740,2.2174,220,390,610,1.7727,200,350,550,1.75,170,250,420,1.4706,140,170,310,1.2143,120,140,260,1.1667,102,60
890,280,590,240,490,730,2.0417,220,390,610,1.7727,200,340,540,1.7,170,250,420,1.4706,130,170,300,1.3077,110,130,240,1.1818,102,60
840,300,550,270,460,730,1.7037,240,350,590,1.4583,220,300,520,1.3636,190,220,410,1.1579,160,140,300,0.875,140,120,260,0.85714,102,60
890,290,590,260,460,720,1.7692,220,360,580,1.6364,220,300,520,1.3636,190,250,440,1.3158,160,170,330,1.0625,130,140,270,1.0769,103,61
870,300,590,260,490,750,1.8846,230,350,580,1.5217,230,310,540,1.3478,180,220,400,1.2222,150,150,300,1.0,130,120,250,0.92308,103,61
880,280,550,300,450,750,1.5,240,340,580,1.4167,220,300,520,1.3636,180,230,410,1.2778,150,170,320,1.1333,140,120,260,0.85714,102,61
870,330,590,240,570,810,2.375,210,400,610,1.9048,200,360,560,1.8,170,250,420,1.4706,150,170,320,1.1333,130,140,270,1.0769,102,60
880,280,600,250,520,770,2.08,220,390,610,1.7727,210,340,550,1.619,180,250,430,1.3889,140,180,320,1.2857,120,130,250,1.0833,102,60
880,280,600,250,520,770,2.08,210,380,590,1.8095,210,330,540,1.5714,180,250,430,1.3889,120,180,300,1.5,100,130,230,1.3,102,60
870,280,590,240,500,740,2.0833,220,380,600,1.7273,210,320,530,1.5238,190,230,420,1.2105,160,170,330,1.0625,130,140,270,1.0769,102,60
880,280,600,270,460,730,1.7037,230,340,570,1.4783,210,300,510,1.4286,190,270,460,1.4211,150,190,340,1.2667,120,140,260,1.1667,103,61
900,280,620,240,510,750,2.125,220,400,620,1.8182,210,350,560,1.6667,180,240,420,1.3333,150,180,330,1.2,120,140,260,1.1667,102,61
860,280,600,290,440,730,1.5172,240,330,570,1.375,220,290,510,1.3182,190,210,400,1.1053,170,150,320,0.88235,140,120,260,0.85714,102,60
890,260,610,230,530,760,2.3043,200,400,600,2.0,200,340,540,1.7,170,250,420,1.4706,130,170,300,1.3077,110,130,240,1.1818,101,60
880,280,590,250,520,770,2.08,230,390,620,1.6957,210,340,550,1.619,180,250,430,1.3889,170,170,340,1.0,140,120,260,0.85714,102,60
890,290,590,250,550,800,2.2,220,410,630,1.8636,210,340,550,1.619,170,260,430,1.5294,130,170,300,1.3077,120,140,260,1.1667,102,60
870,300,590,250,490,740,1.96,230,360,590,1.5652,230,330,560,1.4348,200,220,420,1.1,160,160,320,1.0,130,130,260,1.0,102,60
880,280,590,260,450,710,1.7308,230,340,570,1.4783,220,290,510,1.3182,190,250,440,1.3158,150,180,330,1.2,130,140,270,1.0769,102,61
900,290,620,280,500,780,1.7857,240,400,640,1.6667,220,350,570,1.5909,200,260,460,1.3,150,180,330,1.2,120,140,260,1.1667,102,61
860,280,590,260,440,700,1.6923,230,340,570,1.4783,220,300,520,1.3636,200,220,420,1.1,150,140,290,0.93333,150,110,260,0.73333,101,60
890,270,600,250,540,790,2.16,200,390,590,1.95,200,340,540,1.7,170,250,420,1.4706,140,180,320,1.2857,130,140,270,1.0769,101,60
880,290,590,250,510,760,2.04,220,380,600,1.7273,210,330,540,1.5714,180,230,410,1.2778,150,170,320,1.1333,140,130,270,0.92857,101,60
870,290,600,260,510,770,1.9615,230,380,610,1.6522,210,320,530,1.5238,170,250,420,1.4706,130,170,300,1.3077,100,130,230,1.3,102,60
900,270,590,240,540,780,2.25,210,400,610,1.9048,200,350,550,1.75,180,260,440,1.4444,150,170,320,1.1333,130,130,260,1.0,102,60
880,310,570,260,430,690,1.6538,240,330,570,1.375,230,280,510,1.2174,200,220,420,1.1,160,160,320,1.0,150,120,270,0.8,102,60
870,270,610,250,480,730,1.92,230,350,580,1.5217,200,320,520,1.6,180,240,420,1.3333,140,160,300,1.1429,120,130,250,1.0833,101,60
890,260,610,240,560,800,2.3333,220,410,630,1.8636,190,350,540,1.8421,170,260,430,1.5294,130,180,310,1.3846,130,130,260,1.0,101,60
570,280,560,260,500,760,1.9231,230,370,600,1.6087,210,340,550,1.619,180,230,410,1.2778,160,160,320,1.0,130,130,260,1.0,101,60
890,280,600,250,520,770,2.08,230,390,620,1.6957,220,330,550,1.5,190,240,430,1.2632,140,170,310,1.2143,130,130,260,1.0,101,60
880,290,580,270,440,710,1.6296,230,340,570,1.4783,220,280,500,1.2727,190,200,390,1.0526,160,150,310,0.9375,140,120,260,0.85714,101,60
870,280,600,250,610,860,2.44,220,370,590,1.6818,200,330,530,1.65,190,240,430,1.2632,150,170,320,1.1333,120,130,250,1.0833,100,59
890,270,600,230,540,770,2.3478,220,400,620,1.8182,200,350,550,1.75,170,260,430,1.5294,150,180,330,1.2,110,140,250,1.2727,100,59
880,290,600,250,510,760,2.04,220,380,600,1.7273,220,340,560,1.5455,190,250,440,1.3158,160,180,340,1.125,130,140,270,1.0769,100,59
890,280,600,250,470,720,1.88,220,370,590,1.6818,200,320,520,1.6,170,230,400,1.3529,130,170,300,1.3077,130,130,260,1.0,101,60
890,290,590,250,510,760,2.04,220,380,600,1.7273,210,330,540,1.5714,180,240,420,1.3333,150,170,320,1.1333,130,120,250,0.92308,101,60
870,300,590,270,450,720,1.6667,240,330,570,1.375,220,280,500,1.2727,190,200,390,1.0526,160,160,320,1.0,150,130,280,0.86667,101,60
890,280,610,300,480,780,1.6,260,370,630,1.4231,240,320,560,1.3333,200,230,430,1.15,170,170,340,1.0,140,130,270,0.92857,100,59
890,280,600,240,510,750,2.125,210,400,610,1.9048,190,340,530,1.7895,170,250,420,1.4706,130,170,300,1.3077,120,130,250,1.0833,100,59
880,290,600,250,500,750,2.0,220,380,600,1.7273,210,320,530,1.5238,180,230,410,1.2778,140,160,300,1.1429,130,120,250,0.92308,100,59
870,280,590,240,480,720,2.0,220,360,580,1.6364,210,320,530,1.5238,180,220,400,1.2222,150,160,310,1.0667,120,120,240,1.0,101,60
900,280,600,250,530,780,2.12,220,390,610,1.7727,200,340,540,1.7,180,240,420,1.3333,130,170,300,1.3077,110,140,250,1.2727,102,60
860,300,590,290,470,760,1.6207,240,340,580,1.4167,240,300,540,1.25,200,210,410,1.05,170,150,320,0.88235,140,130,270,0.92857,101,60
880,270,610,290,480,770,1.6552,230,380,610,1.6522,210,330,540,1.5714,180,240,420,1.3333,150,180,330,1.2,120,140,260,1.1667,101,60
870,280,590,260,500,760,1.9231,240,380,620,1.5833,210,340,550,1.619,190,230,420,1.2105,160,160,320,1.0,130,130,260,1.0,101,60
880,280,600,240,500,740,2.0833,230,390,620,1.6957,210,320,530,1.5238,180,230,410,1.2778,140,160,300,1.1429,120,140,260,1.1667,101,60
880,280,590,250,470,720,1.88,220,360,580,1.6364,210,320,530,1.5238,180,240,420,1.3333,140,150,290,1.0714,120,120,240,1.0,101,60
880,290,590,260,510,770,1.9615,230,380,610,1.6522,210,320,530,1.5238,180,240,420,1.3333,140,170,310,1.2143,140,130,270,0.92857,102,60
860,290,590,280,470,750,1.6786,230,350,580,1.5217,220,310,530,1.4091,190,220,410,1.1579,150,160,310,1.0667,130,130,260,1.0,100,60
900,270,610,250,520,770,2.08,220,410,630,1.8636,210,350,560,1.6667,170,240,410,1.4118,140,180,320,1.2857,130,130,260,1.0,100,60
860,290,570,260,460,720,1.7692,230,360,590,1.5652,220,310,530,1.4091,190,230,420,1.2105,150,160,310,1.0667,130,120,250,0.92308,100,60
890,290,600,250,480,730,1.92,220,370,590,1.6818,220,320,540,1.4545,170,230,400,1.3529,130,170,300,1.3077,120,120,240,1.0,101,60
880,290,590,260,490,750,1.8846,220,370,590,1.6818,220,320,540,1.4545,180,240,420,1.3333,150,150,300,1.0,140,120,260,0.85714,101,60
880,270,610,250,480,730,1.92,220,360,580,1.6364,200,310,510,1.55,190,230,420,1.2105,150,170,320,1.1333,120,130,250,1.0833,100,60
880,270,610,240,510,750,2.125,210,400,610,1.9048,210,350,560,1.6667,180,250,430,1.3889,150,180,330,1.2,110,150,260,1.3636,100,60
880,270,610,250,500,750,2.0,220,370,590,1.6818,200,340,540,1.7,170,230,400,1.3529,150,180,330,1.2,130,140,270,1.0769,101,60
900,270,610,250,490,740,1.96,220,380,600,1.7273,200,320,520,1.6,170,240,410,1.4118,140,180,320,1.2857,110,130,240,1.1818,101,60
880,290,590,260,510,770,1.9615,230,380,610,1.6522,230,320,550,1.3913,190,240,430,1.2632,170,160,330,0.94118,140,130,270,0.92857,101,60
880,290,580,250,480,730,1.92,220,370,590,1.6818,220,320,540,1.4545,190,220,410,1.1579,140,160,300,1.1429,130,130,260,1.0,100,60
890,270,600,240,520,760,2.1667,220,400,620,1.8182,210,350,560,1.6667,190,260,450,1.3684,160,170,330,1.0625,120,140,260,1.1667,100,59
880,290,580,250,480,730,1.92,240,370,610,1.5417,220,320,540,1.4545,190,230,420,1.2105,160,160,320,1.0,130,130,260,1.0,100,59
870,300,590,250,480,730,1.92,230,370,600,1.6087,210,320,530,1.5238,180,230,410,1.2778,150,150,300,1.0,130,120,250,0.92308,101,60
880,280,600,250,510,760,2.04,240,380,620,1.5833,220,330,550,1.5,190,230,420,1.2105,150,170,320,1.1333,120,140,260,1.1667,101,60
880,270,610,240,510,750,2.125,210,380,590,1.8095,210,340,550,1.619,180,240,420,1.3333,130,180,310,1.3846,130,140,270,1.0769,101,60
890,270,600,250,490,740,1.96,210,380,590,1.8095,200,320,520,1.6,170,230,400,1.3529,150,170,320,1.1333,130,130,260,1.0,101,60
870,290,590,250,470,720,1.88,220,360,580,1.6364,220,320,540,1.4545,190,220,410,1.1579,160,160,320,1.0,130,130,260,1.0,102,60
870,280,590,240,500,740,2.0833,230,370,600,1.6087,200,330,530,1.65,180,230,410,1.2778,140,180,320,1.2857,130,140,270,1.0769,102,60
890,280,610,300,490,790,1.6333,230,380,610,1.6522,220,320,540,1.4545,190,240,430,1.2632,160,170,330,1.0625,130,120,250,0.92308,102,60
880,280,610,240,560,800,2.3333,210,420,630,2.0,210,360,570,1.7143,160,260,420,1.625,130,170,300,1.3077,130,140,270,1.0769,102,60
880,270,600,240,490,730,2.0417,210,370,580,1.7619,210,340,550,1.619,180,240,420,1.3333,140,170,310,1.2143,130,130,260,1.0,102,60
890,280,630,250,530,780,2.12,220,400,620,1.8182,200,330,530,1.65,170,250,420,1.4706,140,170,310,1.2143,130,130,260,1.0,102,60
870,260,590,260,470,730,1.8077,230,360,590,1.5652,210,310,520,1.4762,180,230,410,1.2778,150,170,320,1.1333,140,130,270,0.92857,103,61
890,280,600,250,510,760,2.04,230,390,620,1.6957,200,330,530,1.65,170,250,420,1.4706,140,180,320,1.2857,120,130,250,1.0833,102,60
870,280,590,250,560,810,2.24,220,400,620,1.8182,200,350,550,1.75,170,240,410,1.4118,140,170,310,1.2143,130,130,260,1.0,101,60
890,260,610,230,490,720,2.1304,210,380,590,1.8095,190,330,520,1.7368,170,240,410,1.4118,140,180,320,1.2857,110,150,260,1.3636,102,60
870,280,620,250,530,780,2.12,220,380,600,1.7273,220,340,560,1.5455,190,240,430,1.2632,160,170,330,1.0625,120,140,260,1.1667,102,60
890,250,600,240,480,720,2.0,210,360,570,1.7143,190,310,500,1.6316,170,240,410,1.4118,140,170,310,1.2143,110,140,250,1.2727,102,60
880,290,610,280,510,790,1.8214,230,380,610,1.6522,230,340,570,1.4783,190,230,420,1.2105,150,160,310,1.0667,140,130,270,0.92857,102,60
870,270,600,290,460,750,1.5862,230,340,570,1.4783,220,310,530,1.4091,190,220,410,1.1579,160,150,310,0.9375,130,100,230,0.76923,101,60
880,270,580,240,520,760,2.1667,210,380,590,1.8095,210,330,540,1.5714,170,240,410,1.4118,150,160,310,1.0667,120,130,250,1.0833,101,60
870,270,600,250,490,740,1.96,230,380,610,1.6522,200,330,530,1.65,190,240,430,1.2632,140,170,310,1.2143,120,130,250,1.0833,101,60
890,270,630,250,520,770,2.08,220,390,610,1.7727,210,330,540,1.5714,180,240,420,1.3333,140,180,320,1.2857,120,130,250,1.0833,102,60
870,260,590,250,460,710,1.84,220,360,580,1.6364,220,300,520,1.3636,180,220,400,1.2222,140,150,290,1.0714,120,120,240,1.0,102,60
880,280,610,300,500,800,1.6667,230,400,630,1.7391,220,350,570,1.5909,180,250,430,1.3889,150,190,340,1.2667,130,140,270,1.0769,102,60
870,270,610,230,490,720,2.1304,210,370,580,1.7619,200,320,520,1.6,180,220,400,1.2222,130,160,290,1.2308,110,120,230,1.0909,101,60
890,260,610,240,530,770,2.2083,200,400,600,2.0,190,340,530,1.7895,160,250,410,1.5625,130,180,310,1.3846,110,140,250,1.2727,100,60
860,280,600,260,580,840,2.2308,230,430,660,1.8696,220,370,590,1.6818,190,230,420,1.2105,150,160,310,1.0667,130,130,260,1.0,100,60
850,260,590,230,480,710,2.087,200,380,580,1.9,190,330,520,1.7368,160,240,400,1.5,150,190,340,1.2667,120,140,260,1.1667,101,60
880,260,620,250,530,780,2.12,210,380,590,1.8095,200,340,540,1.7,180,240,420,1.3333,140,180,320,1.2857,120,130,250,1.0833,101,60
880,260,590,250,460,710,1.84,230,350,580,1.5217,210,300,510,1.4286,190,210,400,1.1053,160,160,320,1.0,130,120,250,0.92308,101,60
880,280,600,240,510,750,2.125,210,370,580,1.7619,210,320,530,1.5238,170,220,390,1.2941,150,150,300,1.0,120,100,220,0.8333299999999999,100,60
870,280,580,240,540,780,2.25,230,400,630,1.7391,200,340,540,1.7,180,230,410,1.2778,160,170,330,1.0625,130,130,260,1.0,100,60
870,290,590,240,510,750,2.125,220,400,620,1.8182,200,340,540,1.7,180,240,420,1.3333,150,160,310,1.0667,120,140,260,1.1667,100,60
880,280,600,250,480,730,1.92,230,370,600,1.6087,210,320,530,1.5238,170,230,400,1.3529,150,170,320,1.1333,130,140,270,1.0769,101,60
880,280,600,240,510,750,2.125,220,380,600,1.7273,220,320,540,1.4545,190,240,430,1.2632,140,170,310,1.2143,130,130,260,1.0,101,60
870,280,580,250,460,710,1.84,230,340,570,1.4783,210,310,520,1.4762,180,210,390,1.1667,160,150,310,0.9375,130,120,250,0.92308,101,60
870,290,580,240,590,830,2.4583,220,440,660,2.0,210,360,570,1.7143,180,260,440,1.4444,140,160,300,1.1429,120,130,250,1.0833,101,60
880,290,600,260,520,780,2.0,210,390,600,1.8571,210,330,540,1.5714,170,240,410,1.4118,140,160,300,1.1429,130,130,260,1.0,101,60
860,280,600,260,480,740,1.8462,210,370,580,1.7619,210,320,530,1.5238,180,230,410,1.2778,150,160,310,1.0667,140,130,270,0.92857,102,60
890,260,600,230,480,710,2.087,210,360,570,1.7143,190,330,520,1.7368,170,240,410,1.4118,150,170,320,1.1333,110,130,240,1.1818,102,60
880,290,570,250,490,740,1.96,220,380,600,1.7273,220,330,550,1.5,190,220,410,1.1579,160,170,330,1.0625,130,120,250,0.92308,103,61
590,310,580,250,460,710,1.84,230,340,570,1.4783,210,300,510,1.4286,180,220,400,1.2222,160,150,310,0.9375,140,120,260,0.85714,103,61
860,290,580,250,590,840,2.36,220,450,670,2.0455,220,380,600,1.7273,180,250,430,1.3889,150,170,320,1.1333,120,130,250,1.0833,103,61
870,280,590,250,520,770,2.08,230,390,620,1.6957,200,340,540,1.7,170,230,400,1.3529,150,170,320,1.1333,130,140,270,1.0769,103,61
880,280,610,250,480,730,1.92,220,390,610,1.7727,220,360,580,1.6364,170,260,430,1.5294,140,180,320,1.2857,130,130,260,1.0,103,61
870,270,600,250,470,720,1.88,210,370,580,1.7619,210,320,530,1.5238,170,230,400,1.3529,140,160,300,1.1429,120,130,250,1.0833,103,61
890,270,590,250,520,770,2.08,220,390,610,1.7727,200,340,540,1.7,170,240,410,1.4118,150,180,330,1.2,120,140,260,1.1667,104,61
860,300,580,260,440,700,1.6923,230,340,570,1.4783,220,300,520,1.3636,190,210,400,1.1053,160,150,310,0.9375,130,130,260,1.0,104,61
890,280,610,300,480,780,1.6,250,360,610,1.44,230,320,550,1.3913,190,220,410,1.1579,150,160,310,1.0667,130,140,270,1.0769,103,61
880,270,590,230,530,760,2.3043,210,400,610,1.9048,190,350,540,1.8421,170,250,420,1.4706,140,180,320,1.2857,120,140,260,1.1667,103,61
880,290,590,260,470,730,1.8077,220,380,600,1.7273,210,330,540,1.5714,180,250,430,1.3889,140,170,310,1.2143,130,130,260,1.0,104,61
880,290,580,260,460,720,1.7692,220,360,580,1.6364,210,310,520,1.4762,180,230,410,1.2778,150,160,310,1.0667,130,110,240,0.84615,104,61
870,300,580,270,520,790,1.9259,240,380,620,1.5833,220,310,530,1.4091,190,230,420,1.2105,150,150,300,1.0,140,120,260,0.85714,104,62
880,290,590,260,470,730,1.8077,230,350,580,1.5217,220,310,530,1.4091,190,220,410,1.1579,160,150,310,0.9375,140,130,270,0.92857,103,61
880,280,610,250,540,790,2.16,220,400,620,1.8182,200,350,550,1.75,170,250,420,1.4706,150,180,330,1.2,120,130,250,1.0833,103,61
880,270,600,250,490,740,1.96,220,380,600,1.7273,210,330,540,1.5714,180,250,430,1.3889,150,170,320,1.1333,120,130,250,1.0833,103,61
880,280,590,240,490,730,2.0417,220,370,590,1.6818,200,310,510,1.55,180,230,410,1.2778,150,150,300,1.0,120,120,240,1.0,104,61
870,290,580,250,510,760,2.04,230,380,610,1.6522,210,330,540,1.5714,180,220,400,1.2222,160,160,320,1.0,130,130,260,1.0,104,61
890,290,610,270,500,770,1.8519,230,390,620,1.6957,210,330,540,1.5714,190,240,430,1.2632,160,170,330,1.0625,130,140,270,1.0769,104,62
880,280,600,300,480,780,1.6,240,360,600,1.5,230,300,530,1.3043,210,220,430,1.0476,160,160,320,1.0,150,120,270,0.8,103,61
870,290,590,240,500,740,2.0833,230,390,620,1.6957,210,340,550,1.619,180,240,420,1.3333,150,160,310,1.0667,120,120,240,1.0,102,61
870,280,600,250,480,730,1.92,220,400,620,1.8182,220,350,570,1.5909,180,250,430,1.3889,140,180,320,1.2857,120,140,260,1.1667,102,61
880,270,600,240,490,730,2.0417,210,360,570,1.7143,200,330,530,1.65,170,230,400,1.3529,130,170,300,1.3077,120,120,240,1.0,103,61
890,280,600,240,500,740,2.0833,210,370,580,1.7619,210,330,540,1.5714,180,240,420,1.3333,150,160,310,1.0667,120,130,250,1.0833,103,61
860,270,590,260,460,720,1.7692,220,350,570,1.5909,220,300,520,1.3636,180,230,410,1.2778,160,170,330,1.0625,140,130,270,0.92857,102,61
870,290,590,240,510,750,2.125,220,370,590,1.6818,220,340,560,1.5455,180,230,410,1.2778,150,170,320,1.1333,120,130,250,1.0833,102,61
880,280,590,270,480,750,1.7778,240,390,630,1.625,210,340,550,1.619,190,240,430,1.2632,160,160,320,1.0,130,130,260,1.0,102,61
860,290,590,250,500,750,2.0,230,370,600,1.6087,220,320,540,1.4545,200,230,430,1.15,160,150,310,0.9375,140,120,260,0.85714,102,61
880,270,590,240,490,730,2.0417,220,370,590,1.6818,200,320,520,1.6,170,240,410,1.4118,140,180,320,1.2857,120,120,240,1.0,103,61
880,280,590,250,460,710,1.84,230,350,580,1.5217,220,310,530,1.4091,190,220,410,1.1579,150,150,300,1.0,140,120,260,0.85714,102,61
860,280,590,250,470,720,1.88,220,360,580,1.6364,200,320,520,1.6,170,220,390,1.2941,160,160,320,1.0,130,130,260,1.0,101,61
890,270,610,230,500,730,2.1739,210,390,600,1.8571,200,360,560,1.8,160,250,410,1.5625,130,180,310,1.3846,120,160,280,1.3333,102,61
890,280,590,240,500,740,2.0833,220,380,600,1.7273,210,330,540,1.5714,180,240,420,1.3333,150,160,310,1.0667,130,140,270,1.0769,102,61
870,300,570,260,480,740,1.8462,250,350,600,1.4,230,310,540,1.3478,190,220,410,1.1579,160,150,310,0.9375,130,120,250,0.92308,103,61
870,290,600,240,480,720,2.0,230,370,600,1.6087,200,310,510,1.55,180,230,410,1.2778,150,160,310,1.0667,130,120,250,0.92308,102,61
870,300,580,260,500,760,1.9231,240,380,620,1.5833,230,330,560,1.4348,200,230,430,1.15,150,150,300,1.0,130,110,240,0.84615,102,61
880,290,600,270,490,760,1.8148,230,400,630,1.7391,230,350,580,1.5217,180,240,420,1.3333,160,170,330,1.0625,140,140,280,1.0,102,61
880,280,590,250,520,770,2.08,220,380,600,1.7273,220,340,560,1.5455,190,230,420,1.2105,190,170,360,0.89474,140,130,270,0.92857,103,61
880,290,580,270,520,790,1.9259,220,380,600,1.7273,220,320,540,1.4545,190,240,430,1.2632,160,160,320,1.0,130,120,250,0.92308,103,61
880,270,600,250,490,740,1.96,210,370,580,1.7619,200,320,520,1.6,170,230,400,1.3529,130,170,300,1.3077,130,130,260,1.0,102,60
870,280,600,260,570,830,2.1923,230,410,640,1.7826,220,350,570,1.5909,180,240,420,1.3333,140,160,300,1.1429,140,130,270,0.92857,102,60
870,270,590,250,540,790,2.16,220,400,620,1.8182,200,340,540,1.7,170,240,410,1.4118,140,180,320,1.2857,130,130,260,1.0,102,60
890,280,600,250,490,740,1.96,220,390,610,1.7727,200,350,550,1.75,170,260,430,1.5294,140,180,320,1.2857,110,140,250,1.2727,102,60
880,290,590,240,540,780,2.25,230,380,610,1.6522,210,330,540,1.5714,190,250,440,1.3158,160,160,320,1.0,130,130,260,1.0,103,60
880,290,590,250,490,740,1.96,220,380,600,1.7273,210,320,530,1.5238,190,230,420,1.2105,150,170,320,1.1333,120,120,240,1.0,102,60
880,270,600,240,540,780,2.25,210,420,630,2.0,210,350,560,1.6667,170,240,410,1.4118,140,180,320,1.2857,130,140,270,1.0769,101,60
870,290,590,240,480,720,2.0,230,380,610,1.6522,200,320,520,1.6,180,240,420,1.3333,150,170,320,1.1333,130,130,260,1.0,101,60
880,280,590,270,480,750,1.7778,220,420,640,1.9091,220,360,580,1.6364,180,260,440,1.4444,150,190,340,1.2667,130,150,280,1.1538,102,60
890,290,600,240,510,750,2.125,220,390,610,1.7727,200,340,540,1.7,180,230,410,1.2778,150,180,330,1.2,130,140,270,1.0769,102,60
870,290,590,250,490,740,1.96,230,370,600,1.6087,220,300,520,1.3636,190,220,410,1.1579,160,160,320,1.0,140,130,270,0.92857,101,60
860,290,590,250,490,740,1.96,230,370,600,1.6087,220,320,540,1.4545,190,220,410,1.1579,150,160,310,1.0667,140,110,250,0.78571,101,60
870,270,600,280,480,760,1.7143,230,420,650,1.8261,220,370,590,1.6818,180,270,450,1.5,160,190,350,1.1875,140,150,290,1.0714,101,60
900,270,600,250,530,780,2.12,220,390,610,1.7727,200,350,550,1.75,160,260,420,1.625,130,180,310,1.3846,130,140,270,1.0769,101,60
880,300,600,260,490,750,1.8846,230,370,600,1.6087,220,320,540,1.4545,190,230,420,1.2105,150,160,310,1.0667,140,130,270,0.92857,101,60
870,280,600,300,470,770,1.5667,260,350,610,1.3462,240,300,540,1.25,210,220,430,1.0476,180,150,330,0.8333299999999999,150,120,270,0.8,100,60
860,270,590,240,540,780,2.25,220,400,620,1.8182,200,340,540,1.7,180,250,430,1.3889,150,170,320,1.1333,130,130,260,1.0,100,60
900,270,610,240,490,730,2.0417,210,370,580,1.7619,190,330,520,1.7368,160,250,410,1.5625,140,180,320,1.2857,110,150,260,1.3636,100,60
860,290,580,270,460,730,1.7037,250,390,640,1.56,230,330,560,1.4348,200,240,440,1.2,170,160,330,0.94118,140,130,270,0.92857,101,60
890,280,590,250,500,750,2.0,220,390,610,1.7727,210,320,530,1.5238,180,240,420,1.3333,140,180,320,1.2857,130,140,270,1.0769,101,60
890,300,600,260,500,760,1.9231,230,370,600,1.6087,230,330,560,1.4348,190,220,410,1.1579,160,160,320,1.0,130,130,260,1.0,100,60
870,290,610,300,470,770,1.5667,250,350,600,1.4,230,290,520,1.2609,200,210,410,1.05,160,150,310,0.9375,140,120,260,0.85714,100,60
870,260,590,240,540,780,2.25,210,410,620,1.9524,210,350,560,1.6667,180,240,420,1.3333,150,160,310,1.0667,120,140,260,1.1667,100,60
890,270,600,240,480,720,2.0,220,370,590,1.6818,200,320,520,1.6,190,230,420,1.2105,140,160,300,1.1429,120,120,240,1.0,101,60
870,290,570,270,450,720,1.6667,230,390,620,1.6957,230,330,560,1.4348,200,220,420,1.1,170,160,330,0.94118,130,130,260,1.0,101,60
870,300,590,250,500,750,2.0,230,380,610,1.6522,210,330,540,1.5714,180,220,400,1.2222,150,150,300,1.0,120,120,240,1.0,102,60
880,280,600,300,500,800,1.6667,240,390,630,1.625,230,340,570,1.4783,180,240,420,1.3333,150,170,320,1.1333,150,140,290,0.93333,101,60
880,280,610,250,490,740,1.96,220,380,600,1.7273,200,330,530,1.65,170,240,410,1.4118,140,170,310,1.2143,130,140,270,1.0769,101,60
870,270,600,240,520,760,2.1667,220,380,600,1.7273,200,320,520,1.6,170,240,410,1.4118,140,170,310,1.2143,130,120,250,0.92308,101,60
880,270,600,230,480,710,2.087,200,360,560,1.8,180,320,500,1.7778,170,230,400,1.3529,130,170,300,1.3077,100,140,240,1.4,102,60
890,280,590,250,460,710,1.84,220,380,600,1.7273,200,330,530,1.65,190,240,430,1.2632,150,160,310,1.0667,120,130,250,1.0833,102,60
880,300,580,260,490,750,1.8846,230,370,600,1.6087,230,320,550,1.3913,200,220,420,1.1,160,160,320,1.0,130,110,240,0.84615,102,60
870,280,590,250,590,840,2.36,230,410,640,1.7826,210,340,550,1.619,200,240,440,1.2,150,160,310,1.0667,140,130,270,0.92857,101,60
880,300,600,250,490,740,1.96,210,360,570,1.7143,210,330,540,1.5714,170,230,400,1.3529,140,160,300,1.1429,140,120,260,0.85714,102,60
880,280,590,260,460,720,1.7692,230,370,600,1.6087,220,330,550,1.5,180,230,410,1.2778,150,160,310,1.0667,130,120,250,0.92308,102,60
880,290,590,250,490,740,1.96,240,370,610,1.5417,220,310,530,1.4091,180,230,410,1.2778,150,170,320,1.1333,140,120,260,0.85714,102,60
890,280,600,250,510,760,2.04,210,380,590,1.8095,210,340,550,1.619,170,240,410,1.4118,140,180,320,1.2857,130,130,260,1.0,101,60
880,290,590,250,490,740,1.96,230,370,600,1.6087,220,320,540,1.4545,190,250,440,1.3158,150,180,330,1.2,140,150,290,1.0714,102,60
870,290,590,250,470,720,1.88,220,370,590,1.6818,210,310,520,1.4762,180,220,400,1.2222,150,150,300,1.0,130,120,250,0.92308,102,60
880,280,570,250,480,730,1.92,220,380,600,1.7273,200,340,540,1.7,180,250,430,1.3889,160,180,340,1.125,130,130,260,1.0,102,61
880,310,590,260,460,720,1.7692,230,360,590,1.5652,210,300,510,1.4286,180,220,400,1.2222,150,160,310,1.0667,120,130,250,1.0833,102,61
880,270,590,250,600,850,2.4,210,450,660,2.1429,200,380,580,1.9,190,270,460,1.4211,150,170,320,1.1333,130,140,270,1.0769,101,60
860,290,580,250,510,760,2.04,220,380,600,1.7273,210,340,550,1.619,180,240,420,1.3333,150,170,320,1.1333,130,120,250,0.92308,101,60
880,280,580,260,500,760,1.9231,230,370,600,1.6087,220,320,540,1.4545,180,240,420,1.3333,150,170,320,1.1333,130,130,260,1.0,102,61
890,300,590,260,450,710,1.7308,230,390,620,1.6957,230,330,560,1.4348,200,240,440,1.2,150,170,320,1.1333,140,130,270,0.92857,102,61
860,300,580,270,510,780,1.8889,250,380,630,1.52,230,310,540,1.3478,200,210,410,1.05,170,160,330,0.94118,150,110,260,0.73333,102,61
870,280,610,300,470,770,1.5667,250,360,610,1.44,230,320,550,1.3913,190,240,430,1.2632,170,160,330,0.94118,140,120,260,0.85714,101,60
880,270,590,240,530,770,2.2083,210,400,610,1.9048,200,350,550,1.75,170,240,410,1.4118,140,160,300,1.1429,130,130,260,1.0,102,60
880,290,600,260,480,740,1.8462,230,380,610,1.6522,210,340,550,1.619,180,260,440,1.4444,150,200,350,1.3333,140,170,310,1.2143,102,61
880,280,600,250,500,750,2.0,220,380,600,1.7273,210,330,540,1.5714,190,240,430,1.2632,140,170,310,1.2143,130,120,250,0.92308,103,61
880,280,580,250,490,740,1.96,220,390,610,1.7727,210,330,540,1.5714,190,230,420,1.2105,160,170,330,1.0625,140,120,260,0.85714,103,61
870,300,600,260,510,770,1.9615,240,390,630,1.625,210,330,540,1.5714,190,240,430,1.2632,160,170,330,1.0625,140,130,270,0.92857,102,61
900,270,610,290,490,780,1.6897,230,380,610,1.6522,210,330,540,1.5714,190,250,440,1.3158,150,170,320,1.1333,130,150,280,1.1538,102,61
880,290,590,250,600,850,2.4,220,430,650,1.9545,220,360,580,1.6364,190,250,440,1.3158,150,160,310,1.0667,140,130,270,0.92857,102,60
860,290,580,270,520,790,1.9259,230,390,620,1.6957,220,330,550,1.5,190,230,420,1.2105,160,160,320,1.0,140,120,260,0.85714,102,60
890,280,590,250,490,740,1.96,220,390,610,1.7727,210,330,540,1.5714,180,260,440,1.4444,150,190,340,1.2667,120,160,280,1.3333,102,60
870,300,570,260,460,720,1.7692,230,350,580,1.5217,220,300,520,1.3636,200,220,420,1.1,160,160,320,1.0,140,120,260,0.85714,103,61
890,300,590,250,460,710,1.84,230,380,610,1.6522,210,340,550,1.619,190,230,420,1.2105,150,160,310,1.0667,130,130,260,1.0,103,61
870,300,590,280,490,770,1.75,260,360,620,1.3846,240,320,560,1.3333,210,220,430,1.0476,180,160,340,0.88889,150,130,280,0.86667,103,61
880,280,600,300,450,750,1.5,240,360,600,1.5,220,310,530,1.4091,190,220,410,1.1579,160,160,320,1.0,130,130,260,1.0,102,61
880,270,590,240,480,720,2.0,230,370,600,1.6087,210,330,540,1.5714,170,240,410,1.4118,150,170,320,1.1333,120,130,250,1.0833,102,61
870,290,600,260,480,740,1.8462,230,380,610,1.6522,210,340,550,1.619,180,260,440,1.4444,150,180,330,1.2,130,160,290,1.2308,103,61
880,270,600,230,520,750,2.2609,210,380,590,1.8095,200,330,530,1.65,170,250,420,1.4706,130,160,290,1.2308,120,140,260,1.1667,103,61
890,280,600,250,510,760,2.04,220,380,600,1.7273,220,330,550,1.5,180,250,430,1.3889,140,160,300,1.1429,130,140,270,1.0769,103,61
870,270,590,260,470,730,1.8077,230,360,590,1.5652,220,310,530,1.4091,190,210,400,1.1053,160,160,320,1.0,130,130,260,1.0,102,60
870,280,600,240,610,850,2.5417,220,430,650,1.9545,210,360,570,1.7143,180,250,430,1.3889,160,180,340,1.125,130,140,270,1.0769,102,60
890,270,600,240,510,750,2.125,220,390,610,1.7727,210,330,540,1.5714,190,230,420,1.2105,140,160,300,1.1429,130,130,260,1.0,102,60
870,290,580,270,480,750,1.7778,240,370,610,1.5417,220,320,540,1.4545,190,250,440,1.3158,160,170,330,1.0625,130,140,270,1.0769,103,60
870,290,590,260,510,770,1.9615,230,380,610,1.6522,220,320,540,1.4545,180,240,420,1.3333,160,170,330,1.0625,130,120,250,0.92308,103,61
890,280,600,250,470,720,1.88,220,370,590,1.6818,210,320,530,1.5238,180,230,410,1.2778,150,170,320,1.1333,130,140,270,1.0769,103,61
880,290,590,260,480,740,1.8462,220,380,600,1.7273,210,330,540,1.5714,180,240,420,1.3333,150,150,300,1.0,130,130,260,1.0,102,60
870,290,590,250,540,790,2.16,230,400,630,1.7391,230,340,570,1.4783,190,230,420,1.2105,160,170,330,1.0625,130,120,250,0.92308,103,60
890,280,590,250,500,750,2.0,220,380,600,1.7273,220,330,550,1.5,180,240,420,1.3333,150,170,320,1.1333,130,130,260,1.0,103,60
870,290,590,250,510,760,2.04,230,390,620,1.6957,210,340,550,1.619,180,240,420,1.3333,140,170,310,1.2143,120,130,250,1.0833,102,60
890,280,590,240,590,830,2.4583,220,420,640,1.9091,220,370,590,1.6818,170,260,430,1.5294,160,180,340,1.125,130,140,270,1.0769,102,60
870,300,580,260,490,750,1.8846,230,360,590,1.5652,230,310,540,1.3478,180,240,420,1.3333,150,160,310,1.0667,150,110,260,0.73333,102,60
890,290,600,260,480,740,1.8462,230,370,600,1.6087,210,330,540,1.5714,180,250,430,1.3889,150,190,340,1.2667,140,150,290,1.0714,103,61
870,290,570,270,540,810,2.0,230,400,630,1.7391,230,340,570,1.4783,190,230,420,1.2105,160,170,330,1.0625,140,130,270,0.92857,103,61
870,300,590,250,460,710,1.84,220,360,580,1.6364,210,330,540,1.5714,180,230,410,1.2778,150,170,320,1.1333,130,120,250,0.92308,102,61
900,280,610,300,490,790,1.6333,250,370,620,1.48,240,330,570,1.375,190,250,440,1.3158,160,170,330,1.0625,130,140,270,1.0769,102,60
860,290,580,260,520,780,2.0,220,390,610,1.7727,220,330,550,1.5,190,240,430,1.2632,160,150,310,0.9375,130,120,250,0.92308,101,60
880,280,610,240,620,860,2.5833,220,440,660,2.0,200,380,580,1.9,170,270,440,1.5882,160,180,340,1.125,130,140,270,1.0769,101,60
880,270,600,250,490,740,1.96,220,370,590,1.6818,200,340,540,1.7,190,230,420,1.2105,160,160,320,1.0,120,130,250,1.0833,102,60
880,280,590,270,460,730,1.7037,240,360,600,1.5,220,310,530,1.4091,180,230,410,1.2778,160,170,330,1.0625,130,130,260,1.0,102,61
890,290,590,250,510,760,2.04,220,380,600,1.7273,200,330,530,1.65,180,240,420,1.3333,150,170,320,1.1333,130,140,270,1.0769,102,61
890,300,590,270,450,720,1.6667,240,360,600,1.5,220,320,540,1.4545,190,230,420,1.2105,160,160,320,1.0,140,130,270,0.92857,102,61
870,290,590,250,510,760,2.04,220,370,590,1.6818,200,330,530,1.65,190,240,430,1.2632,140,160,300,1.1429,130,110,240,0.84615,102,61
870,280,600,240,610,850,2.5417,210,420,630,2.0,210,360,570,1.7143,180,250,430,1.3889,160,180,340,1.125,140,130,270,0.92857,102,60
880,270,590,240,470,710,1.9583,210,360,570,1.7143,200,310,510,1.55,170,230,400,1.3529,150,170,320,1.1333,120,140,260,1.1667,102,60
890,290,600,240,480,720,2.0,210,370,580,1.7619,200,330,530,1.65,160,250,410,1.5625,130,170,300,1.3077,120,150,270,1.25,103,61
900,290,600,250,490,740,1.96,220,380,600,1.7273,220,320,540,1.4545,170,250,420,1.4706,140,170,310,1.2143,120,140,260,1.1667,103,61
880,300,590,300,500,800,1.6667,250,380,630,1.52,230,330,560,1.4348,200,240,440,1.2,160,170,330,1.0625,140,130,270,0.92857,104,61
890,260,610,240,620,860,2.5833,220,440,660,2.0,200,380,580,1.9,190,260,450,1.3684,160,190,350,1.1875,120,140,260,1.1667,103,61
890,270,610,240,530,770,2.2083,220,420,640,1.9091,210,360,570,1.7143,190,270,460,1.4211,160,180,340,1.125,130,140,270,1.0769,103,61
900,280,610,300,480,780,1.6,250,370,620,1.48,220,330,550,1.5,210,220,430,1.0476,160,160,320,1.0,130,120,250,0.92308,104,61
880,290,600,270,600,870,2.2222,230,430,660,1.8696,220,370,590,1.6818,200,260,460,1.3,170,180,350,1.0588,150,150,300,1.0,104,61
890,280,590,260,490,750,1.8846,240,390,630,1.625,220,340,560,1.5455,190,260,450,1.3684,160,180,340,1.125,120,130,250,1.0833,104,61
890,300,570,250,540,790,2.16,220,400,620,1.8182,210,370,580,1.7619,190,250,440,1.3158,160,180,340,1.125,130,140,270,1.0769,103,61
880,320,600,260,580,840,2.2308,230,430,660,1.8696,220,380,600,1.7273,200,270,470,1.35,160,190,350,1.1875,140,150,290,1.0714,103,61
850,280,600,250,510,760,2.04,220,400,620,1.8182,210,340,550,1.619,190,250,440,1.3158,140,190,330,1.3571,120,150,270,1.25,103,61
940,250,650,220,510,730,2.3182,200,410,610,2.05,170,360,530,2.1176,150,270,420,1.8,120,190,310,1.5833,90,150,240,1.6667,103,61
880,290,580,270,490,760,1.8148,240,380,620,1.5833,230,320,550,1.3913,200,230,430,1.15,170,160,330,0.94118,140,120,260,0.85714,104,61
870,280,590,250,510,760,2.04,220,390,610,1.7727,200,340,540,1.7,180,240,420,1.3333,150,170,320,1.1333,130,120,250,0.92308,104,61
900,280,500,230,510,740,2.2174,220,420,640,1.9091,210,360,570,1.7143,180,260,440,1.4444,150,180,330,1.2,130,150,280,1.1538,103,61
890,290,610,250,490,740,1.96,230,370,600,1.6087,210,320,530,1.5238,190,240,430,1.2632,160,170,330,1.0625,130,130,260,1.0,104,61
890,270,610,250,550,800,2.2,230,410,640,1.7826,210,360,570,1.7143,180,250,430,1.3889,150,170,320,1.1333,140,120,260,0.85714,102,61
860,280,590,260,470,730,1.8077,230,360,590,1.5652,210,320,530,1.5238,180,240,420,1.3333,150,160,310,1.0667,120,130,250,1.0833,101,60
900,270,610,250,490,740,1.96,230,390,620,1.6957,200,340,540,1.7,180,250,430,1.3889,150,170,320,1.1333,130,140,270,1.0769,101,60
900,290,610,260,480,740,1.8462,230,380,610,1.6522,230,320,550,1.3913,180,240,420,1.3333,150,170,320,1.1333,130,120,250,0.92308,102,60
900,290,600,270,510,780,1.8889,240,400,640,1.6667,220,340,560,1.5455,200,250,450,1.25,160,170,330,1.0625,140,140,280,1.0,101,60
890,280,620,250,560,810,2.24,220,420,640,1.9091,200,360,560,1.8,180,260,440,1.4444,140,180,320,1.2857,120,140,260,1.1667,101,60
890,290,610,260,490,750,1.8846,230,380,610,1.6522,210,330,540,1.5714,190,250,440,1.3158,150,170,320,1.1333,140,120,260,0.85714,100,59
890,280,610,270,560,830,2.0741,230,400,630,1.7391,220,360,580,1.6364,190,240,430,1.2632,160,180,340,1.125,140,130,270,0.92857,100,59
900,280,600,250,510,760,2.04,230,390,620,1.6957,210,340,550,1.619,180,240,420,1.3333,150,180,330,1.2,120,140,260,1.1667,101,60
880,270,610,250,510,760,2.04,220,390,610,1.7727,220,340,560,1.5455,180,250,430,1.3889,150,170,320,1.1333,140,140,280,1.0,100,59
910,270,610,230,550,780,2.3913,200,400,600,2.0,200,350,550,1.75,170,260,430,1.5294,140,180,320,1.2857,120,150,270,1.25,100,59
880,300,600,270,550,820,2.037,240,430,670,1.7917,230,380,610,1.6522,180,280,460,1.5556,160,150,310,0.9375,140,120,260,0.85714,100,59
900,280,600,260,480,740,1.8462,230,380,610,1.6522,220,330,550,1.5,180,240,420,1.3333,140,170,310,1.2143,140,120,260,0.85714,100,59
880,300,600,250,510,760,2.04,230,400,630,1.7391,220,340,560,1.5455,200,250,450,1.25,160,170,330,1.0625,130,120,250,0.92308,100,59
900,280,610,260,510,770,1.9615,220,370,590,1.6818,210,340,550,1.619,190,240,430,1.2632,140,170,310,1.2143,120,140,260,1.1667,101,60
880,290,590,260,600,860,2.3077,230,430,660,1.8696,210,380,590,1.8095,190,250,440,1.3158,160,180,340,1.125,130,130,260,1.0,101,60
900,290,620,250,520,770,2.08,220,400,620,1.8182,200,340,540,1.7,170,240,410,1.4118,140,170,310,1.2143,130,130,260,1.0,101,60
880,280,600,260,490,750,1.8846,230,390,620,1.6957,230,340,570,1.4783,200,240,440,1.2,160,190,350,1.1875,140,150,290,1.0714,101,59
890,280,610,250,500,750,2.0,220,370,590,1.6818,220,320,540,1.4545,190,240,430,1.2632,140,160,300,1.1429,130,130,260,1.0,101,60
890,280,590,250,480,730,1.92,220,390,610,1.7727,210,340,550,1.619,180,240,420,1.3333,150,170,320,1.1333,120,140,260,1.1667,102,60
880,300,590,250,490,740,1.96,230,370,600,1.6087,210,330,540,1.5714,180,240,420,1.3333,150,170,320,1.1333,130,120,250,0.92308,101,59
910,290,610,250,470,720,1.88,220,360,580,1.6364,220,330,550,1.5,180,250,430,1.3889,150,180,330,1.2,120,130,250,1.0833,101,59
890,300,600,280,510,790,1.8214,250,400,650,1.6,220,340,560,1.5455,190,250,440,1.3158,160,180,340,1.125,120,140,260,1.1667,101,60
880,340,600,260,560,820,2.1538,220,400,620,1.8182,210,360,570,1.7143,180,240,420,1.3333,160,160,320,1.0,140,130,270,0.92857,101,60
900,280,620,240,510,750,2.125,230,390,620,1.6957,210,340,550,1.619,180,250,430,1.3889,140,170,310,1.2143,130,140,270,1.0769,101,60
880,280,600,250,500,750,2.0,220,370,590,1.6818,200,330,530,1.65,170,240,410,1.4118,130,170,300,1.3077,110,130,240,1.1818,100,59
900,280,600,250,530,780,2.12,220,380,600,1.7273,210,340,550,1.619,170,250,420,1.4706,150,180,330,1.2,120,130,250,1.0833,100,59
890,300,590,260,460,720,1.7692,240,340,580,1.4167,220,280,500,1.2727,180,230,410,1.2778,160,170,330,1.0625,140,130,270,0.92857,101,60
880,290,590,250,450,700,1.8,220,360,580,1.6364,220,310,530,1.4091,190,230,420,1.2105,160,160,320,1.0,130,130,260,1.0,101,60
880,290,590,250,510,760,2.04,220,390,610,1.7727,220,330,550,1.5,170,240,410,1.4118,140,160,300,1.1429,120,130,250,1.0833,100,59
870,290,600,260,510,770,1.9615,230,380,610,1.6522,210,340,550,1.619,190,250,440,1.3158,150,170,320,1.1333,130,120,250,0.92308,100,59
900,280,620,240,590,830,2.4583,220,410,630,1.8636,210,360,570,1.7143,180,260,440,1.4444,150,190,340,1.2667,120,150,270,1.25,100,59
900,280,600,270,460,730,1.7037,240,340,580,1.4167,210,290,500,1.381,190,200,390,1.0526,160,140,300,0.875,130,140,270,1.0769,101,59
900,280,620,250,630,880,2.52,220,420,640,1.9091,200,330,530,1.65,170,240,410,1.4118,140,160,300,1.1429,130,140,270,1.0769,101,60
870,280,600,250,520,770,2.08,220,390,610,1.7727,220,330,550,1.5,190,230,420,1.2105,160,170,330,1.0625,130,120,250,0.92308,100,59
910,270,620,250,490,740,1.96,210,380,590,1.8095,210,330,540,1.5714,160,240,400,1.5,130,180,310,1.3846,120,140,260,1.1667,100,59
880,290,590,260,460,720,1.7692,240,350,590,1.4583,220,310,530,1.4091,190,230,420,1.2105,150,140,290,0.93333,130,120,250,0.92308,101,59
900,290,610,240,540,780,2.25,230,380,610,1.6522,200,350,550,1.75,180,240,420,1.3333,140,180,320,1.2857,120,130,250,1.0833,101,60
890,290,620,250,460,710,1.84,240,340,580,1.4167,220,290,510,1.3182,180,200,380,1.1111,160,140,300,0.875,130,90,220,0.69231,101,60
910,270,630,290,470,760,1.6207,230,360,590,1.5652,220,320,540,1.4545,180,240,420,1.3333,140,180,320,1.2857,140,150,290,1.0714,101,60
890,290,600,250,510,760,2.04,220,380,600,1.7273,220,330,550,1.5,190,240,430,1.2632,140,160,300,1.1429,140,120,260,0.85714,100,59
890,290,610,260,520,780,2.0,230,390,620,1.6957,210,340,550,1.619,180,240,420,1.3333,160,170,330,1.0625,130,140,270,1.0769,100,59
900,280,600,250,500,750,2.0,230,380,610,1.6522,200,320,520,1.6,170,230,400,1.3529,140,170,310,1.2143,130,130,260,1.0,100,59
900,300,590,250,540,790,2.16,220,390,610,1.7727,210,330,540,1.5714,180,240,420,1.3333,150,170,320,1.1333,130,120,250,0.92308,101,60
890,310,610,290,500,790,1.7241,250,380,630,1.52,240,330,570,1.375,210,220,430,1.0476,160,160,320,1.0,150,130,280,0.86667,101,60
880,280,610,300,490,790,1.6333,240,370,610,1.5417,220,310,530,1.4091,200,230,430,1.15,160,150,310,0.9375,130,120,250,0.92308,101,60
890,300,610,260,530,790,2.0385,230,380,610,1.6522,220,340,560,1.5455,200,250,450,1.25,160,160,320,1.0,140,130,270,0.92857,100,59
890,280,610,250,490,740,1.96,240,380,620,1.5833,210,340,550,1.619,190,250,440,1.3158,150,160,310,1.0667,140,130,270,0.92857,100,59
890,280,600,250,520,770,2.08,220,390,610,1.7727,220,330,550,1.5,180,230,410,1.2778,160,160,320,1.0,130,130,260,1.0,100,59
890,290,590,250,510,760,2.04,240,390,630,1.625,210,320,530,1.5238,190,220,410,1.1579,150,160,310,1.0667,140,130,270,0.92857,100,59
880,300,600,270,460,730,1.7037,240,360,600,1.5,220,310,530,1.4091,190,220,410,1.1579,160,150,310,0.9375,140,120,260,0.85714,99,59
900,280,610,240,620,860,2.5833,220,440,660,2.0,210,360,570,1.7143,190,260,450,1.3684,150,180,330,1.2,120,140,260,1.1667,99,59
880,290,590,260,490,750,1.8846,230,360,590,1.5652,230,330,560,1.4348,190,220,410,1.1579,160,150,310,0.9375,130,120,250,0.92308,99,59
890,290,600,260,490,750,1.8846,230,380,610,1.6522,220,340,560,1.5455,190,240,430,1.2632,160,160,320,1.0,140,120,260,0.85714,99,59
890,290,610,250,550,800,2.2,220,390,610,1.7727,220,340,560,1.5455,190,250,440,1.3158,140,170,310,1.2143,140,140,280,1.0,100,59
890,280,620,240,520,760,2.1667,230,390,620,1.6957,210,340,550,1.619,170,240,410,1.4118,140,180,320,1.2857,120,140,260,1.1667,100,59
910,270,610,290,490,780,1.6897,240,380,620,1.5833,220,340,560,1.5455,200,250,450,1.25,150,170,320,1.1333,130,140,270,1.0769,99,59
890,300,600,240,530,770,2.2083,230,380,610,1.6522,200,340,540,1.7,170,230,400,1.3529,150,160,310,1.0667,120,140,260,1.1667,99,59
890,290,600,250,610,860,2.44,220,440,660,2.0,200,370,570,1.85,170,260,430,1.5294,140,170,310,1.2143,120,140,260,1.1667,99,59
880,290,610,250,480,730,1.92,230,370,600,1.6087,210,320,530,1.5238,170,230,400,1.3529,140,170,310,1.2143,140,130,270,0.92857,99,59
910,270,610,250,480,730,1.92,210,380,590,1.8095,210,330,540,1.5714,170,250,420,1.4706,140,180,320,1.2857,120,140,260,1.1667,99,59
880,300,600,270,540,810,2.0,250,380,630,1.52,220,330,550,1.5,190,220,410,1.1579,160,160,320,1.0,130,120,250,0.92308,100,59
880,280,610,260,500,760,1.9231,230,380,610,1.6522,210,330,540,1.5714,180,230,410,1.2778,150,170,320,1.1333,120,140,260,1.1667,100,59
900,270,630,290,500,790,1.7241,250,370,620,1.48,220,320,540,1.4545,190,250,440,1.3158,160,170,330,1.0625,130,130,260,1.0,100,59
880,270,610,250,560,810,2.24,230,400,630,1.7391,210,340,550,1.619,180,230,410,1.2778,150,160,310,1.0667,120,130,250,1.0833,100,59
890,270,610,230,590,820,2.5652,210,440,650,2.0952,200,380,580,1.9,160,270,430,1.6875,120,190,310,1.5833,120,150,270,1.25,100,59
890,280,610,240,500,740,2.0833,210,380,590,1.8095,210,330,540,1.5714,180,240,420,1.3333,150,170,320,1.1333,120,140,260,1.1667,99,59
880,280,600,250,470,720,1.88,230,360,590,1.5652,220,310,530,1.4091,190,240,430,1.2632,150,170,320,1.1333,120,140,260,1.1667,99,59
900,280,610,240,550,790,2.2917,210,400,610,1.9048,200,350,550,1.75,170,250,420,1.4706,140,170,310,1.2143,130,140,270,1.0769,100,59
880,290,600,280,480,760,1.7143,240,400,640,1.6667,230,350,580,1.5217,200,240,440,1.2,150,160,310,1.0667,150,130,280,0.86667,100,59
880,300,580,250,460,710,1.84,230,340,570,1.4783,220,310,530,1.4091,190,210,400,1.1053,160,150,310,0.9375,140,120,260,0.85714,99,59
880,300,580,250,440,690,1.76,230,350,580,1.5217,210,290,500,1.381,190,210,400,1.1053,170,140,310,0.8235299999999999,130,110,240,0.84615,100,59
890,300,600,260,520,780,2.0,230,380,610,1.6522,210,330,540,1.5714,180,250,430,1.3889,150,160,310,1.0667,130,130,260,1.0,100,59
890,270,610,230,470,700,2.0435,210,360,570,1.7143,190,310,500,1.6316,160,230,390,1.4375,130,170,300,1.3077,110,140,250,1.2727,100,59
880,280,600,240,490,730,2.0417,220,370,590,1.6818,200,320,520,1.6,170,230,400,1.3529,140,170,310,1.2143,120,120,240,1.0,100,59
900,280,600,250,610,860,2.44,220,430,650,1.9545,220,370,590,1.6818,190,260,450,1.3684,150,180,330,1.2,120,140,260,1.1667,100,59
880,300,590,250,480,730,1.92,220,360,580,1.6364,210,310,520,1.4762,180,230,410,1.2778,140,160,300,1.1429,140,120,260,0.85714,101,59
890,290,600,240,480,720,2.0,230,340,570,1.4783,210,290,500,1.381,180,210,390,1.1667,140,130,270,0.92857,120,100,220,0.8333299999999999,101,60
890,290,600,240,500,740,2.0833,220,370,590,1.6818,210,310,520,1.4762,190,230,420,1.2105,160,170,330,1.0625,130,140,270,1.0769,101,60
880,270,620,250,520,770,2.08,210,390,600,1.8571,200,320,520,1.6,170,250,420,1.4706,130,170,300,1.3077,110,140,250,1.2727,101,60
860,260,540,240,520,760,2.1667,210,370,580,1.7619,190,340,530,1.7895,180,250,430,1.3889,140,180,320,1.2857,110,140,250,1.2727,101,60
880,320,590,260,600,860,2.3077,220,430,650,1.9545,200,380,580,1.9,190,270,460,1.4211,150,190,340,1.2667,140,140,280,1.0,101,60
840,290,610,230,490,720,2.1304,210,380,590,1.8095,200,320,520,1.6,170,230,400,1.3529,140,170,310,1.2143,120,140,260,1.1667,102,60
880,280,610,250,500,750,2.0,220,360,580,1.6364,210,310,520,1.4762,180,240,420,1.3333,140,160,300,1.1429,120,120,240,1.0,102,60
900,270,630,290,490,780,1.6897,250,360,610,1.44,240,320,560,1.3333,200,250,450,1.25,170,190,360,1.1176,130,140,270,1.0769,102,60
890,270,610,240,530,770,2.2083,210,390,600,1.8571,200,340,540,1.7,170,240,410,1.4118,140,180,320,1.2857,110,140,250,1.2727,102,60
890,280,490,240,500,740,2.0833,230,390,620,1.6957,210,340,550,1.619,190,250,440,1.3158,160,170,330,1.0625,130,130,260,1.0,101,60
880,400,590,270,530,800,1.963,230,400,630,1.7391,210,330,540,1.5714,200,240,440,1.2,160,170,330,1.0625,130,130,260,1.0,101,60
890,290,580,250,480,730,1.92,220,370,590,1.6818,210,310,520,1.4762,190,230,420,1.2105,150,170,320,1.1333,130,130,260,1.0,101,59
880,310,600,270,470,740,1.7407,250,350,600,1.4,220,300,520,1.3636,180,220,400,1.2222,160,160,320,1.0,150,120,270,0.8,102,60
890,280,620,250,500,750,2.0,220,370,590,1.6818,210,330,540,1.5714,170,240,410,1.4118,150,170,320,1.1333,120,140,260,1.1667,101,60
900,270,610,290,470,760,1.6207,250,350,600,1.4,240,300,540,1.25,200,210,410,1.05,150,170,320,1.1333,140,140,280,1.0,101,59
870,290,590,250,520,770,2.08,220,380,600,1.7273,210,330,540,1.5714,190,240,430,1.2632,160,160,320,1.0,130,120,250,0.92308,100,59
880,280,440,250,450,700,1.8,220,400,620,1.8182,200,330,530,1.65,170,250,420,1.4706,140,170,310,1.2143,120,140,260,1.1667,100,59
880,280,590,250,520,770,2.08,220,380,600,1.7273,220,330,550,1.5,170,240,410,1.4118,140,160,300,1.1429,120,130,250,1.0833,101,59
890,290,590,270,460,730,1.7037,240,350,590,1.4583,220,300,520,1.3636,190,230,420,1.2105,150,160,310,1.0667,140,120,260,0.85714,101,59
890,300,600,270,500,770,1.8519,240,390,630,1.625,230,330,560,1.4348,180,240,420,1.3333,150,160,310,1.0667,150,130,280,0.86667,100,59
890,270,610,220,530,750,2.4091,200,390,590,1.95,190,340,530,1.7895,160,250,410,1.5625,130,170,300,1.3077,110,130,240,1.1818,100,59
880,280,610,250,620,870,2.48,220,440,660,2.0,210,340,550,1.619,180,230,410,1.2778,150,170,320,1.1333,130,140,270,1.0769,100,59
890,270,600,240,490,730,2.0417,230,380,610,1.6522,200,330,530,1.65,190,240,430,1.2632,140,170,310,1.2143,130,130,260,1.0,100,59
870,290,580,260,480,740,1.8462,240,350,590,1.4583,210,310,520,1.4762,180,230,410,1.2778,150,160,310,1.0667,140,110,250,0.78571,100,59
880,290,580,260,470,730,1.8077,220,350,570,1.5909,210,310,520,1.4762,170,230,400,1.3529,150,160,310,1.0667,120,130,250,1.0833,100,59
870,280,590,250,460,710,1.84,220,340,560,1.5455,210,290,500,1.381,180,200,380,1.1111,150,130,280,0.86667,130,100,230,0.76923,101,60
890,280,590,250,510,760,2.04,220,380,600,1.7273,200,320,520,1.6,190,220,410,1.1579,150,160,310,1.0667,120,120,240,1.0,100,59
860,300,600,250,510,760,2.04,230,360,590,1.5652,220,300,520,1.3636,200,220,420,1.1,170,150,320,0.88235,140,120,260,0.85714,100,59
890,260,600,240,470,710,1.9583,210,360,570,1.7143,190,320,510,1.6842,170,230,400,1.3529,150,170,320,1.1333,130,140,270,1.0769,100,59
890,290,590,250,530,780,2.12,220,390,610,1.7727,220,340,560,1.5455,190,240,430,1.2632,160,170,330,1.0625,120,140,260,1.1667,101,59
880,300,600,260,470,730,1.8077,230,350,580,1.5217,220,300,520,1.3636,190,220,410,1.1579,140,160,300,1.1429,130,130,260,1.0,101,59
870,280,590,250,580,830,2.32,220,400,620,1.8182,220,320,540,1.4545,170,230,400,1.3529,150,160,310,1.0667,120,120,240,1.0,102,60
890,280,620,240,500,740,2.0833,200,380,580,1.9,200,340,540,1.7,170,240,410,1.4118,140,170,310,1.2143,120,140,260,1.1667,101,60
870,270,610,250,490,740,1.96,210,380,590,1.8095,210,320,530,1.5238,180,240,420,1.3333,150,170,320,1.1333,130,120,250,0.92308,101,60
890,260,610,230,490,720,2.1304,210,370,580,1.7619,190,320,510,1.6842,160,240,400,1.5,140,170,310,1.2143,110,140,250,1.2727,101,60
890,280,590,260,540,800,2.0769,220,390,610,1.7727,210,340,550,1.619,170,250,420,1.4706,140,170,310,1.2143,130,130,260,1.0,102,60
880,300,590,260,470,730,1.8077,230,350,580,1.5217,230,300,530,1.3043,190,220,410,1.1579,140,150,290,1.0714,130,120,250,0.92308,103,61
880,260,610,230,620,850,2.6957,220,430,650,1.9545,190,350,540,1.8421,170,240,410,1.4118,150,160,310,1.0667,120,120,240,1.0,102,61
890,270,620,230,530,760,2.3043,220,390,610,1.7727,190,330,520,1.7368,180,250,430,1.3889,150,170,320,1.1333,110,130,240,1.1818,102,60
880,270,610,240,500,740,2.0833,220,390,610,1.7727,210,340,550,1.619,180,230,410,1.2778,150,160,310,1.0667,130,140,270,1.0769,102,60
900,270,600,250,460,710,1.84,230,370,600,1.6087,200,320,520,1.6,170,220,390,1.2941,140,160,300,1.1429,130,140,270,1.0769,102,60
880,300,610,260,510,770,1.9615,240,360,600,1.5,220,320,540,1.4545,190,220,410,1.1579,160,160,320,1.0,130,120,250,0.92308,102,60
870,270,590,260,470,730,1.8077,230,360,590,1.5652,220,290,510,1.3182,180,210,390,1.1667,150,160,310,1.0667,140,130,270,0.92857,102,60
880,280,620,300,500,800,1.6667,250,370,620,1.48,220,320,540,1.4545,190,230,420,1.2105,150,180,330,1.2,120,140,260,1.1667,102,60
880,280,600,240,540,780,2.25,220,390,610,1.7727,210,330,540,1.5714,190,230,420,1.2105,150,170,320,1.1333,130,130,260,1.0,102,60
880,280,600,260,490,750,1.8846,220,380,600,1.7273,210,330,540,1.5714,190,230,420,1.2105,150,170,320,1.1333,130,140,270,1.0769,101,60
900,280,610,240,490,730,2.0417,210,370,580,1.7619,200,310,510,1.55,180,230,410,1.2778,150,160,310,1.0667,120,120,240,1.0,101,60
900,290,600,240,510,750,2.125,220,370,590,1.6818,220,340,560,1.5455,190,240,430,1.2632,150,170,320,1.1333,120,130,250,1.0833,102,60
880,300,600,270,490,760,1.8148,250,370,620,1.48,230,310,540,1.3478,200,230,430,1.15,170,160,330,0.94118,140,110,250,0.78571,102,60
890,280,610,300,480,780,1.6,240,350,590,1.4583,230,320,550,1.3913,190,220,410,1.1579,150,150,300,1.0,150,110,260,0.73333,101,60
910,280,610,230,550,780,2.3913,210,410,620,1.9524,190,360,550,1.8947,180,260,440,1.4444,130,180,310,1.3846,120,150,270,1.25,101,59
880,300,600,280,470,750,1.6786,250,380,630,1.52,230,320,550,1.3913,200,240,440,1.2,170,160,330,0.94118,140,120,260,0.85714,101,59
880,280,590,250,500,750,2.0,220,370,590,1.6818,220,310,530,1.4091,190,220,410,1.1579,150,160,310,1.0667,130,130,260,1.0,101,59
880,290,600,250,500,750,2.0,220,380,600,1.7273,200,330,530,1.65,170,230,400,1.3529,160,170,330,1.0625,130,140,270,1.0769,101,60
900,280,630,300,520,820,1.7333,240,390,630,1.625,210,360,570,1.7143,190,250,440,1.3158,150,180,330,1.2,120,140,260,1.1667,101,60
880,270,600,260,470,730,1.8077,230,360,590,1.5652,200,320,520,1.6,180,240,420,1.3333,150,160,310,1.0667,110,130,240,1.1818,100,59
890,280,610,240,620,860,2.5833,210,450,660,2.1429,190,380,570,2.0,170,270,440,1.5882,140,190,330,1.3571,120,140,260,1.1667,100,59
900,280,610,230,500,730,2.1739,210,380,590,1.8095,200,330,530,1.65,170,240,410,1.4118,150,180,330,1.2,110,140,250,1.2727,100,59
890,290,590,260,490,750,1.8846,230,360,590,1.5652,220,320,540,1.4545,200,250,450,1.25,160,170,330,1.0625,130,130,260,1.0,100,59
870,300,580,260,520,780,2.0,240,380,620,1.5833,230,320,550,1.3913,190,230,420,1.2105,160,160,320,1.0,150,110,260,0.73333,101,59
890,290,610,260,460,720,1.7692,230,360,590,1.5652,210,330,540,1.5714,180,220,400,1.2222,150,170,320,1.1333,140,130,270,0.92857,101,59
900,280,630,300,500,800,1.6667,260,370,630,1.4231,230,330,560,1.4348,200,230,430,1.15,160,160,320,1.0,150,130,280,0.86667,101,59
870,270,600,250,510,760,2.04,220,370,590,1.6818,200,320,520,1.6,190,230,420,1.2105,160,160,320,1.0,130,120,250,0.92308,100,59
900,270,610,240,620,860,2.5833,200,430,630,2.15,190,370,560,1.9474,180,260,440,1.4444,150,190,340,1.2667,120,150,270,1.25,100,59
880,290,600,250,470,720,1.88,220,370,590,1.6818,210,310,520,1.4762,170,230,400,1.3529,140,150,290,1.0714,140,120,260,0.85714,100,59
900,280,610,250,490,740,1.96,230,380,610,1.6522,220,350,570,1.5909,180,240,420,1.3333,140,190,330,1.3571,130,150,280,1.1538,100,59
890,290,610,250,550,800,2.2,220,380,600,1.7273,210,330,540,1.5714,180,230,410,1.2778,150,160,310,1.0667,130,120,250,0.92308,100,59
870,280,600,260,470,730,1.8077,230,350,580,1.5217,210,300,510,1.4286,180,220,400,1.2222,150,150,300,1.0,120,130,250,1.0833,101,59
900,270,620,290,500,790,1.7241,240,380,620,1.5833,220,330,550,1.5,190,240,430,1.2632,160,170,330,1.0625,130,150,280,1.1538,101,59
880,280,610,230,530,760,2.3043,220,390,610,1.7727,200,340,540,1.7,180,240,420,1.3333,140,160,300,1.1429,110,140,250,1.2727,100,59
890,270,610,260,620,880,2.3846,210,450,660,2.1429,200,370,570,1.85,170,260,430,1.5294,140,180,320,1.2857,130,150,280,1.1538,100,59
910,280,630,240,510,750,2.125,210,370,580,1.7619,190,340,530,1.7895,180,250,430,1.3889,150,180,330,1.2,110,140,250,1.2727,100,59
660,280,600,250,460,710,1.84,240,350,590,1.4583,210,300,510,1.4286,180,220,400,1.2222,150,150,300,1.0,130,120,250,0.92308,101,59
900,280,610,250,490,740,1.96,220,350,570,1.5909,210,320,530,1.5238,170,260,430,1.5294,140,180,320,1.2857,120,150,270,1.25,102,60
880,280,520,240,520,760,2.1667,230,370,600,1.6087,210,330,540,1.5714,180,240,420,1.3333,150,150,300,1.0,120,110,230,0.91667,102,60
890,360,600,260,610,870,2.3462,230,430,660,1.8696,220,370,590,1.6818,190,260,450,1.3684,160,180,340,1.125,130,130,260,1.0,101,60
890,290,600,250,490,740,1.96,220,370,590,1.6818,220,330,550,1.5,190,230,420,1.2105,150,170,320,1.1333,130,120,250,0.92308,102,60
880,290,590,270,440,710,1.6296,220,330,550,1.5,220,290,510,1.3182,190,220,410,1.1579,150,160,310,1.0667,130,110,240,0.84615,102,60
880,290,600,270,510,780,1.8889,230,370,600,1.6087,220,310,530,1.4091,190,230,420,1.2105,160,150,310,0.9375,150,110,260,0.73333,102,60
890,280,610,300,510,810,1.7,250,380,630,1.52,220,320,540,1.4545,190,230,420,1.2105,170,190,360,1.1176,140,140,280,1.0,102,60
890,280,600,280,470,750,1.6786,230,360,590,1.5652,210,300,510,1.4286,180,230,410,1.2778,160,150,310,0.9375,140,120,260,0.85714,102,60
880,290,460,240,470,710,1.9583,230,380,610,1.6522,210,330,540,1.5714,170,230,400,1.3529,160,160,320,1.0,120,120,240,1.0,101,60
890,290,610,260,490,750,1.8846,220,360,580,1.6364,210,320,530,1.5238,170,240,410,1.4118,140,160,300,1.1429,140,130,270,0.92857,101,59
900,280,600,240,480,720,2.0,230,360,590,1.5652,220,320,540,1.4545,190,240,430,1.2632,140,160,300,1.1429,120,120,240,1.0,102,60
890,300,590,260,490,750,1.8846,230,380,610,1.6522,210,310,520,1.4762,200,210,410,1.05,150,150,300,1.0,130,120,250,0.92308,102,60
880,280,610,250,480,730,1.92,220,370,590,1.6818,220,320,540,1.4545,180,240,420,1.3333,140,160,300,1.1429,130,130,260,1.0,101,60
870,280,600,250,510,760,2.04,220,390,610,1.7727,210,340,550,1.619,180,240,420,1.3333,150,170,320,1.1333,140,120,260,0.85714,101,59
890,270,630,240,490,730,2.0417,200,380,580,1.9,200,330,530,1.65,170,240,410,1.4118,130,180,310,1.3846,110,150,260,1.3636,101,59
900,260,610,230,490,720,2.1304,210,370,580,1.7619,200,330,530,1.65,150,240,390,1.6,120,180,300,1.5,110,150,260,1.3636,102,60
900,290,610,260,490,750,1.8846,220,370,590,1.6818,210,320,530,1.5238,170,230,400,1.3529,140,160,300,1.1429,130,130,260,1.0,102,60
880,300,600,260,530,790,2.0385,220,380,600,1.7273,210,330,540,1.5714,180,230,410,1.2778,160,160,320,1.0,130,120,250,0.92308,101,60
880,250,590,230,500,730,2.1739,210,370,580,1.7619,200,320,520,1.6,170,230,400,1.3529,140,170,310,1.2143,120,120,240,1.0,101,59
900,290,620,250,520,770,2.08,230,380,610,1.6522,220,340,560,1.5455,180,230,410,1.2778,150,170,320,1.1333,120,140,260,1.1667,101,59
880,280,580,260,480,740,1.8462,230,360,590,1.5652,210,310,520,1.4762,200,210,410,1.05,170,150,320,0.88235,130,120,250,0.92308,102,60
860,300,600,250,480,730,1.92,230,360,590,1.5652,220,310,530,1.4091,190,220,410,1.1579,160,160,320,1.0,130,130,260,1.0,102,60
910,260,640,280,480,760,1.7143,240,360,600,1.5,230,320,550,1.3913,180,230,410,1.2778,150,150,300,1.0,120,120,240,1.0,101,60
890,270,610,240,540,780,2.25,210,400,610,1.9048,200,350,550,1.75,170,250,420,1.4706,140,170,310,1.2143,120,130,250,1.0833,101,60
910,290,610,250,480,730,1.92,230,360,590,1.5652,200,310,510,1.55,170,230,400,1.3529,150,170,320,1.1333,130,120,250,0.92308,101,60
880,300,590,270,530,800,1.963,240,380,620,1.5833,220,330,550,1.5,200,220,420,1.1,170,160,330,0.94118,140,130,270,0.92857,101,60
890,290,590,250,520,770,2.08,240,380,620,1.5833,210,330,540,1.5714,180,220,400,1.2222,150,170,320,1.1333,130,120,250,0.92308,103,60
870,300,590,260,480,740,1.8462,250,360,610,1.44,230,310,540,1.3478,200,220,420,1.1,170,150,320,0.88235,140,120,260,0.85714,102,60
880,280,620,300,470,770,1.5667,240,360,600,1.5,220,310,530,1.4091,190,230,420,1.2105,160,170,330,1.0625,150,120,270,0.8,102,60
890,260,610,240,520,760,2.1667,210,380,590,1.8095,190,330,520,1.7368,170,250,420,1.4706,130,170,300,1.3077,110,140,250,1.2727,102,60
890,280,590,250,480,730,1.92,220,370,590,1.6818,220,310,530,1.4091,180,240,420,1.3333,140,160,300,1.1429,120,130,250,1.0833,102,60
880,300,590,270,510,780,1.8889,240,380,620,1.5833,220,330,550,1.5,190,230,420,1.2105,160,170,330,1.0625,130,130,260,1.0,103,60
890,290,590,250,490,740,1.96,220,370,590,1.6818,220,310,530,1.4091,190,230,420,1.2105,160,160,320,1.0,120,120,240,1.0,103,60
890,300,610,280,490,770,1.75,250,370,620,1.48,220,340,560,1.5455,210,240,450,1.1429,160,170,330,1.0625,130,120,250,0.92308,103,61
870,280,590,260,460,720,1.7692,230,340,570,1.4783,220,300,520,1.3636,190,210,400,1.1053,160,150,310,0.9375,140,120,260,0.85714,103,61
880,280,600,250,480,730,1.92,220,380,600,1.7273,210,320,530,1.5238,190,230,420,1.2105,150,160,310,1.0667,130,130,260,1.0,104,61
900,280,610,250,500,750,2.0,220,370,590,1.6818,220,320,540,1.4545,180,230,410,1.2778,150,170,320,1.1333,120,120,240,1.0,104,61
870,290,600,250,610,860,2.44,220,420,640,1.9091,210,370,580,1.7619,190,260,450,1.3684,160,180,340,1.125,140,130,270,0.92857,104,61
900,270,610,250,550,800,2.2,210,410,620,1.9524,200,350,550,1.75,170,260,430,1.5294,140,180,320,1.2857,120,130,250,1.0833,104,61
890,280,610,240,530,770,2.2083,230,400,630,1.7391,210,350,560,1.6667,180,260,440,1.4444,140,180,320,1.2857,130,150,280,1.1538,103,61
890,280,590,250,470,720,1.88,220,390,610,1.7727,210,360,570,1.7143,190,270,460,1.4211,150,180,330,1.2,120,150,270,1.25,104,61
880,300,600,250,490,740,1.96,230,380,610,1.6522,220,330,550,1.5,180,230,410,1.2778,150,170,320,1.1333,130,140,270,1.0769,104,61
900,280,610,300,500,800,1.6667,260,370,630,1.4231,230,330,560,1.4348,210,240,450,1.1429,160,180,340,1.125,140,130,270,0.92857,104,61
870,290,600,260,610,870,2.3462,230,440,670,1.913,230,380,610,1.6522,200,270,470,1.35,150,180,330,1.2,140,140,280,1.0,104,61
910,270,620,240,520,760,2.1667,220,400,620,1.8182,190,350,540,1.8421,170,250,420,1.4706,140,170,310,1.2143,120,140,260,1.1667,104,61
870,290,590,260,490,750,1.8846,240,380,620,1.5833,230,320,550,1.3913,190,250,440,1.3158,160,180,340,1.125,130,140,270,1.0769,104,61
880,280,600,240,470,710,1.9583,210,340,550,1.619,200,310,510,1.55,170,230,400,1.3529,140,170,310,1.2143,110,140,250,1.2727,104,61
890,280,610,230,500,730,2.1739,210,370,580,1.7619,200,340,540,1.7,170,250,420,1.4706,140,190,330,1.3571,110,140,250,1.2727,104,61
890,280,620,240,500,740,2.0833,220,370,590,1.6818,200,340,540,1.7,160,250,410,1.5625,140,180,320,1.2857,130,130,260,1.0,105,61
900,270,580,290,480,770,1.6552,240,360,600,1.5,230,320,550,1.3913,180,230,410,1.2778,150,160,310,1.0667,130,130,260,1.0,105,61
890,280,600,250,510,760,2.04,230,390,620,1.6957,210,330,540,1.5714,180,230,410,1.2778,150,170,320,1.1333,130,120,250,0.92308,104,61
860,290,590,250,470,720,1.88,230,350,580,1.5217,220,310,530,1.4091,180,210,390,1.1667,150,160,310,1.0667,130,110,240,0.84615,104,61
900,270,610,230,500,730,2.1739,210,360,570,1.7143,190,330,520,1.7368,170,230,400,1.3529,140,170,310,1.2143,110,140,250,1.2727,104,61
900,290,600,260,440,700,1.6923,230,340,570,1.4783,220,280,500,1.2727,190,230,420,1.2105,150,170,320,1.1333,120,120,240,1.0,104,61
870,300,600,270,480,750,1.7778,240,360,600,1.5,230,310,540,1.3478,190,220,410,1.1579,160,150,310,0.9375,150,120,270,0.8,105,62
880,270,590,280,450,730,1.6071,230,340,570,1.4783,220,300,520,1.3636,180,210,390,1.1667,150,160,310,1.0667,130,130,260,1.0,104,62
890,290,600,230,490,720,2.1304,210,360,570,1.7143,200,320,520,1.6,170,230,400,1.3529,140,170,310,1.2143,130,120,250,0.92308,104,61
880,290,590,260,510,770,1.9615,230,380,610,1.6522,220,330,550,1.5,190,230,420,1.2105,150,160,310,1.0667,130,110,240,0.84615,104,61
890,290,600,250,510,760,2.04,230,390,620,1.6957,200,330,530,1.65,160,240,400,1.5,120,160,280,1.3333,90,130,220,1.4444,104,61
880,290,590,240,500,740,2.0833,220,360,580,1.6364,220,320,540,1.4545,190,220,410,1.1579,160,160,320,1.0,120,130,250,1.0833,105,61
850,290,610,250,620,870,2.48,220,420,640,1.9091,200,310,510,1.55,190,220,410,1.1579,160,170,330,1.0625,120,120,240,1.0,105,62
880,260,600,240,450,690,1.875,210,340,550,1.619,210,310,520,1.4762,170,220,390,1.2941,130,160,290,1.2308,130,140,270,1.0769,105,62
900,280,610,240,540,780,2.25,200,390,590,1.95,200,330,530,1.65,160,250,410,1.5625,140,170,310,1.2143,130,130,260,1.0,104,61
880,290,590,260,500,760,1.9231,240,370,610,1.5417,230,310,540,1.3478,190,220,410,1.1579,150,160,310,1.0667,140,120,260,0.85714,104,61
870,290,600,250,500,750,2.0,220,370,590,1.6818,200,310,510,1.55,160,240,400,1.5,130,160,290,1.2308,130,110,240,0.84615,105,61
890,270,600,240,500,740,2.0833,210,370,580,1.7619,200,320,520,1.6,170,230,400,1.3529,140,160,300,1.1429,120,120,240,1.0,105,62
880,290,600,260,450,710,1.7308,220,340,560,1.5455,220,290,510,1.3182,180,210,390,1.1667,150,160,310,1.0667,130,130,260,1.0,106,62
900,280,620,300,490,790,1.6333,240,380,620,1.5833,230,320,550,1.3913,200,230,430,1.15,160,170,330,1.0625,150,140,290,0.93333,105,62
860,280,600,250,610,860,2.44,220,350,570,1.5909,210,310,520,1.4762,190,220,410,1.1579,160,160,320,1.0,120,130,250,1.0833,105,62
900,260,610,240,510,750,2.125,210,380,590,1.8095,190,330,520,1.7368,160,250,410,1.5625,140,180,320,1.2857,110,130,240,1.1818,105,62
880,290,600,250,480,730,1.92,220,370,590,1.6818,210,320,530,1.5238,180,220,400,1.2222,150,150,300,1.0,130,130,260,1.0,105,62
880,280,590,250,490,740,1.96,210,370,580,1.7619,210,330,540,1.5714,160,230,390,1.4375,150,170,320,1.1333,130,140,270,1.0769,105,62
880,290,610,240,510,750,2.125,210,370,580,1.7619,210,330,540,1.5714,180,230,410,1.2778,150,170,320,1.1333,130,130,260,1.0,106,62
880,270,600,260,450,710,1.7308,230,330,560,1.4348,200,290,490,1.45,170,210,380,1.2353,140,150,290,1.0714,120,140,260,1.1667,106,62
890,280,620,300,490,790,1.6333,240,380,620,1.5833,230,330,560,1.4348,190,230,420,1.2105,150,180,330,1.2,130,140,270,1.0769,106,62
900,280,610,240,520,760,2.1667,210,400,610,1.9048,210,350,560,1.6667,180,250,430,1.3889,140,170,310,1.2143,120,140,260,1.1667,105,62
890,290,610,250,490,740,1.96,230,370,600,1.6087,210,320,530,1.5238,180,230,410,1.2778,150,160,310,1.0667,140,120,260,0.85714,105,62
890,280,600,250,460,710,1.84,220,340,560,1.5455,210,300,510,1.4286,180,220,400,1.2222,160,150,310,0.9375,130,110,240,0.84615,105,61
870,290,580,260,500,760,1.9231,240,370,610,1.5417,220,320,540,1.4545,190,210,400,1.1053,160,160,320,1.0,130,120,250,0.92308,106,62
880,290,600,250,460,710,1.84,220,340,560,1.5455,210,290,500,1.381,180,200,380,1.1111,150,130,280,0.86667,120,100,220,0.8333299999999999,106,62
890,280,620,300,470,770,1.5667,240,370,610,1.5417,230,320,550,1.3913,200,230,430,1.15,170,170,340,1.0,140,130,270,0.92857,106,62
880,290,590,260,510,770,1.9615,220,370,590,1.6818,210,320,530,1.5238,180,230,410,1.2778,140,150,290,1.0714,130,120,250,0.92308,105,62
890,290,600,250,470,720,1.88,220,350,570,1.5909,220,300,520,1.3636,190,230,420,1.2105,140,150,290,1.0714,120,120,240,1.0,105,61
890,290,590,250,460,710,1.84,220,340,560,1.5455,210,310,520,1.4762,180,210,390,1.1667,150,150,300,1.0,140,120,260,0.85714,105,62
880,300,580,260,480,740,1.8462,240,360,600,1.5,220,290,510,1.3182,200,220,420,1.1,170,140,310,0.8235299999999999,130,120,250,0.92308,105,62
880,300,590,290,470,760,1.6207,250,350,600,1.4,230,300,530,1.3043,200,210,410,1.05,160,140,300,0.875,130,100,230,0.76923,106,62
890,280,590,240,500,740,2.0833,210,380,590,1.8095,200,340,540,1.7,170,230,400,1.3529,150,170,320,1.1333,130,130,260,1.0,105,61
890,300,600,260,530,790,2.0385,220,390,610,1.7727,220,320,540,1.4545,170,240,410,1.4118,160,170,330,1.0625,130,120,250,0.92308,105,61
890,290,590,260,460,720,1.7692,230,340,570,1.4783,210,300,510,1.4286,180,210,390,1.1667,140,160,300,1.1429,130,110,240,0.84615,105,61
850,300,580,270,550,820,2.037,230,390,620,1.6957,220,330,550,1.5,200,230,430,1.15,160,150,310,0.9375,130,120,250,0.92308,106,62
930,270,650,290,530,820,1.8276,210,410,620,1.9524,210,370,580,1.7619,160,280,440,1.75,130,190,320,1.4615,110,150,260,1.3636,105,62
880,280,600,250,460,710,1.84,240,340,580,1.4167,210,290,500,1.381,180,210,390,1.1667,160,150,310,0.9375,130,120,250,0.92308,105,62
880,280,600,250,610,860,2.44,220,420,640,1.9091,210,370,580,1.7619,190,230,420,1.2105,160,150,310,0.9375,130,120,250,0.92308,104,61
890,280,620,250,510,760,2.04,210,380,590,1.8095,210,340,550,1.619,170,240,410,1.4118,150,170,320,1.1333,120,130,250,1.0833,104,61
890,270,620,240,510,750,2.125,220,380,600,1.7273,200,340,540,1.7,170,230,400,1.3529,150,170,320,1.1333,120,140,260,1.1667,104,61
880,270,590,240,550,790,2.2917,220,380,600,1.7273,200,340,540,1.7,180,240,420,1.3333,150,180,330,1.2,130,140,270,1.0769,105,61
910,290,610,230,500,730,2.1739,220,370,590,1.6818,210,320,530,1.5238,160,240,400,1.5,130,170,300,1.3077,110,140,250,1.2727,105,61
880,280,590,240,480,720,2.0,230,370,600,1.6087,210,310,520,1.4762,190,230,420,1.2105,150,150,300,1.0,120,110,230,0.91667,104,61
880,290,600,240,610,850,2.5417,230,420,650,1.8261,210,360,570,1.7143,180,260,440,1.4444,160,160,320,1.0,130,130,260,1.0,104,61
900,280,610,240,490,730,2.0417,230,370,600,1.6087,210,310,520,1.4762,180,230,410,1.2778,140,160,300,1.1429,120,120,240,1.0,104,61
890,290,590,270,480,750,1.7778,240,390,630,1.625,210,330,540,1.5714,190,240,430,1.2632,150,170,320,1.1333,130,130,260,1.0,104,61
890,300,590,260,530,790,2.0385,230,380,610,1.6522,230,330,560,1.4348,180,240,420,1.3333,150,150,300,1.0,130,120,250,0.92308,104,61
880,300,590,270,510,780,1.8889,240,370,610,1.5417,220,320,540,1.4545,190,220,410,1.1579,150,160,310,1.0667,130,120,250,0.92308,105,61
840,280,590,250,520,770,2.08,230,370,600,1.6087,220,320,540,1.4545,190,230,420,1.2105,150,160,310,1.0667,140,120,260,0.85714,104,61
880,250,620,230,630,860,2.7391,190,440,630,2.3158,190,380,570,2.0,160,270,430,1.6875,130,190,320,1.4615,110,160,270,1.4545,104,61
900,260,620,230,520,750,2.2609,220,400,620,1.8182,190,340,530,1.7895,160,250,410,1.5625,130,190,320,1.4615,110,140,250,1.2727,104,61
880,280,600,250,490,740,1.96,220,380,600,1.7273,220,350,570,1.5909,180,250,430,1.3889,160,170,330,1.0625,130,140,270,1.0769,104,61
910,280,600,240,550,790,2.2917,210,400,610,1.9048,200,350,550,1.75,170,260,430,1.5294,130,180,310,1.3846,120,140,260,1.1667,105,61
890,310,600,270,490,760,1.8148,240,360,600,1.5,230,310,540,1.3478,200,230,430,1.15,150,160,310,1.0667,130,110,240,0.84615,105,61
910,280,590,250,510,760,2.04,220,380,600,1.7273,200,330,530,1.65,180,220,400,1.2222,160,160,320,1.0,120,130,250,1.0833,104,61
880,290,600,250,470,720,1.88,230,370,600,1.6087,220,320,540,1.4545,180,240,420,1.3333,150,160,310,1.0667,130,130,260,1.0,104,61
880,280,600,250,450,700,1.8,220,350,570,1.5909,220,320,540,1.4545,180,240,420,1.3333,150,170,320,1.1333,130,120,250,0.92308,104,61
720,280,600,250,490,740,1.96,220,360,580,1.6364,210,330,540,1.5714,170,230,400,1.3529,150,170,320,1.1333,130,130,260,1.0,104,61
870,270,600,280,480,760,1.7143,230,360,590,1.5652,210,310,520,1.4762,180,230,410,1.2778,150,150,300,1.0,130,120,250,0.92308,105,61
910,270,610,220,540,760,2.4545,210,400,610,1.9048,190,350,540,1.8421,160,240,400,1.5,130,180,310,1.3846,100,140,240,1.4,104,61
880,300,590,260,600,860,2.3077,220,420,640,1.9091,210,370,580,1.7619,180,250,430,1.3889,140,180,320,1.2857,110,130,240,1.1818,104,61
880,290,600,260,490,750,1.8846,220,360,580,1.6364,210,320,530,1.5238,190,220,410,1.1579,150,160,310,1.0667,140,120,260,0.85714,104,61
880,280,590,260,450,710,1.7308,230,330,560,1.4348,220,300,520,1.3636,180,230,410,1.2778,150,170,320,1.1333,130,130,260,1.0,104,61
900,290,590,250,500,750,2.0,210,370,580,1.7619,200,320,520,1.6,170,230,400,1.3529,150,170,320,1.1333,120,130,250,1.0833,105,61
880,280,590,240,470,710,1.9583,220,370,590,1.6818,200,310,510,1.55,170,220,390,1.2941,140,160,300,1.1429,130,120,250,0.92308,104,61
890,290,620,240,510,750,2.125,210,380,590,1.8095,200,340,540,1.7,170,240,410,1.4118,150,170,320,1.1333,120,130,250,1.0833,104,61
900,270,610,240,620,860,2.5833,220,430,650,1.9545,200,360,560,1.8,150,260,410,1.7333,120,170,290,1.4167,100,140,240,1.4,104,61
890,290,600,250,490,740,1.96,240,370,610,1.5417,220,320,540,1.4545,190,220,410,1.1579,160,160,320,1.0,140,130,270,0.92857,104,60
880,290,590,250,470,720,1.88,240,330,570,1.375,220,290,510,1.3182,190,200,390,1.0526,160,170,330,1.0625,130,120,250,0.92308,104,60
900,290,610,250,510,760,2.04,220,380,600,1.7273,200,330,530,1.65,180,230,410,1.2778,150,180,330,1.2,130,130,260,1.0,105,61
880,280,600,250,510,760,2.04,220,380,600,1.7273,210,320,530,1.5238,180,230,410,1.2778,150,150,300,1.0,120,120,240,1.0,104,61
890,280,620,240,530,770,2.2083,230,390,620,1.6957,200,340,540,1.7,180,240,420,1.3333,150,170,320,1.1333,120,130,250,1.0833,103,60
890,290,620,260,470,730,1.8077,230,360,590,1.5652,220,310,530,1.4091,180,230,410,1.2778,140,160,300,1.1429,120,120,240,1.0,103,60
900,270,620,250,470,720,1.88,230,350,580,1.5217,210,300,510,1.4286,180,210,390,1.1667,150,150,300,1.0,120,110,230,0.91667,104,60
890,280,620,250,530,780,2.12,220,380,600,1.7273,220,340,560,1.5455,170,230,400,1.3529,140,170,310,1.2143,140,130,270,0.92857,104,61
900,270,620,290,470,760,1.6207,260,360,620,1.3846,240,340,580,1.4167,210,250,460,1.1905,160,180,340,1.125,150,150,300,1.0,104,61
900,280,620,250,540,790,2.16,210,400,610,1.9048,200,340,540,1.7,180,240,420,1.3333,140,160,300,1.1429,130,140,270,1.0769,104,61
890,280,580,260,520,780,2.0,230,390,620,1.6957,230,340,570,1.4783,190,230,420,1.2105,160,150,310,0.9375,130,120,250,0.92308,104,60
850,290,610,240,510,750,2.125,220,390,610,1.7727,210,340,550,1.619,180,240,420,1.3333,140,180,320,1.2857,120,140,260,1.1667,105,61
890,310,610,280,510,790,1.8214,250,380,630,1.52,230,330,560,1.4348,200,230,430,1.15,160,160,320,1.0,140,130,270,0.92857,105,61
890,280,610,300,480,780,1.6,250,360,610,1.44,240,290,530,1.2083,210,230,440,1.0952,160,180,340,1.125,150,130,280,0.86667,105,61
880,280,590,250,510,760,2.04,220,380,600,1.7273,210,330,540,1.5714,180,230,410,1.2778,150,170,320,1.1333,130,130,260,1.0,105,61
900,290,480,240,490,730,2.0417,210,400,610,1.9048,210,330,540,1.5714,180,240,420,1.3333,130,170,300,1.3077,120,130,250,1.0833,104,61
900,280,610,250,530,780,2.12,210,390,600,1.8571,210,340,550,1.619,180,250,430,1.3889,140,170,310,1.2143,120,150,270,1.25,105,61
890,290,590,270,460,730,1.7037,230,350,580,1.5217,220,310,530,1.4091,190,220,410,1.1579,160,150,310,0.9375,130,120,250,0.92308,106,61
880,290,600,250,470,720,1.88,220,350,570,1.5909,210,300,510,1.4286,190,200,390,1.0526,150,140,290,0.93333,120,120,240,1.0,104,61
900,280,620,240,550,790,2.2917,220,400,620,1.8182,200,350,550,1.75,170,260,430,1.5294,140,180,320,1.2857,120,130,250,1.0833,104,61
880,280,600,250,520,770,2.08,230,370,600,1.6087,220,330,550,1.5,190,240,430,1.2632,140,170,310,1.2143,120,140,260,1.1667,104,61
900,280,610,250,470,720,1.88,220,370,590,1.6818,200,320,520,1.6,180,230,410,1.2778,150,180,330,1.2,120,130,250,1.0833,104,61
900,290,600,240,530,770,2.2083,230,400,630,1.7391,210,330,540,1.5714,180,250,430,1.3889,140,170,310,1.2143,130,140,270,1.0769,105,61
890,300,590,260,470,730,1.8077,230,360,590,1.5652,230,300,530,1.3043,180,210,390,1.1667,160,160,320,1.0,130,110,240,0.84615,105,61
860,280,590,260,600,860,2.3077,230,410,640,1.7826,220,350,570,1.5909,190,240,430,1.2632,160,160,320,1.0,130,120,250,0.92308,104,61
910,270,620,230,560,790,2.4348,210,430,640,2.0476,200,360,560,1.8,180,270,450,1.5,130,190,320,1.4615,120,150,270,1.25,104,61
890,290,590,260,500,760,1.9231,240,400,640,1.6667,220,350,570,1.5909,190,240,430,1.2632,160,160,320,1.0,140,120,260,0.85714,104,61
900,290,610,260,550,810,2.1154,230,410,640,1.7826,210,340,550,1.619,180,250,430,1.3889,160,180,340,1.125,130,130,260,1.0,104,61
880,290,600,250,490,740,1.96,240,370,610,1.5417,220,320,540,1.4545,180,220,400,1.2222,160,170,330,1.0625,130,120,250,0.92308,105,61
860,280,620,300,480,780,1.6,250,380,630,1.52,230,320,550,1.3913,200,240,440,1.2,170,170,340,1.0,140,140,280,1.0,104,61
900,270,630,240,540,780,2.25,210,410,620,1.9524,190,340,530,1.7895,160,260,420,1.625,130,190,320,1.4615,120,140,260,1.1667,104,61
880,270,610,250,490,740,1.96,220,390,610,1.7727,220,360,580,1.6364,170,270,440,1.5882,140,180,320,1.2857,130,150,280,1.1538,104,61
900,270,620,240,540,780,2.25,210,390,600,1.8571,190,350,540,1.8421,170,250,420,1.4706,140,190,330,1.3571,120,140,260,1.1667,104,61
910,280,600,250,510,760,2.04,220,410,630,1.8636,210,350,560,1.6667,180,260,440,1.4444,140,170,310,1.2143,110,140,250,1.2727,104,61
890,310,610,280,510,790,1.8214,240,400,640,1.6667,220,340,560,1.5455,190,240,430,1.2632,160,160,320,1.0,150,130,280,0.86667,104,61
890,280,610,300,480,780,1.6,230,370,600,1.6087,220,320,540,1.4545,190,230,420,1.2105,160,170,330,1.0625,140,140,280,1.0,104,61
890,290,620,250,520,770,2.08,230,400,630,1.7391,220,330,550,1.5,180,250,430,1.3889,140,170,310,1.2143,130,120,250,0.92308,103,61
900,270,620,240,490,730,2.0417,220,390,610,1.7727,210,340,550,1.619,180,270,450,1.5,140,190,330,1.3571,130,150,280,1.1538,103,61
900,280,610,260,520,780,2.0,230,380,610,1.6522,220,330,550,1.5,180,240,420,1.3333,150,160,310,1.0667,130,130,260,1.0,104,61
890,290,600,260,460,720,1.7692,240,370,610,1.5417,230,320,550,1.3913,200,230,430,1.15,150,150,300,1.0,130,120,250,0.92308,104,61
870,290,590,250,470,720,1.88,230,350,580,1.5217,220,310,530,1.4091,190,220,410,1.1579,150,150,300,1.0,130,120,250,0.92308,104,61
910,280,610,250,620,870,2.48,230,440,670,1.913,200,380,580,1.9,190,280,470,1.4737,150,180,330,1.2,130,150,280,1.1538,104,61
900,300,590,250,490,740,1.96,240,370,610,1.5417,220,330,550,1.5,190,230,420,1.2105,160,160,320,1.0,140,130,270,0.92857,104,61
880,310,590,270,470,740,1.7407,240,340,580,1.4167,220,310,530,1.4091,200,220,420,1.1,150,140,290,0.93333,130,120,250,0.92308,104,61
890,290,610,250,520,770,2.08,240,390,630,1.625,210,330,540,1.5714,190,230,420,1.2105,150,170,320,1.1333,140,120,260,0.85714,104,61
890,280,610,260,460,720,1.7692,230,340,570,1.4783,210,290,500,1.381,180,240,420,1.3333,160,170,330,1.0625,130,130,260,1.0,104,61
910,280,630,300,500,800,1.6667,260,370,630,1.4231,230,330,560,1.4348,200,240,440,1.2,170,160,330,0.94118,140,140,280,1.0,104,61
890,280,490,240,500,740,2.0833,220,380,600,1.7273,210,320,530,1.5238,180,230,410,1.2778,150,160,310,1.0667,120,120,240,1.0,104,61
890,400,600,260,530,790,2.0385,230,390,620,1.6957,210,340,550,1.619,180,230,410,1.2778,150,160,310,1.0667,130,120,250,0.92308,104,61
890,290,610,260,480,740,1.8462,230,360,590,1.5652,210,310,520,1.4762,180,230,410,1.2778,160,150,310,0.9375,130,120,250,0.92308,104,60
910,280,610,250,470,720,1.88,230,360,590,1.5652,200,310,510,1.55,170,230,400,1.3529,140,170,310,1.2143,110,130,240,1.1818,104,61
900,300,600,260,520,780,2.0,240,380,620,1.5833,230,320,550,1.3913,200,230,430,1.15,170,160,330,0.94118,140,110,250,0.78571,104,61
900,310,600,240,510,750,2.125,220,370,590,1.6818,200,340,540,1.7,170,230,400,1.3529,140,180,320,1.2857,130,140,270,1.0769,104,61
910,270,610,260,480,740,1.8462,210,360,570,1.7143,200,320,520,1.6,180,230,410,1.2778,130,170,300,1.3077,110,140,250,1.2727,103,60
890,290,590,250,500,750,2.0,230,380,610,1.6522,210,340,550,1.619,190,230,420,1.2105,140,170,310,1.2143,140,130,270,0.92857,103,60
900,300,620,260,530,790,2.0385,240,380,620,1.5833,220,340,560,1.5455,180,240,420,1.3333,150,180,330,1.2,140,130,270,0.92857,103,60
890,280,590,260,520,780,2.0,230,370,600,1.6087,210,330,540,1.5714,180,240,420,1.3333,150,160,310,1.0667,140,130,270,0.92857,103,60
890,300,610,260,510,770,1.9615,230,370,600,1.6087,230,310,540,1.3478,180,230,410,1.2778,150,170,320,1.1333,140,130,270,0.92857,104,61
860,260,610,230,490,720,2.1304,200,380,580,1.9,200,330,530,1.65,170,240,410,1.4118,130,170,300,1.3077,120,140,260,1.1667,103,60
890,250,400,210,410,620,1.9524,190,410,600,2.1579,190,380,570,2.0,150,270,420,1.8,110,180,290,1.6364,100,130,230,1.3,102,60
900,270,610,260,490,750,1.8846,220,400,620,1.8182,200,330,530,1.65,180,260,440,1.4444,140,170,310,1.2143,130,130,260,1.0,104,60
890,290,600,260,520,780,2.0,230,390,620,1.6957,220,330,550,1.5,190,230,420,1.2105,140,170,310,1.2143,120,120,240,1.0,104,60
880,290,610,260,480,740,1.8462,240,350,590,1.4583,210,300,510,1.4286,190,230,420,1.2105,150,150,300,1.0,140,130,270,0.92857,104,60
920,270,620,290,490,780,1.6897,260,380,640,1.4615,230,330,560,1.4348,190,240,430,1.2632,160,170,330,1.0625,130,150,280,1.1538,104,60
880,300,610,260,540,800,2.0769,240,380,620,1.5833,220,330,550,1.5,190,230,420,1.2105,150,170,320,1.1333,130,120,250,0.92308,103,60
890,280,600,250,480,730,1.92,220,370,590,1.6818,210,310,520,1.4762,190,230,420,1.2105,150,150,300,1.0,130,120,250,0.92308,103,60
880,290,590,260,470,730,1.8077,230,350,580,1.5217,210,320,530,1.5238,180,230,410,1.2778,160,170,330,1.0625,130,140,270,1.0769,103,60
900,290,610,250,540,790,2.16,220,400,620,1.8182,210,340,550,1.619,170,250,420,1.4706,150,180,330,1.2,110,150,260,1.3636,103,60
890,290,630,280,560,840,2.0,240,400,640,1.6667,210,350,560,1.6667,190,240,430,1.2632,160,160,320,1.0,130,140,270,1.0769,104,61
900,260,640,280,490,770,1.75,240,380,620,1.5833,220,330,550,1.5,180,240,420,1.3333,140,170,310,1.2143,120,130,250,1.0833,104,61
900,260,630,230,560,790,2.4348,200,410,610,2.05,190,360,550,1.8947,160,260,420,1.625,130,180,310,1.3846,120,140,260,1.1667,103,61
890,270,610,240,480,720,2.0,230,380,610,1.6522,200,330,530,1.65,170,230,400,1.3529,140,170,310,1.2143,120,140,260,1.1667,103,61
890,280,600,250,480,730,1.92,220,370,590,1.6818,210,310,520,1.4762,170,230,400,1.3529,130,180,310,1.3846,130,140,270,1.0769,104,61
910,290,620,230,530,760,2.3043,220,400,620,1.8182,200,350,550,1.75,160,250,410,1.5625,130,170,300,1.3077,110,140,250,1.2727,104,61
890,270,610,250,470,720,1.88,220,360,580,1.6364,210,310,520,1.4762,180,230,410,1.2778,140,170,310,1.2143,110,140,250,1.2727,104,61
890,280,610,230,510,740,2.2174,220,390,610,1.7727,190,340,530,1.7895,170,230,400,1.3529,140,170,310,1.2143,110,120,230,1.0909,104,61
890,280,610,250,480,730,1.92,220,370,590,1.6818,220,320,540,1.4545,190,230,420,1.2105,150,160,310,1.0667,140,130,270,0.92857,104,61
890,280,610,250,480,730,1.92,220,350,570,1.5909,220,300,520,1.3636,190,220,410,1.1579,160,150,310,0.9375,120,110,230,0.91667,104,61
900,280,610,240,520,760,2.1667,220,390,610,1.7727,210,340,550,1.619,180,230,410,1.2778,150,170,320,1.1333,130,140,270,1.0769,105,61
900,270,620,240,550,790,2.2917,210,420,630,2.0,190,360,550,1.8947,160,270,430,1.6875,140,190,330,1.3571,120,150,270,1.25,104,61
900,280,590,240,530,770,2.2083,210,400,610,1.9048,210,340,550,1.619,180,250,430,1.3889,140,180,320,1.2857,120,130,250,1.0833,103,60
900,310,620,290,630,920,2.1724,240,440,680,1.8333,220,390,610,1.7727,190,270,460,1.4211,150,180,330,1.2,130,150,280,1.1538,103,60
840,280,610,260,480,740,1.8462,230,370,600,1.6087,220,330,550,1.5,190,240,430,1.2632,150,170,320,1.1333,130,120,250,0.92308,103,60
900,290,590,250,500,750,2.0,230,380,610,1.6522,210,330,540,1.5714,180,230,410,1.2778,150,170,320,1.1333,120,130,250,1.0833,103,61
880,270,620,240,540,780,2.25,210,400,610,1.9048,210,350,560,1.6667,180,250,430,1.3889,140,170,310,1.2143,120,130,250,1.0833,103,61
900,260,470,230,480,710,2.087,210,410,620,1.9524,190,340,530,1.7895,170,250,420,1.4706,140,190,330,1.3571,110,140,250,1.2727,103,60
880,290,600,260,470,730,1.8077,230,350,580,1.5217,210,320,530,1.5238,180,230,410,1.2778,140,160,300,1.1429,130,130,260,1.0,103,60
890,280,610,250,470,720,1.88,220,360,580,1.6364,210,320,530,1.5238,180,240,420,1.3333,130,170,300,1.3077,100,140,240,1.4,104,61
910,280,630,250,520,770,2.08,210,390,600,1.8571,190,340,530,1.7895,170,260,430,1.5294,140,190,330,1.3571,120,140,260,1.1667,103,61
890,280,610,300,470,770,1.5667,240,360,600,1.5,220,290,510,1.3182,200,200,400,1.0,150,140,290,0.93333,140,110,250,0.78571,103,61
900,280,610,230,560,790,2.4348,220,390,610,1.7727,190,350,540,1.8421,170,250,420,1.4706,150,170,320,1.1333,130,130,260,1.0,103,61
910,280,610,250,480,730,1.92,220,360,580,1.6364,200,330,530,1.65,170,230,400,1.3529,140,170,310,1.2143,130,130,260,1.0,103,61
880,300,600,270,500,770,1.8519,240,370,610,1.5417,230,320,550,1.3913,200,220,420,1.1,170,150,320,0.88235,140,120,260,0.85714,104,61
900,280,590,250,460,710,1.84,220,360,580,1.6364,200,300,500,1.5,180,220,400,1.2222,150,160,310,1.0667,120,130,250,1.0833,104,61
900,280,610,240,530,770,2.2083,210,400,610,1.9048,210,340,550,1.619,180,250,430,1.3889,130,170,300,1.3077,110,140,250,1.2727,103,61
900,290,610,240,520,760,2.1667,230,400,630,1.7391,200,350,550,1.75,180,240,420,1.3333,140,170,310,1.2143,120,130,250,1.0833,103,61
880,290,610,250,480,730,1.92,220,360,580,1.6364,220,320,540,1.4545,180,230,410,1.2778,140,170,310,1.2143,130,120,250,0.92308,104,61
910,270,610,240,520,760,2.1667,210,410,620,1.9524,200,340,540,1.7,180,250,430,1.3889,140,180,320,1.2857,120,150,270,1.25,104,61
900,300,600,250,490,740,1.96,240,360,600,1.5,220,300,520,1.3636,190,220,410,1.1579,150,160,310,1.0667,120,130,250,1.0833,104,61
900,290,620,250,530,780,2.12,220,400,620,1.8182,210,340,550,1.619,170,250,420,1.4706,150,170,320,1.1333,130,130,260,1.0,104,61
890,280,620,260,490,750,1.8846,230,390,620,1.6957,230,340,570,1.4783,190,250,440,1.3158,150,180,330,1.2,130,150,280,1.1538,103,61
910,270,610,240,500,740,2.0833,210,370,580,1.7619,200,330,530,1.65,180,240,420,1.3333,140,180,320,1.2857,130,130,260,1.0,103,61
890,300,600,250,480,730,1.92,230,390,620,1.6957,220,340,560,1.5455,190,240,430,1.2632,160,170,330,1.0625,130,120,250,0.92308,104,61
900,290,610,260,500,760,1.9231,220,380,600,1.7273,210,310,520,1.4762,190,230,420,1.2105,150,170,320,1.1333,130,130,260,1.0,104,61
910,290,600,270,490,760,1.8148,220,380,600,1.7273,220,310,530,1.4091,180,220,400,1.2222,150,150,300,1.0,140,120,260,0.85714,103,61
860,310,580,270,490,760,1.8148,240,360,600,1.5,240,320,560,1.3333,210,220,430,1.0476,160,150,310,0.9375,140,110,250,0.78571,103,60
910,280,610,250,510,760,2.04,220,380,600,1.7273,200,330,530,1.65,170,240,410,1.4118,140,170,310,1.2143,110,140,250,1.2727,103,60
900,300,600,260,450,710,1.7308,230,340,570,1.4783,230,310,540,1.3478,200,240,440,1.2,170,170,340,1.0,130,130,260,1.0,103,60
890,300,610,280,490,770,1.75,240,390,630,1.625,230,340,570,1.4783,200,230,430,1.15,160,170,330,1.0625,150,120,270,0.8,104,61
870,280,610,290,460,750,1.5862,240,350,590,1.4583,220,320,540,1.4545,190,230,420,1.2105,160,160,320,1.0,130,120,250,0.92308,102,60
900,260,610,230,570,800,2.4783,200,420,620,2.1,200,360,560,1.8,170,250,420,1.4706,130,180,310,1.3846,110,130,240,1.1818,102,60
880,290,600,260,550,810,2.1154,220,410,630,1.8636,220,360,580,1.6364,190,240,430,1.2632,160,160,320,1.0,130,130,260,1.0,102,60
880,280,600,240,520,760,2.1667,220,400,620,1.8182,200,350,550,1.75,160,240,400,1.5,140,170,310,1.2143,110,140,250,1.2727,102,60
900,280,600,240,520,760,2.1667,220,390,610,1.7727,200,350,550,1.75,170,240,410,1.4118,140,180,320,1.2857,110,150,260,1.3636,102,60
890,300,590,260,440,700,1.6923,230,330,560,1.4348,230,280,510,1.2174,200,200,400,1.0,150,180,330,1.2,120,130,250,1.0833,103,60
880,270,600,240,520,760,2.1667,220,360,580,1.6364,200,310,510,1.55,180,230,410,1.2778,140,150,290,1.0714,130,120,250,0.92308,103,61
880,280,590,240,520,760,2.1667,220,400,620,1.8182,200,340,540,1.7,180,240,420,1.3333,150,170,320,1.1333,130,130,260,1.0,103,60
890,290,620,250,520,770,2.08,230,400,630,1.7391,210,350,560,1.6667,180,240,420,1.3333,150,180,330,1.2,110,140,250,1.2727,103,60
880,270,610,250,500,750,2.0,220,380,600,1.7273,200,330,530,1.65,170,240,410,1.4118,160,170,330,1.0625,130,140,270,1.0769,103,61
900,270,600,230,550,780,2.3913,220,400,620,1.8182,190,350,540,1.8421,170,260,430,1.5294,140,190,330,1.3571,110,140,250,1.2727,104,61
890,300,600,250,450,700,1.8,220,320,540,1.4545,210,280,490,1.3333,180,190,370,1.0556,150,130,280,0.86667,130,110,240,0.84615,104,61
890,280,610,240,540,780,2.25,220,410,630,1.8636,210,340,550,1.619,170,260,430,1.5294,150,170,320,1.1333,130,140,270,1.0769,104,61
890,280,610,250,490,740,1.96,220,370,590,1.6818,220,310,530,1.4091,190,230,420,1.2105,150,170,320,1.1333,140,130,270,0.92857,104,61
880,280,600,250,470,720,1.88,230,360,590,1.5652,210,300,510,1.4286,180,220,400,1.2222,150,160,310,1.0667,130,110,240,0.84615,104,61
900,280,610,250,530,780,2.12,220,390,610,1.7727,210,340,550,1.619,180,230,410,1.2778,150,170,320,1.1333,120,140,260,1.1667,105,61
900,290,600,270,450,720,1.6667,230,340,570,1.4783,210,290,500,1.381,180,190,370,1.0556,150,130,280,0.86667,120,100,220,0.8333299999999999,105,61
890,270,600,250,530,780,2.12,220,400,620,1.8182,210,340,550,1.619,180,240,420,1.3333,150,170,320,1.1333,130,140,270,1.0769,104,61
890,290,620,260,550,810,2.1154,220,400,620,1.8182,220,350,570,1.5909,170,250,420,1.4706,140,160,300,1.1429,140,130,270,0.92857,104,61
890,270,590,240,490,730,2.0417,220,360,580,1.6364,210,310,520,1.4762,170,240,410,1.4118,140,170,310,1.2143,130,120,250,0.92308,105,61
900,280,620,270,510,780,1.8889,240,390,630,1.625,210,330,540,1.5714,190,240,430,1.2632,150,170,320,1.1333,140,140,280,1.0,105,62
900,280,610,300,470,770,1.5667,240,350,590,1.4583,230,320,550,1.3913,180,240,420,1.3333,150,150,300,1.0,130,120,250,0.92308,104,62
890,270,620,250,540,790,2.16,220,400,620,1.8182,200,340,540,1.7,170,260,430,1.5294,140,170,310,1.2143,120,140,260,1.1667,104,61
900,270,620,240,500,740,2.0833,210,400,610,1.9048,200,330,530,1.65,180,250,430,1.3889,140,180,320,1.2857,120,130,250,1.0833,105,62
890,280,600,240,510,750,2.125,220,370,590,1.6818,210,320,530,1.5238,190,240,430,1.2632,150,170,320,1.1333,130,140,270,1.0769,105,62
890,290,600,240,500,740,2.0833,230,380,610,1.6522,200,330,530,1.65,170,240,410,1.4118,140,160,300,1.1429,130,130,260,1.0,106,62
880,270,600,240,480,720,2.0,220,350,570,1.5909,200,290,490,1.45,170,210,380,1.2353,140,150,290,1.0714,130,110,240,0.84615,105,62
900,280,610,240,620,860,2.5833,230,440,670,1.913,210,370,580,1.7619,190,270,460,1.4211,140,180,320,1.2857,130,140,270,1.0769,105,61
890,290,610,250,500,750,2.0,240,380,620,1.5833,210,330,540,1.5714,190,230,420,1.2105,150,160,310,1.0667,140,120,260,0.85714,104,61
890,280,610,260,480,740,1.8462,240,380,620,1.5833,210,320,530,1.5238,190,250,440,1.3158,150,170,320,1.1333,130,130,260,1.0,104,61
900,280,600,250,540,790,2.16,220,400,620,1.8182,210,340,550,1.619,180,230,410,1.2778,140,160,300,1.1429,120,130,250,1.0833,104,61
900,300,610,260,500,760,1.9231,230,370,600,1.6087,210,320,530,1.5238,200,230,430,1.15,160,160,320,1.0,130,130,260,1.0,105,61
900,280,620,230,540,770,2.3478,210,400,610,1.9048,190,350,540,1.8421,160,240,400,1.5,130,170,300,1.3077,120,140,260,1.1667,104,61
900,280,620,250,490,740,1.96,220,370,590,1.6818,210,320,530,1.5238,180,240,420,1.3333,150,160,310,1.0667,120,130,250,1.0833,103,60
900,280,610,300,460,760,1.5333,250,360,610,1.44,230,330,560,1.4348,190,230,420,1.2105,160,180,340,1.125,130,140,270,1.0769,103,60
900,290,590,260,500,760,1.9231,220,370,590,1.6818,220,310,530,1.4091,180,240,420,1.3333,160,150,310,0.9375,130,120,250,0.92308,103,60
880,310,600,260,470,730,1.8077,230,360,590,1.5652,220,310,530,1.4091,200,210,410,1.05,170,160,330,0.94118,130,120,250,0.92308,104,61
900,280,630,300,490,790,1.6333,240,370,610,1.5417,230,330,560,1.4348,190,240,430,1.2632,170,170,340,1.0,140,140,280,1.0,103,60
880,270,610,240,540,780,2.25,210,390,600,1.8571,210,350,560,1.6667,170,240,410,1.4118,140,160,300,1.1429,120,130,250,1.0833,102,60
890,280,610,250,490,740,1.96,220,360,580,1.6364,220,330,550,1.5,180,230,410,1.2778,140,170,310,1.2143,130,130,260,1.0,102,60
890,280,600,270,470,740,1.7407,220,360,580,1.6364,220,320,540,1.4545,180,230,410,1.2778,150,150,300,1.0,130,110,240,0.84615,102,60
890,290,620,240,530,770,2.2083,230,380,610,1.6522,210,340,550,1.619,180,250,430,1.3889,150,180,330,1.2,130,130,260,1.0,103,60
890,270,630,290,500,790,1.7241,240,390,630,1.625,210,360,570,1.7143,180,260,440,1.4444,150,180,330,1.2,120,150,270,1.25,103,60
900,260,620,250,490,740,1.96,220,380,600,1.7273,200,330,530,1.65,170,250,420,1.4706,140,170,310,1.2143,110,150,260,1.3636,102,60
890,280,600,240,550,790,2.2917,210,390,600,1.8571,190,340,530,1.7895,160,240,400,1.5,130,180,310,1.3846,110,140,250,1.2727,102,60
870,290,600,250,490,740,1.96,210,370,580,1.7619,200,320,520,1.6,170,240,410,1.4118,140,160,300,1.1429,120,130,250,1.0833,102,60
930,270,630,230,500,730,2.1739,190,380,570,2.0,190,330,520,1.7368,160,250,410,1.5625,130,180,310,1.3846,100,140,240,1.4,102,60
890,300,600,270,490,760,1.8148,240,370,610,1.5417,230,300,530,1.3043,190,220,410,1.1579,160,160,320,1.0,130,110,240,0.84615,102,60
880,280,610,240,500,740,2.0833,210,360,570,1.7143,210,320,530,1.5238,180,220,400,1.2222,140,170,310,1.2143,130,120,250,0.92308,102,60
890,270,500,250,510,760,2.04,210,380,590,1.8095,210,330,540,1.5714,160,240,400,1.5,140,180,320,1.2857,130,140,270,1.0769,102,60
900,390,620,250,580,830,2.32,220,410,630,1.8636,220,360,580,1.6364,180,260,440,1.4444,150,170,320,1.1333,120,150,270,1.25,102,60
880,280,620,250,470,720,1.88,220,360,580,1.6364,210,300,510,1.4286,190,220,410,1.1579,150,160,310,1.0667,130,120,250,0.92308,103,60
910,260,600,240,470,710,1.9583,210,360,570,1.7143,200,320,520,1.6,170,220,390,1.2941,160,160,320,1.0,140,130,270,0.92857,104,61
890,310,590,260,480,740,1.8462,230,360,590,1.5652,230,310,540,1.3478,190,220,410,1.1579,150,160,310,1.0667,130,120,250,0.92308,104,61
870,290,600,250,540,790,2.16,230,380,610,1.6522,220,320,540,1.4545,180,230,410,1.2778,160,170,330,1.0625,140,130,270,0.92857,104,61
890,290,600,270,460,730,1.7037,220,340,560,1.5455,210,290,500,1.381,170,220,390,1.2941,140,160,300,1.1429,140,120,260,0.85714,105,61
890,290,600,260,470,730,1.8077,230,360,590,1.5652,220,310,530,1.4091,180,220,400,1.2222,150,150,300,1.0,130,110,240,0.84615,105,61
870,290,590,260,540,800,2.0769,230,380,610,1.6522,220,320,540,1.4545,190,230,420,1.2105,160,150,310,0.9375,130,120,250,0.92308,104,61
890,270,600,240,490,730,2.0417,220,370,590,1.6818,200,330,530,1.65,180,230,410,1.2778,140,170,310,1.2143,120,120,240,1.0,104,61
890,290,620,270,570,840,2.1111,220,400,620,1.8182,210,350,560,1.6667,180,240,420,1.3333,140,170,310,1.2143,120,140,260,1.1667,105,61
910,270,610,240,480,720,2.0,220,370,590,1.6818,210,310,520,1.4762,180,230,410,1.2778,150,170,320,1.1333,120,130,250,1.0833,105,61
900,300,620,270,510,780,1.8889,240,380,620,1.5833,230,330,560,1.4348,190,240,430,1.2632,170,150,320,0.88235,140,130,270,0.92857,105,61
870,280,610,270,460,730,1.7037,240,340,580,1.4167,230,290,520,1.2609,200,220,420,1.1,160,140,300,0.875,140,120,260,0.85714,104,61
900,260,620,230,530,760,2.3043,200,380,580,1.9,190,330,520,1.7368,160,230,390,1.4375,140,170,310,1.2143,110,140,250,1.2727,104,61
880,280,600,250,610,860,2.44,220,440,660,2.0,210,370,580,1.7619,180,280,460,1.5556,150,170,320,1.1333,130,130,260,1.0,103,61
900,280,600,250,490,740,1.96,220,370,590,1.6818,220,310,530,1.4091,170,240,410,1.4118,140,160,300,1.1429,120,120,240,1.0,103,61
890,300,590,260,510,770,1.9615,240,390,630,1.625,210,330,540,1.5714,180,230,410,1.2778,160,150,310,0.9375,140,120,260,0.85714,104,61
890,300,600,250,500,750,2.0,240,380,620,1.5833,220,320,540,1.4545,180,230,410,1.2778,160,170,330,1.0625,120,120,240,1.0,104,61
880,290,610,250,570,820,2.28,230,400,630,1.7391,200,350,550,1.75,180,240,420,1.3333,150,170,320,1.1333,120,130,250,1.0833,104,61
890,270,610,230,540,770,2.3478,220,400,620,1.8182,210,340,550,1.619,180,230,410,1.2778,150,170,320,1.1333,110,140,250,1.2727,103,61
890,280,600,250,490,740,1.96,220,390,610,1.7727,200,330,530,1.65,180,250,430,1.3889,150,180,330,1.2,120,140,260,1.1667,103,61
890,290,600,250,470,720,1.88,220,370,590,1.6818,220,320,540,1.4545,170,230,400,1.3529,140,160,300,1.1429,130,130,260,1.0,103,60
880,290,600,260,450,710,1.7308,230,390,620,1.6957,210,320,530,1.5238,180,240,420,1.3333,150,160,310,1.0667,130,120,250,0.92308,103,60
890,280,620,240,520,760,2.1667,230,390,620,1.6957,200,320,520,1.6,190,240,430,1.2632,150,170,320,1.1333,130,140,270,1.0769,104,61
910,270,630,290,490,780,1.6897,250,380,630,1.52,230,330,560,1.4348,190,240,430,1.2632,160,170,330,1.0625,130,140,270,1.0769,103,61
880,280,590,250,600,850,2.4,230,450,680,1.9565,230,370,600,1.6087,180,260,440,1.4444,160,180,340,1.125,130,130,260,1.0,103,61
880,290,600,250,540,790,2.16,230,390,620,1.6957,200,340,540,1.7,180,250,430,1.3889,140,170,310,1.2143,120,130,250,1.0833,103,60
910,280,600,250,490,740,1.96,220,400,620,1.8182,210,340,550,1.619,180,260,440,1.4444,150,200,350,1.3333,120,160,280,1.3333,103,60
870,310,600,260,470,730,1.8077,230,360,590,1.5652,220,300,520,1.3636,200,200,400,1.0,160,150,310,0.9375,130,120,250,0.92308,103,60
910,270,600,240,460,700,1.9167,210,340,550,1.619,210,330,540,1.5714,180,240,420,1.3333,140,170,310,1.2143,130,120,250,0.92308,103,60
890,310,590,270,470,740,1.7407,250,350,600,1.4,230,300,530,1.3043,190,220,410,1.1579,160,140,300,0.875,130,120,250,0.92308,104,61
910,280,610,240,520,760,2.1667,230,380,610,1.6522,200,320,520,1.6,190,230,420,1.2105,140,160,300,1.1429,130,140,270,1.0769,103,60
870,300,590,250,490,740,1.96,230,370,600,1.6087,210,310,520,1.4762,180,210,390,1.1667,150,160,310,1.0667,130,120,250,0.92308,103,60
910,280,610,240,500,740,2.0833,210,370,580,1.7619,210,330,540,1.5714,170,230,400,1.3529,150,170,320,1.1333,120,130,250,1.0833,103,60
890,300,590,270,420,690,1.5556,240,310,550,1.2917,230,270,500,1.1739,200,220,420,1.1,160,160,320,1.0,150,120,270,0.8,104,61
900,300,620,280,490,770,1.75,240,380,620,1.5833,240,330,570,1.375,210,230,440,1.0952,160,160,320,1.0,150,130,280,0.86667,105,61
870,280,600,270,440,710,1.6296,240,330,570,1.375,220,290,510,1.3182,190,210,400,1.1053,160,150,310,0.9375,150,120,270,0.8,104,61
890,270,600,250,520,770,2.08,220,390,610,1.7727,200,340,540,1.7,180,250,430,1.3889,130,170,300,1.3077,110,140,250,1.2727,104,61
890,290,620,240,520,760,2.1667,210,400,610,1.9048,210,340,550,1.619,180,230,410,1.2778,150,170,320,1.1333,120,140,260,1.1667,104,61
900,280,610,240,530,770,2.2083,220,390,610,1.7727,190,340,530,1.7895,160,240,400,1.5,150,180,330,1.2,120,140,260,1.1667,105,62
880,290,600,280,480,760,1.7143,230,360,590,1.5652,220,330,550,1.5,180,240,420,1.3333,150,180,330,1.2,140,130,270,0.92857,105,62
900,280,610,230,510,740,2.2174,210,380,590,1.8095,210,330,540,1.5714,180,240,420,1.3333,130,170,300,1.3077,120,140,260,1.1667,106,62
880,290,600,260,480,740,1.8462,230,370,600,1.6087,220,320,540,1.4545,180,220,400,1.2222,140,160,300,1.1429,120,130,250,1.0833,106,62
890,280,600,300,500,800,1.6667,240,370,610,1.5417,220,330,550,1.5,200,220,420,1.1,150,160,310,1.0667,120,130,250,1.0833,106,62
880,290,600,250,460,710,1.84,230,350,580,1.5217,220,290,510,1.3182,190,220,410,1.1579,150,150,300,1.0,120,120,240,1.0,106,62
900,280,610,240,620,860,2.5833,220,410,630,1.8636,200,370,570,1.85,170,260,430,1.5294,140,180,320,1.2857,120,130,250,1.0833,106,62
900,290,590,260,510,770,1.9615,230,380,610,1.6522,210,310,520,1.4762,180,230,410,1.2778,140,150,290,1.0714,140,110,250,0.78571,106,62
890,310,600,280,490,770,1.75,250,380,630,1.52,220,330,550,1.5,190,220,410,1.1579,170,170,340,1.0,130,130,260,1.0,106,62
890,290,600,250,520,770,2.08,220,380,600,1.7273,210,330,540,1.5714,180,230,410,1.2778,140,160,300,1.1429,140,120,260,0.85714,106,62
890,290,590,250,470,720,1.88,220,350,570,1.5909,220,310,530,1.4091,190,230,420,1.2105,140,160,300,1.1429,120,130,250,1.0833,107,62
900,260,560,240,530,770,2.2083,210,390,600,1.8571,190,340,530,1.7895,160,230,390,1.4375,130,170,300,1.3077,110,140,250,1.2727,106,62
900,340,620,260,580,840,2.2308,220,400,620,1.8182,210,350,560,1.6667,190,240,430,1.2632,160,170,330,1.0625,140,130,270,0.92857,106,62
890,280,610,250,490,740,1.96,230,370,600,1.6087,210,310,520,1.4762,180,230,410,1.2778,150,150,300,1.0,120,120,240,1.0,105,62
890,280,610,250,470,720,1.88,220,350,570,1.5909,220,320,540,1.4545,170,220,390,1.2941,140,160,300,1.1429,120,120,240,1.0,106,62
890,280,610,250,530,780,2.12,220,400,620,1.8182,200,330,530,1.65,180,230,410,1.2778,150,170,320,1.1333,120,140,260,1.1667,106,62
900,280,620,240,470,710,1.9583,210,350,560,1.6667,210,300,510,1.4286,180,220,400,1.2222,150,180,330,1.2,110,140,250,1.2727,106,62
910,290,600,250,490,740,1.96,220,380,600,1.7273,220,330,550,1.5,170,250,420,1.4706,150,170,320,1.1333,120,130,250,1.0833,106,61
890,310,600,270,540,810,2.0,240,400,640,1.6667,220,350,570,1.5909,190,260,450,1.3684,160,180,340,1.125,130,140,270,1.0769,106,62
900,280,620,240,550,790,2.2917,210,410,620,1.9524,200,360,560,1.8,180,250,430,1.3889,150,170,320,1.1333,120,140,260,1.1667,106,62
910,280,620,270,530,800,1.963,240,400,640,1.6667,220,340,560,1.5455,200,250,450,1.25,150,180,330,1.2,120,150,270,1.25,106,62
900,290,600,260,480,740,1.8462,220,360,580,1.6364,210,320,530,1.5238,190,220,410,1.1579,160,160,320,1.0,130,110,240,0.84615,107,62
900,300,600,260,500,760,1.9231,240,360,600,1.5,210,310,520,1.4762,180,230,410,1.2778,160,150,310,0.9375,130,130,260,1.0,108,62
890,300,590,250,450,700,1.8,230,340,570,1.4783,220,300,520,1.3636,180,220,400,1.2222,150,150,300,1.0,130,120,250,0.92308,107,62
900,300,600,260,610,870,2.3462,230,440,670,1.913,210,370,580,1.7619,180,250,430,1.3889,150,150,300,1.0,130,110,240,0.84615,107,62
890,300,600,260,470,730,1.8077,230,360,590,1.5652,210,310,520,1.4762,200,220,420,1.1,160,150,310,0.9375,140,120,260,0.85714,108,62
910,290,610,250,480,730,1.92,230,380,610,1.6522,210,330,540,1.5714,180,230,410,1.2778,150,170,320,1.1333,120,120,240,1.0,108,62
900,300,600,250,520,770,2.08,240,380,620,1.5833,220,320,540,1.4545,190,230,420,1.2105,150,160,310,1.0667,120,130,250,1.0833,108,63
900,300,610,260,510,770,1.9615,220,370,590,1.6818,220,320,540,1.4545,190,230,420,1.2105,150,160,310,1.0667,140,130,270,0.92857,108,63
900,280,620,240,540,780,2.25,210,390,600,1.8571,210,340,550,1.619,170,240,410,1.4118,140,160,300,1.1429,130,130,260,1.0,108,63
900,280,630,240,500,740,2.0833,220,380,600,1.7273,210,320,530,1.5238,180,230,410,1.2778,150,170,320,1.1333,120,120,240,1.0,108,63
910,270,620,260,480,740,1.8462,230,370,600,1.6087,220,320,540,1.4545,180,230,410,1.2778,150,170,320,1.1333,120,140,260,1.1667,108,63
910,290,610,250,520,770,2.08,230,380,610,1.6522,220,330,550,1.5,190,230,420,1.2105,160,160,320,1.0,120,120,240,1.0,108,63
910,300,610,280,490,770,1.75,230,380,610,1.6522,220,330,550,1.5,190,220,410,1.1579,160,150,310,0.9375,130,120,250,0.92308,108,63
900,280,610,240,530,770,2.2083,220,390,610,1.7727,210,340,550,1.619,170,230,400,1.3529,150,160,310,1.0667,130,130,260,1.0,107,62
910,290,600,250,610,860,2.44,220,430,650,1.9545,220,370,590,1.6818,180,270,450,1.5,150,170,320,1.1333,140,130,270,0.92857,107,62
900,310,620,250,490,740,1.96,230,370,600,1.6087,210,320,530,1.5238,200,220,420,1.1,160,170,330,1.0625,130,120,250,0.92308,107,62
880,280,610,280,470,750,1.6786,230,340,570,1.4783,220,290,510,1.3182,200,200,400,1.0,160,140,300,0.875,130,110,240,0.84615,107,62
920,270,630,240,550,790,2.2917,210,400,610,1.9048,190,340,530,1.7895,160,250,410,1.5625,130,190,320,1.4615,110,140,250,1.2727,107,62
890,280,620,250,480,730,1.92,220,360,580,1.6364,200,310,510,1.55,180,230,410,1.2778,140,150,290,1.0714,120,120,240,1.0,106,61
900,270,520,250,530,780,2.12,210,390,600,1.8571,210,340,550,1.619,180,240,420,1.3333,150,160,310,1.0667,120,120,240,1.0,106,61
910,380,620,250,570,820,2.28,220,410,630,1.8636,210,350,560,1.6667,170,250,420,1.4706,140,170,310,1.2143,130,140,270,1.0769,105,61
900,290,590,260,460,720,1.7692,240,340,580,1.4167,210,300,510,1.4286,190,220,410,1.1579,170,150,320,0.88235,140,120,260,0.85714,106,61
910,310,600,260,450,710,1.7308,230,350,580,1.5217,220,310,530,1.4091,200,220,420,1.1,170,160,330,0.94118,130,110,240,0.84615,106,61
880,310,600,270,490,760,1.8148,250,350,600,1.4,230,310,540,1.3478,190,210,400,1.1053,180,150,330,0.8333299999999999,150,120,270,0.8,106,61
920,280,630,300,480,780,1.6,260,360,620,1.3846,240,300,540,1.25,210,220,430,1.0476,170,150,320,0.88235,130,120,250,0.92308,106,61
900,290,600,240,530,770,2.2083,210,380,590,1.8095,210,330,540,1.5714,180,230,410,1.2778,140,160,300,1.1429,130,130,260,1.0,106,61
920,270,620,240,500,740,2.0833,200,380,580,1.9,190,320,510,1.6842,170,240,410,1.4118,140,180,320,1.2857,110,150,260,1.3636,105,61
890,300,610,270,520,790,1.9259,240,390,630,1.625,230,320,550,1.3913,200,220,420,1.1,160,150,310,0.9375,140,130,270,0.92857,106,61
920,280,610,250,520,770,2.08,210,380,590,1.8095,200,320,520,1.6,180,240,420,1.3333,150,180,330,1.2,120,140,260,1.1667,106,62
900,310,610,280,500,780,1.7857,250,370,620,1.48,220,300,520,1.3636,200,210,410,1.05,160,150,310,0.9375,130,110,240,0.84615,106,62
910,290,620,250,490,740,1.96,220,370,590,1.6818,210,310,520,1.4762,180,220,400,1.2222,150,170,320,1.1333,130,140,270,1.0769,105,61
890,290,590,260,470,730,1.8077,230,400,630,1.7391,230,340,570,1.4783,190,240,430,1.2632,160,160,320,1.0,130,120,250,0.92308,105,61
920,300,620,250,510,760,2.04,230,390,620,1.6957,200,330,530,1.65,170,240,410,1.4118,150,160,310,1.0667,120,130,250,1.0833,106,62
880,290,590,270,520,790,1.9259,240,360,600,1.5,220,310,530,1.4091,190,230,420,1.2105,160,160,320,1.0,140,120,260,0.85714,105,61
950,290,610,240,540,780,2.25,210,400,610,1.9048,210,340,550,1.619,170,230,400,1.3529,150,160,310,1.0667,130,130,260,1.0,105,61
890,290,620,250,460,710,1.84,230,360,590,1.5652,220,310,530,1.4091,180,230,410,1.2778,150,160,310,1.0667,130,130,260,1.0,105,61
910,270,620,240,460,700,1.9167,210,370,580,1.7619,200,320,520,1.6,170,240,410,1.4118,140,170,310,1.2143,130,140,270,1.0769,105,61
890,290,620,240,560,800,2.3333,230,390,620,1.6957,200,340,540,1.7,180,230,410,1.2778,150,160,310,1.0667,120,140,260,1.1667,106,62
930,270,650,290,480,770,1.6552,240,370,610,1.5417,210,330,540,1.5714,180,240,420,1.3333,150,180,330,1.2,120,140,260,1.1667,106,62
890,280,600,250,510,760,2.04,220,370,590,1.6818,210,320,530,1.5238,180,220,400,1.2222,150,150,300,1.0,130,120,250,0.92308,106,62
890,290,620,260,540,800,2.0769,230,400,630,1.7391,220,350,570,1.5909,180,230,410,1.2778,140,170,310,1.2143,120,120,240,1.0,106,62
900,270,610,240,540,780,2.25,210,400,610,1.9048,190,340,530,1.7895,160,250,410,1.5625,140,170,310,1.2143,120,130,250,1.0833,106,62
900,290,610,250,490,740,1.96,220,370,590,1.6818,210,320,530,1.5238,180,220,400,1.2222,140,160,300,1.1429,130,130,260,1.0,106,62
910,290,600,250,450,700,1.8,220,330,550,1.5,210,270,480,1.2857,180,190,370,1.0556,150,140,290,0.93333,120,120,240,1.0,107,62
890,310,620,260,480,740,1.8462,240,350,590,1.4583,230,300,530,1.3043,190,210,400,1.1053,160,150,310,0.9375,140,120,260,0.85714,106,62
890,270,630,290,470,760,1.6207,250,380,630,1.52,230,350,580,1.5217,190,230,420,1.2105,160,160,320,1.0,140,130,270,0.92857,106,62
900,260,610,240,560,800,2.3333,210,410,620,1.9524,200,350,550,1.75,160,250,410,1.5625,130,180,310,1.3846,120,130,250,1.0833,106,62
900,290,620,250,510,760,2.04,220,390,610,1.7727,200,320,520,1.6,190,230,420,1.2105,140,150,290,1.0714,120,120,240,1.0,106,62
900,280,610,270,620,890,2.2963,240,450,690,1.875,230,380,610,1.6522,200,250,450,1.25,160,180,340,1.125,130,140,270,1.0769,106,62
870,290,590,260,480,740,1.8462,230,360,590,1.5652,210,320,530,1.5238,180,230,410,1.2778,150,150,300,1.0,130,120,250,0.92308,106,62
910,280,620,240,490,730,2.0417,210,370,580,1.7619,190,320,510,1.6842,170,220,390,1.2941,140,160,300,1.1429,110,130,240,1.1818,106,62
890,260,610,240,490,730,2.0417,220,370,590,1.6818,190,310,500,1.6316,160,230,390,1.4375,140,160,300,1.1429,110,120,230,1.0909,106,62
900,280,590,240,530,770,2.2083,210,380,590,1.8095,200,320,520,1.6,170,230,400,1.3529,140,160,300,1.1429,120,120,240,1.0,106,62
890,310,590,260,520,780,2.0,220,360,580,1.6364,220,320,540,1.4545,190,220,410,1.1579,150,150,300,1.0,130,110,240,0.84615,106,62
890,300,590,250,460,710,1.84,230,350,580,1.5217,210,310,520,1.4762,180,220,400,1.2222,150,160,310,1.0667,130,110,240,0.84615,106,62
900,300,610,250,530,780,2.12,230,390,620,1.6957,200,330,530,1.65,180,240,420,1.3333,150,160,310,1.0667,130,130,260,1.0,106,62
890,290,610,270,450,720,1.6667,230,350,580,1.5217,230,280,510,1.2174,180,210,390,1.1667,160,150,310,0.9375,140,120,260,0.85714,107,62
900,280,630,300,490,790,1.6333,250,370,620,1.48,240,320,560,1.3333,190,220,410,1.1579,150,160,310,1.0667,140,130,270,0.92857,107,62
900,270,620,230,630,860,2.7391,200,450,650,2.25,200,380,580,1.9,160,260,420,1.625,130,170,300,1.3077,100,140,240,1.4,106,62
900,280,610,240,500,740,2.0833,210,380,590,1.8095,210,330,540,1.5714,180,240,420,1.3333,150,170,320,1.1333,120,120,240,1.0,106,62
900,290,610,270,490,760,1.8148,220,390,610,1.7727,220,350,570,1.5909,190,240,430,1.2632,160,170,330,1.0625,130,120,250,0.92308,106,62
890,290,600,260,470,730,1.8077,240,350,590,1.4583,220,300,520,1.3636,180,220,400,1.2222,150,140,290,0.93333,120,110,230,0.91667,107,62
890,290,620,250,540,790,2.16,220,380,600,1.7273,200,330,530,1.65,170,230,400,1.3529,140,170,310,1.2143,130,140,270,1.0769,107,62
870,270,600,230,440,670,1.913,210,320,530,1.5238,190,280,470,1.4737,170,200,370,1.1765,150,130,280,0.86667,130,100,230,0.76923,107,62
920,270,620,290,480,770,1.6552,240,360,600,1.5,220,320,540,1.4545,180,230,410,1.2778,150,170,320,1.1333,120,130,250,1.0833,107,62
910,280,620,240,510,750,2.125,210,380,590,1.8095,210,320,530,1.5238,170,230,400,1.3529,140,160,300,1.1429,120,130,250,1.0833,107,62
900,290,610,270,490,760,1.8148,240,380,620,1.5833,220,330,550,1.5,180,240,420,1.3333,160,170,330,1.0625,120,140,260,1.1667,107,62
900,290,610,260,480,740,1.8462,210,370,580,1.7619,210,320,530,1.5238,180,220,400,1.2222,150,150,300,1.0,130,130,260,1.0,107,62
890,280,630,260,470,730,1.8077,230,350,580,1.5217,210,310,520,1.4762,180,230,410,1.2778,140,150,290,1.0714,120,120,240,1.0,107,62
900,260,610,240,620,860,2.5833,210,450,660,2.1429,200,380,580,1.9,160,260,420,1.625,130,180,310,1.3846,130,140,270,1.0769,107,62
900,290,630,230,500,730,2.1739,220,370,590,1.6818,190,330,520,1.7368,170,240,410,1.4118,140,160,300,1.1429,120,130,250,1.0833,107,62
890,270,620,250,480,730,1.92,220,370,590,1.6818,210,320,530,1.5238,180,230,410,1.2778,150,180,330,1.2,120,140,260,1.1667,107,62
910,270,620,240,520,760,2.1667,210,380,590,1.8095,200,340,540,1.7,160,250,410,1.5625,140,170,310,1.2143,110,130,240,1.1818,108,62
900,290,600,240,470,710,1.9583,220,350,570,1.5909,200,320,520,1.6,180,230,410,1.2778,150,160,310,1.0667,120,130,250,1.0833,108,63
890,280,550,250,490,740,1.96,230,360,590,1.5652,210,310,520,1.4762,180,220,400,1.2222,150,150,300,1.0,130,110,240,0.84615,108,63
900,340,610,270,600,870,2.2222,230,420,650,1.8261,220,340,560,1.5455,190,240,430,1.2632,160,160,320,1.0,130,130,260,1.0,108,63
920,290,630,240,480,720,2.0,220,360,580,1.6364,210,330,540,1.5714,170,230,400,1.3529,140,160,300,1.1429,120,120,240,1.0,108,63
890,290,600,250,460,710,1.84,220,340,560,1.5455,220,290,510,1.3182,170,220,390,1.2941,130,150,280,1.1538,130,110,240,0.84615,109,63
910,290,620,250,530,780,2.12,220,390,610,1.7727,200,340,540,1.7,170,230,400,1.3529,140,170,310,1.2143,120,140,260,1.1667,109,63
910,290,620,260,440,700,1.6923,230,330,560,1.4348,210,290,500,1.381,180,210,390,1.1667,150,140,290,0.93333,130,130,260,1.0,109,63
900,300,610,260,500,760,1.9231,240,370,610,1.5417,220,320,540,1.4545,180,230,410,1.2778,150,160,310,1.0667,140,110,250,0.78571,108,62
910,290,630,270,540,810,2.0,230,390,620,1.6957,210,330,540,1.5714,190,240,430,1.2632,160,160,320,1.0,140,120,260,0.85714,108,62
880,280,610,250,480,730,1.92,230,350,580,1.5217,220,310,530,1.4091,190,220,410,1.1579,150,140,290,0.93333,140,110,250,0.78571,108,62
930,270,620,230,510,740,2.2174,210,390,600,1.8571,200,340,540,1.7,160,230,390,1.4375,140,180,320,1.2857,110,140,250,1.2727,109,63
910,270,620,270,470,740,1.7407,230,350,580,1.5217,220,300,520,1.3636,190,220,410,1.1579,150,160,310,1.0667,130,130,260,1.0,107,62
880,290,600,260,600,860,2.3077,220,410,630,1.8636,220,350,570,1.5909,180,230,410,1.2778,150,150,300,1.0,130,120,250,0.92308,107,62
920,280,640,240,530,770,2.2083,200,400,600,2.0,190,350,540,1.8421,160,250,410,1.5625,130,180,310,1.3846,100,150,250,1.5,107,62
910,280,610,260,490,750,1.8846,230,380,610,1.6522,210,320,530,1.5238,180,240,420,1.3333,160,170,330,1.0625,140,130,270,0.92857,107,62
900,300,610,250,520,770,2.08,220,370,590,1.6818,210,330,540,1.5714,180,220,400,1.2222,150,150,300,1.0,130,120,250,0.92308,107,62
920,290,630,260,510,770,1.9615,230,360,590,1.5652,200,320,520,1.6,180,220,400,1.2222,140,150,290,1.0714,120,130,250,1.0833,108,62
890,280,610,250,500,750,2.0,220,380,600,1.7273,220,320,540,1.4545,190,220,410,1.1579,140,150,290,1.0714,130,110,240,0.84615,107,62
900,280,620,240,630,870,2.625,210,450,660,2.1429,200,380,580,1.9,170,260,430,1.5294,140,180,320,1.2857,110,150,260,1.3636,107,62
910,280,620,240,520,760,2.1667,210,400,610,1.9048,210,340,550,1.619,170,240,410,1.4118,130,170,300,1.3077,120,140,260,1.1667,107,62
910,290,620,260,480,740,1.8462,230,370,600,1.6087,220,330,550,1.5,190,240,430,1.2632,150,170,320,1.1333,130,140,270,1.0769,107,62
910,290,600,250,550,800,2.2,220,380,600,1.7273,210,320,530,1.5238,190,230,420,1.2105,160,160,320,1.0,120,130,250,1.0833,107,62
920,310,640,250,470,720,1.88,220,370,590,1.6818,210,310,520,1.4762,180,240,420,1.3333,150,160,310,1.0667,120,130,250,1.0833,107,62
940,250,670,230,540,770,2.3478,190,420,610,2.2105,180,360,540,2.0,160,250,410,1.5625,140,170,310,1.2143,120,140,260,1.1667,106,62
910,270,660,220,530,750,2.4091,200,420,620,2.1,200,380,580,1.9,170,240,410,1.4118,160,160,320,1.0,130,120,250,0.92308,106,62
930,290,620,260,590,850,2.2692,230,440,670,1.913,230,400,630,1.7391,200,280,480,1.4,170,200,370,1.1765,140,130,270,0.92857,109,62
910,310,620,270,560,830,2.0741,240,440,680,1.8333,240,390,630,1.625,190,290,480,1.5263,170,180,350,1.0588,140,150,290,1.0714,109,63
930,270,640,260,530,790,2.0385,230,410,640,1.7826,220,350,570,1.5909,180,270,450,1.5,150,180,330,1.2,120,140,260,1.1667,109,63
910,290,610,270,500,770,1.8519,240,390,630,1.625,220,360,580,1.6364,190,270,460,1.4211,160,180,340,1.125,130,130,260,1.0,109,63
920,300,630,270,530,800,1.963,220,420,640,1.9091,220,370,590,1.6818,190,270,460,1.4211,150,180,330,1.2,130,140,270,1.0769,110,63
940,290,640,260,550,810,2.1154,230,420,650,1.8261,220,360,580,1.6364,180,270,450,1.5,140,190,330,1.3571,120,140,260,1.1667,111,63
920,270,620,270,500,770,1.8519,220,390,610,1.7727,210,340,550,1.619,180,260,440,1.4444,150,180,330,1.2,120,150,270,1.25,110,63
910,300,640,260,510,770,1.9615,220,400,620,1.8182,210,350,560,1.6667,180,250,430,1.3889,150,170,320,1.1333,140,130,270,0.92857,110,63
900,280,640,260,520,780,2.0,220,410,630,1.8636,220,360,580,1.6364,170,250,420,1.4706,150,170,320,1.1333,120,140,260,1.1667,110,63
950,260,660,240,520,760,2.1667,200,400,600,2.0,200,350,550,1.75,160,260,420,1.625,120,190,310,1.5833,110,140,250,1.2727,110,63
910,290,630,260,560,820,2.1538,220,410,630,1.8636,220,350,570,1.5909,180,260,440,1.4444,150,190,340,1.2667,120,150,270,1.25,110,63
940,280,650,300,510,810,1.7,260,400,660,1.5385,240,350,590,1.4583,210,250,460,1.1905,160,200,360,1.25,130,150,280,1.1538,109,63
910,290,630,260,550,810,2.1154,240,420,660,1.75,210,360,570,1.7143,180,260,440,1.4444,150,180,330,1.2,120,140,260,1.1667,109,63
920,300,620,270,510,780,1.8889,240,400,640,1.6667,220,340,560,1.5455,190,250,440,1.3158,150,180,330,1.2,140,130,270,0.92857,109,62
900,300,620,270,590,860,2.1852,240,420,660,1.75,240,370,610,1.5417,190,270,460,1.4211,160,170,330,1.0625,130,130,260,1.0,109,62
940,280,640,250,550,800,2.2,220,410,630,1.8636,210,370,580,1.7619,180,260,440,1.4444,130,200,330,1.5385,110,160,270,1.4545,109,63
920,300,640,300,530,830,1.7667,240,410,650,1.7083,230,360,590,1.5652,190,260,450,1.3684,170,180,350,1.0588,140,150,290,1.0714,108,62
900,280,630,270,510,780,1.8889,230,390,620,1.6957,230,330,560,1.4348,190,230,420,1.2105,160,160,320,1.0,150,130,280,0.86667,108,62
930,270,630,230,590,820,2.5652,210,440,650,2.0952,190,370,560,1.9474,160,280,440,1.75,130,180,310,1.3846,120,140,260,1.1667,107,62
930,290,640,250,510,760,2.04,220,380,600,1.7273,210,340,550,1.619,180,250,430,1.3889,150,170,320,1.1333,120,140,260,1.1667,107,61
920,290,620,260,460,720,1.7692,220,350,570,1.5909,220,320,540,1.4545,180,250,430,1.3889,160,160,320,1.0,140,120,260,0.85714,108,62
920,300,630,270,520,790,1.9259,230,380,610,1.6522,230,330,560,1.4348,180,240,420,1.3333,160,160,320,1.0,140,130,270,0.92857,108,62
920,280,650,250,570,820,2.28,220,420,640,1.9091,210,360,570,1.7143,180,260,440,1.4444,140,170,310,1.2143,120,130,250,1.0833,107,61
920,270,640,250,590,840,2.36,220,440,660,2.0,210,360,570,1.7143,180,260,440,1.4444,150,190,340,1.2667,130,150,280,1.1538,106,61
920,280,630,250,630,880,2.52,210,440,650,2.0952,210,390,600,1.8571,180,280,460,1.5556,150,190,340,1.2667,130,150,280,1.1538,106,61
920,290,620,250,510,760,2.04,230,390,620,1.6957,230,330,560,1.4348,180,230,410,1.2778,150,160,310,1.0667,130,130,260,1.0,106,61
920,300,630,280,470,750,1.6786,240,360,600,1.5,230,290,520,1.2609,190,200,390,1.0526,150,120,270,0.8,130,80,210,0.61538,106,61
930,290,650,270,530,800,1.963,240,410,650,1.7083,230,360,590,1.5652,180,260,440,1.4444,160,170,330,1.0625,130,140,270,1.0769,107,61
900,280,640,300,490,790,1.6333,240,360,600,1.5,220,310,530,1.4091,190,230,420,1.2105,150,160,310,1.0667,130,130,260,1.0,106,61
930,260,640,240,570,810,2.375,220,410,630,1.8636,200,370,570,1.85,170,250,420,1.4706,140,190,330,1.3571,110,140,250,1.2727,106,61
910,290,620,260,630,890,2.4231,220,430,650,1.9545,210,340,550,1.619,180,250,430,1.3889,140,160,300,1.1429,120,130,250,1.0833,106,61
920,290,630,250,500,750,2.0,220,380,600,1.7273,220,330,550,1.5,180,240,420,1.3333,130,170,300,1.3077,130,140,270,1.0769,106,61
920,290,630,250,530,780,2.12,230,400,630,1.7391,220,350,570,1.5909,180,240,420,1.3333,140,160,300,1.1429,140,130,270,0.92857,107,61
930,290,640,260,470,730,1.8077,220,360,580,1.6364,220,330,550,1.5,170,240,410,1.4118,140,170,310,1.2143,120,120,240,1.0,107,61
920,280,620,250,490,740,1.96,220,380,600,1.7273,200,320,520,1.6,180,240,420,1.3333,140,160,300,1.1429,120,130,250,1.0833,107,61
880,300,580,260,470,730,1.8077,240,360,600,1.5,220,330,550,1.5,190,220,410,1.1579,160,150,310,0.9375,140,120,260,0.85714,107,62
930,300,640,250,510,760,2.04,220,390,610,1.7727,220,330,550,1.5,190,230,420,1.2105,140,180,320,1.2857,120,130,250,1.0833,107,61
910,290,630,250,550,800,2.2,230,410,640,1.7826,210,340,550,1.619,190,240,430,1.2632,160,160,320,1.0,130,140,270,1.0769,106,61
930,280,630,240,530,770,2.2083,230,390,620,1.6957,210,340,550,1.619,190,260,450,1.3684,140,170,310,1.2143,130,140,270,1.0769,106,61
910,300,630,250,540,790,2.16,240,390,630,1.625,210,330,540,1.5714,180,240,420,1.3333,160,160,320,1.0,130,130,260,1.0,106,61
940,280,630,260,530,790,2.0385,230,400,630,1.7391,210,340,550,1.619,180,250,430,1.3889,150,180,330,1.2,120,150,270,1.25,106,61
910,310,620,280,460,740,1.6429,250,330,580,1.32,230,280,510,1.2174,200,210,410,1.05,170,130,300,0.76471,140,100,240,0.71429,106,61
920,290,640,260,650,910,2.5,230,440,670,1.913,210,380,590,1.8095,180,280,460,1.5556,150,170,320,1.1333,120,140,260,1.1667,105,61
930,280,630,250,560,810,2.24,220,420,640,1.9091,220,370,590,1.6818,170,250,420,1.4706,140,170,310,1.2143,140,140,280,1.0,105,61
910,300,620,270,520,790,1.9259,230,390,620,1.6957,220,340,560,1.5455,200,240,440,1.2,150,170,320,1.1333,130,140,270,1.0769,105,60
930,290,640,250,500,750,2.0,210,380,590,1.8095,210,330,540,1.5714,170,250,420,1.4706,140,170,310,1.2143,120,130,250,1.0833,105,60
940,290,650,270,560,830,2.0741,230,400,630,1.7391,230,350,580,1.5217,180,260,440,1.4444,150,180,330,1.2,130,140,270,1.0769,106,61
910,290,640,270,520,790,1.9259,240,390,630,1.625,230,340,570,1.4783,200,240,440,1.2,160,160,320,1.0,140,130,270,0.92857,106,61
940,270,670,250,560,810,2.24,220,440,660,2.0,200,380,580,1.9,180,260,440,1.4444,170,160,330,0.94118,150,130,280,0.86667,105,60
940,290,630,260,590,850,2.2692,240,440,680,1.8333,220,390,610,1.7727,190,280,470,1.4737,160,190,350,1.1875,140,140,280,1.0,106,60
930,260,670,280,540,820,1.9286,260,430,690,1.6538,240,370,610,1.5417,200,280,480,1.4,160,190,350,1.1875,140,160,300,1.1429,107,61
940,300,640,270,600,870,2.2222,220,440,660,2.0,220,390,610,1.7727,190,270,460,1.4211,150,200,350,1.3333,130,150,280,1.1538,108,61
940,260,610,240,520,760,2.1667,210,410,620,1.9524,200,350,550,1.75,170,270,440,1.5882,140,190,330,1.3571,110,140,250,1.2727,108,61
950,280,640,250,570,820,2.28,220,440,660,2.0,200,390,590,1.95,180,280,460,1.5556,140,200,340,1.4286,120,160,280,1.3333,108,61
920,310,630,260,590,850,2.2692,240,440,680,1.8333,210,390,600,1.8571,180,270,450,1.5,150,180,330,1.2,130,150,280,1.1538,108,61
960,290,660,260,580,840,2.2308,230,450,680,1.9565,210,380,590,1.8095,170,290,460,1.7059,150,200,350,1.3333,110,160,270,1.4545,108,62
940,290,650,260,570,830,2.1923,210,440,650,2.0952,210,380,590,1.8095,180,270,450,1.5,140,190,330,1.3571,120,150,270,1.25,108,61
920,290,630,270,510,780,1.8889,240,410,650,1.7083,230,360,590,1.5652,190,270,460,1.4211,160,190,350,1.1875,130,150,280,1.1538,108,61
950,290,630,250,590,840,2.36,220,430,650,1.9545,220,370,590,1.6818,170,260,430,1.5294,150,180,330,1.2,110,150,260,1.3636,108,62
920,320,630,270,520,790,1.9259,240,400,640,1.6667,230,340,570,1.4783,190,240,430,1.2632,160,160,320,1.0,140,130,270,0.92857,108,62
930,300,640,260,550,810,2.1154,240,420,660,1.75,220,360,580,1.6364,180,260,440,1.4444,150,170,320,1.1333,120,140,260,1.1667,107,61
950,310,640,260,510,770,1.9615,220,400,620,1.8182,220,340,560,1.5455,190,250,440,1.3158,160,170,330,1.0625,140,140,280,1.0,107,61
920,310,610,280,480,760,1.7143,250,360,610,1.44,250,330,580,1.32,210,230,440,1.0952,170,160,330,0.94118,150,130,280,0.86667,107,61
930,310,630,270,550,820,2.037,240,410,650,1.7083,230,350,580,1.5217,190,240,430,1.2632,160,170,330,1.0625,130,130,260,1.0,107,61
920,280,630,270,510,780,1.8889,240,390,630,1.625,210,330,540,1.5714,190,240,430,1.2632,160,160,320,1.0,130,130,260,1.0,106,61
930,290,650,250,540,790,2.16,220,400,620,1.8182,220,370,590,1.6818,180,270,450,1.5,130,190,320,1.4615,120,150,270,1.25,106,61
950,280,640,260,560,820,2.1538,230,420,650,1.8261,210,370,580,1.7619,180,270,450,1.5,140,190,330,1.3571,120,160,280,1.3333,106,61
940,310,640,250,590,840,2.36,230,410,640,1.7826,220,360,580,1.6364,180,260,440,1.4444,150,180,330,1.2,130,140,270,1.0769,107,61
940,300,640,270,520,790,1.9259,240,380,620,1.5833,220,340,560,1.5455,190,250,440,1.3158,150,160,310,1.0667,140,130,270,0.92857,107,61
940,280,620,260,590,850,2.2692,230,420,650,1.8261,210,370,580,1.7619,180,270,450,1.5,160,180,340,1.125,120,130,250,1.0833,106,61
930,300,640,270,510,780,1.8889,230,400,630,1.7391,220,340,560,1.5455,180,250,430,1.3889,160,160,320,1.0,130,130,260,1.0,106,60
920,290,620,270,490,760,1.8148,230,380,610,1.6522,220,320,540,1.4545,180,240,420,1.3333,160,170,330,1.0625,130,140,270,1.0769,106,61
940,300,640,260,550,810,2.1154,230,410,640,1.7826,210,360,570,1.7143,180,260,440,1.4444,150,190,340,1.2667,120,140,260,1.1667,105,60
930,300,640,250,500,750,2.0,230,380,610,1.6522,210,350,560,1.6667,180,250,430,1.3889,150,180,330,1.2,120,130,250,1.0833,105,60
930,290,510,250,520,770,2.08,240,410,650,1.7083,210,350,560,1.6667,190,250,440,1.3158,160,180,340,1.125,130,130,260,1.0,104,60
930,300,640,250,500,750,2.0,220,390,610,1.7727,210,340,550,1.619,190,260,450,1.3684,140,190,330,1.3571,120,140,260,1.1667,104,60
950,290,640,270,500,770,1.8519,240,390,630,1.625,210,340,550,1.619,180,230,410,1.2778,160,170,330,1.0625,130,140,270,1.0769,104,60
870,310,640,280,520,800,1.8571,250,380,630,1.52,230,320,550,1.3913,210,230,440,1.0952,160,150,310,0.9375,150,120,270,0.8,105,60
920,270,630,240,620,860,2.5833,230,430,660,1.8696,210,380,590,1.8095,180,270,450,1.5,150,170,320,1.1333,120,140,260,1.1667,104,60
930,300,630,270,510,780,1.8889,230,390,620,1.6957,220,340,560,1.5455,180,250,430,1.3889,160,170,330,1.0625,130,140,270,1.0769,104,59
930,300,630,260,500,760,1.9231,230,370,600,1.6087,230,340,570,1.4783,190,260,450,1.3684,160,180,340,1.125,140,150,290,1.0714,104,60
940,300,630,270,510,780,1.8889,240,390,630,1.625,220,330,550,1.5,190,240,430,1.2632,150,180,330,1.2,130,130,260,1.0,104,60
920,280,640,240,550,790,2.2917,220,410,630,1.8636,200,350,550,1.75,170,250,420,1.4706,150,180,330,1.2,130,130,260,1.0,103,59
940,280,640,250,560,810,2.24,220,410,630,1.8636,210,360,570,1.7143,170,270,440,1.5882,150,190,340,1.2667,120,140,260,1.1667,103,59
920,320,640,270,510,780,1.8889,240,390,630,1.625,240,330,570,1.375,210,230,440,1.0952,170,160,330,0.94118,140,140,280,1.0,103,59
930,280,640,300,490,790,1.6333,260,360,620,1.3846,240,320,560,1.3333,210,210,420,1.0,160,160,320,1.0,130,140,270,1.0769,103,59
930,290,630,250,560,810,2.24,230,410,640,1.7826,220,360,580,1.6364,170,240,410,1.4118,150,170,320,1.1333,140,140,280,1.0,103,59
930,290,640,260,490,750,1.8846,230,390,620,1.6957,230,330,560,1.4348,190,240,430,1.2632,160,170,330,1.0625,130,130,260,1.0,104,59
910,290,620,280,550,830,1.9643,250,420,670,1.68,240,340,580,1.4167,190,250,440,1.3158,160,170,330,1.0625,140,140,280,1.0,104,60
920,290,620,250,520,770,2.08,220,380,600,1.7273,220,330,550,1.5,190,240,430,1.2632,140,170,310,1.2143,120,140,260,1.1667,105,60
950,280,630,250,560,810,2.24,220,410,630,1.8636,220,360,580,1.6364,190,260,450,1.3684,160,180,340,1.125,120,130,250,1.0833,104,60
890,320,590,290,460,750,1.5862,260,350,610,1.3462,250,310,560,1.24,210,210,420,1.0,180,150,330,0.8333299999999999,150,110,260,0.73333,104,60
900,300,620,250,500,750,2.0,220,390,610,1.7727,220,340,560,1.5455,180,260,440,1.4444,150,170,320,1.1333,120,140,260,1.1667,105,60
920,280,620,250,460,710,1.84,210,350,560,1.6667,200,300,500,1.5,160,220,380,1.375,130,170,300,1.3077,110,140,250,1.2727,106,61
930,300,630,270,520,790,1.9259,240,390,630,1.625,230,340,570,1.4783,190,240,430,1.2632,150,170,320,1.1333,140,140,280,1.0,105,61
920,280,640,230,600,830,2.6087,210,420,630,2.0,190,380,570,2.0,160,280,440,1.75,130,190,320,1.4615,110,150,260,1.3636,105,60
940,280,630,230,570,800,2.4783,210,430,640,2.0476,200,380,580,1.9,160,270,430,1.6875,130,200,330,1.5385,110,150,260,1.3636,105,60
910,310,630,300,640,940,2.1333,250,450,700,1.8,240,390,630,1.625,200,280,480,1.4,160,190,350,1.1875,140,140,280,1.0,105,60
930,280,630,260,550,810,2.1154,230,400,630,1.7391,210,340,550,1.619,180,240,420,1.3333,150,180,330,1.2,120,150,270,1.25,105,60
920,300,630,280,470,750,1.6786,250,360,610,1.44,230,320,550,1.3913,200,230,430,1.15,160,160,320,1.0,140,130,270,0.92857,106,61
910,290,620,260,630,890,2.4231,230,430,660,1.8696,230,350,580,1.5217,180,250,430,1.3889,150,160,310,1.0667,130,120,250,0.92308,104,60
920,290,620,260,530,790,2.0385,230,400,630,1.7391,220,340,560,1.5455,190,240,430,1.2632,140,180,320,1.2857,140,130,270,0.92857,104,60
910,300,630,260,510,770,1.9615,230,400,630,1.7391,220,350,570,1.5909,180,240,420,1.3333,160,160,320,1.0,130,130,260,1.0,104,60
920,280,620,240,510,750,2.125,230,380,610,1.6522,210,330,540,1.5714,170,260,430,1.5294,140,170,310,1.2143,130,140,270,1.0769,105,60
930,300,630,250,540,790,2.16,220,420,640,1.9091,200,360,560,1.8,180,260,440,1.4444,140,180,320,1.2857,130,150,280,1.1538,105,60
930,300,630,260,520,780,2.0,240,390,630,1.625,210,320,530,1.5238,180,250,430,1.3889,150,170,320,1.1333,140,130,270,0.92857,105,60
930,300,640,250,540,790,2.16,230,400,630,1.7391,210,350,560,1.6667,190,260,450,1.3684,140,170,310,1.2143,120,140,260,1.1667,104,60
910,290,610,270,490,760,1.8148,250,380,630,1.52,220,320,540,1.4545,200,240,440,1.2,160,170,330,1.0625,140,130,270,0.92857,104,60
910,300,610,270,520,790,1.9259,240,390,630,1.625,210,330,540,1.5714,190,240,430,1.2632,170,170,340,1.0,130,140,270,1.0769,105,60
940,300,630,270,480,750,1.7778,230,350,580,1.5217,230,300,530,1.3043,200,240,440,1.2,150,170,320,1.1333,130,140,270,1.0769,105,60
890,310,610,260,620,880,2.3846,230,370,600,1.6087,220,320,540,1.4545,190,230,420,1.2105,160,170,330,1.0625,130,120,250,0.92308,104,60
930,280,640,250,560,810,2.24,220,410,630,1.8636,200,360,560,1.8,180,260,440,1.4444,140,190,330,1.3571,120,140,260,1.1667,104,60
910,290,620,270,510,780,1.8889,240,400,640,1.6667,220,350,570,1.5909,190,250,440,1.3158,160,160,320,1.0,140,130,270,0.92857,104,60
910,290,630,260,480,740,1.8462,230,360,590,1.5652,210,310,520,1.4762,180,240,420,1.3333,150,170,320,1.1333,120,130,250,1.0833,104,60
890,280,620,250,540,790,2.16,220,410,630,1.8636,210,350,560,1.6667,170,250,420,1.4706,140,170,310,1.2143,120,130,250,1.0833,104,60
950,270,660,240,510,750,2.125,210,380,590,1.8095,190,340,530,1.7895,160,250,410,1.5625,130,180,310,1.3846,110,150,260,1.3636,105,60
710,280,630,250,520,770,2.08,220,400,620,1.8182,200,350,550,1.75,180,240,420,1.3333,150,180,330,1.2,120,140,260,1.1667,104,60
910,290,600,260,520,780,2.0,230,390,620,1.6957,220,330,550,1.5,180,230,410,1.2778,160,160,320,1.0,130,120,250,0.92308,104,60
910,310,600,270,530,800,1.963,240,390,630,1.625,220,330,550,1.5,200,220,420,1.1,160,170,330,1.0625,140,120,260,0.85714,105,60
910,290,620,250,490,740,1.96,230,380,610,1.6522,210,310,520,1.4762,170,240,410,1.4118,150,170,320,1.1333,120,140,260,1.1667,104,60
900,290,620,260,590,850,2.2692,210,420,630,2.0,210,370,580,1.7619,180,260,440,1.4444,140,180,320,1.2857,130,140,270,1.0769,104,60
900,280,610,240,540,780,2.25,220,400,620,1.8182,210,340,550,1.619,180,250,430,1.3889,150,180,330,1.2,120,140,260,1.1667,104,60
910,290,620,250,490,740,1.96,220,380,600,1.7273,220,340,560,1.5455,180,240,420,1.3333,140,170,310,1.2143,140,120,260,0.85714,104,60
910,290,610,260,550,810,2.1154,230,400,630,1.7391,200,340,540,1.7,180,250,430,1.3889,150,170,320,1.1333,120,130,250,1.0833,105,60
910,300,600,270,470,740,1.7407,230,390,620,1.6957,230,330,560,1.4348,200,220,420,1.1,150,150,300,1.0,140,120,260,0.85714,105,61
890,290,620,250,520,770,2.08,230,380,610,1.6522,200,330,530,1.65,170,240,410,1.4118,140,160,300,1.1429,130,130,260,1.0,104,60
910,270,600,250,610,860,2.44,220,420,640,1.9091,220,350,570,1.5909,180,240,420,1.3333,160,170,330,1.0625,130,120,250,0.92308,104,60
890,310,600,260,490,750,1.8846,230,370,600,1.6087,220,320,540,1.4545,190,210,400,1.1053,160,160,320,1.0,130,110,240,0.84615,104,60
900,290,620,270,490,760,1.8148,230,370,600,1.6087,210,330,540,1.5714,180,240,420,1.3333,150,180,330,1.2,130,150,280,1.1538,104,60
910,280,600,260,520,780,2.0,220,380,600,1.7273,210,340,550,1.619,180,240,420,1.3333,150,170,320,1.1333,120,140,260,1.1667,105,60
900,310,620,260,510,770,1.9615,220,390,610,1.7727,220,330,550,1.5,180,240,420,1.3333,150,160,310,1.0667,130,120,250,0.92308,105,61
920,280,630,300,490,790,1.6333,250,370,620,1.48,240,330,570,1.375,210,250,460,1.1905,170,170,340,1.0,140,140,280,1.0,105,61
890,290,490,260,500,760,1.9231,230,440,670,1.913,220,380,600,1.7273,200,270,470,1.35,160,180,340,1.125,130,140,270,1.0769,104,61
900,400,610,260,620,880,2.3846,230,450,680,1.9565,210,400,610,1.9048,180,280,460,1.5556,160,180,340,1.125,130,150,280,1.1538,104,61
910,290,610,250,540,790,2.16,230,410,640,1.7826,220,360,580,1.6364,200,260,460,1.3,160,190,350,1.1875,120,150,270,1.25,105,61
900,300,600,270,480,750,1.7778,250,360,610,1.44,220,320,540,1.4545,200,230,430,1.15,170,160,330,0.94118,140,110,250,0.78571,105,61
900,300,600,260,550,810,2.1154,240,420,660,1.75,220,370,590,1.6818,200,250,450,1.25,160,180,340,1.125,140,130,270,0.92857,106,61
900,280,610,250,480,730,1.92,230,370,600,1.6087,210,320,530,1.5238,180,230,410,1.2778,150,160,310,1.0667,120,140,260,1.1667,105,61
890,300,610,250,540,790,2.16,240,400,640,1.6667,220,350,570,1.5909,180,250,430,1.3889,150,160,310,1.0667,120,130,250,1.0833,106,61
890,280,600,260,500,760,1.9231,230,390,620,1.6957,210,340,550,1.619,180,250,430,1.3889,140,170,310,1.2143,130,130,260,1.0,106,61
910,290,600,250,480,730,1.92,230,360,590,1.5652,210,320,530,1.5238,170,240,410,1.4118,140,170,310,1.2143,120,120,240,1.0,107,62
850,310,610,260,530,790,2.0385,230,390,620,1.6957,220,330,550,1.5,190,240,430,1.2632,150,160,310,1.0667,140,130,270,0.92857,108,62
900,290,620,250,510,760,2.04,210,380,590,1.8095,210,340,550,1.619,180,240,420,1.3333,130,170,300,1.3077,110,120,230,1.0909,107,62
890,300,610,250,570,820,2.28,220,400,620,1.8182,210,350,560,1.6667,180,240,420,1.3333,150,160,310,1.0667,140,130,270,0.92857,107,62
900,280,610,300,480,780,1.6,250,380,630,1.52,220,320,540,1.4545,190,240,430,1.2632,160,160,320,1.0,140,110,250,0.78571,107,62
890,290,600,250,610,860,2.44,240,440,680,1.8333,220,360,580,1.6364,190,260,450,1.3684,160,180,340,1.125,130,130,260,1.0,108,63
890,290,620,260,490,750,1.8846,220,370,590,1.6818,210,320,530,1.5238,170,220,390,1.2941,140,160,300,1.1429,130,130,260,1.0,108,63
910,270,620,290,480,770,1.6552,270,360,630,1.3333,240,300,540,1.25,210,230,440,1.0952,160,160,320,1.0,140,130,270,0.92857,108,63
890,290,620,250,570,820,2.28,220,410,630,1.8636,200,350,550,1.75,170,250,420,1.4706,130,170,300,1.3077,120,130,250,1.0833,107,62
900,280,610,260,490,750,1.8846,220,370,590,1.6818,210,330,540,1.5714,190,220,410,1.1579,150,160,310,1.0667,130,120,250,0.92308,107,62
890,300,600,260,610,870,2.3462,240,420,660,1.75,220,350,570,1.5909,190,240,430,1.2632,170,160,330,0.94118,140,130,270,0.92857,108,63
600,270,580,290,460,750,1.5862,240,360,600,1.5,220,310,530,1.4091,190,230,420,1.2105,150,170,320,1.1333,130,130,260,1.0,107,63
900,290,610,250,590,840,2.36,220,420,640,1.9091,200,360,560,1.8,170,260,430,1.5294,110,160,270,1.4545,90,120,210,1.3333,107,63
890,290,600,250,460,710,1.84,230,360,590,1.5652,210,310,520,1.4762,180,220,400,1.2222,150,160,310,1.0667,130,120,250,0.92308,107,62
900,290,600,260,480,740,1.8462,230,350,580,1.5217,210,290,500,1.381,180,210,390,1.1667,140,170,310,1.2143,130,120,250,0.92308,107,62
890,300,600,260,480,740,1.8462,230,350,580,1.5217,220,290,510,1.3182,190,220,410,1.1579,160,150,310,0.9375,140,110,250,0.78571,108,63
870,290,610,270,480,750,1.7778,240,370,610,1.5417,210,310,520,1.4762,200,220,420,1.1,160,160,320,1.0,130,110,240,0.84615,107,63
910,260,620,240,530,770,2.2083,200,390,590,1.95,200,340,540,1.7,170,250,420,1.4706,130,170,300,1.3077,110,140,250,1.2727,106,62
890,290,600,260,470,730,1.8077,230,350,580,1.5217,210,310,520,1.4762,190,220,410,1.1579,150,150,300,1.0,130,130,260,1.0,106,62
890,290,600,260,550,810,2.1154,220,350,570,1.5909,210,280,490,1.3333,180,200,380,1.1111,150,120,270,0.8,140,90,230,0.64286,107,62
880,290,610,280,470,750,1.6786,230,390,620,1.6957,230,330,560,1.4348,180,240,420,1.3333,150,170,320,1.1333,140,120,260,0.85714,107,63
880,270,600,250,610,860,2.44,220,410,630,1.8636,200,360,560,1.8,190,240,430,1.2632,140,170,310,1.2143,130,120,250,0.92308,106,62
900,280,580,240,500,740,2.0833,210,370,580,1.7619,210,320,530,1.5238,180,240,420,1.3333,150,160,310,1.0667,120,130,250,1.0833,106,62
860,290,590,250,480,730,1.92,210,370,580,1.7619,200,320,520,1.6,170,230,400,1.3529,140,160,300,1.1429,120,130,250,1.0833,107,62
930,270,630,240,470,710,1.9583,210,370,580,1.7619,190,320,510,1.6842,150,230,380,1.5333,120,160,280,1.3333,100,130,230,1.3,107,63
900,300,610,250,480,730,1.92,230,350,580,1.5217,210,290,500,1.381,180,210,390,1.1667,150,140,290,0.93333,130,120,250,0.92308,107,63
900,270,610,230,510,740,2.2174,220,380,600,1.7273,200,340,540,1.7,180,240,420,1.3333,140,150,290,1.0714,120,130,250,1.0833,106,62
890,290,470,250,480,730,1.92,220,410,630,1.8636,210,360,570,1.7143,190,240,430,1.2632,150,160,310,1.0667,130,140,270,1.0769,106,62
870,280,570,260,560,820,2.1538,210,370,580,1.7619,210,310,520,1.4762,180,220,400,1.2222,150,140,290,0.93333,120,120,240,1.0,106,62
900,300,610,270,470,740,1.7407,240,360,600,1.5,230,310,540,1.3478,190,220,410,1.1579,160,160,320,1.0,130,110,240,0.84615,107,62
890,290,610,250,460,710,1.84,220,350,570,1.5909,210,290,500,1.381,180,210,390,1.1667,150,140,290,0.93333,130,110,240,0.84615,105,61
900,280,620,240,530,770,2.2083,230,390,620,1.6957,200,330,530,1.65,180,240,420,1.3333,140,160,300,1.1429,120,120,240,1.0,105,61
900,280,600,260,590,850,2.2692,220,420,640,1.9091,210,330,540,1.5714,180,240,420,1.3333,160,160,320,1.0,130,130,260,1.0,105,61
890,300,600,260,480,740,1.8462,230,360,590,1.5652,230,310,540,1.3478,190,220,410,1.1579,160,160,320,1.0,130,120,250,0.92308,105,61
890,290,630,250,610,860,2.44,220,380,600,1.7273,220,330,550,1.5,180,230,410,1.2778,160,150,310,0.9375,130,120,250,0.92308,106,62
890,260,610,250,450,700,1.8,220,340,560,1.5455,200,300,500,1.5,170,200,370,1.1765,140,150,290,1.0714,120,110,230,0.91667,106,62
930,280,630,300,500,800,1.6667,270,390,660,1.4444,240,340,580,1.4167,210,240,450,1.1429,160,180,340,1.125,130,130,260,1.0,105,61
870,300,600,260,610,870,2.3462,230,440,670,1.913,230,370,600,1.6087,180,250,430,1.3889,150,170,320,1.1333,150,130,280,0.86667,105,61
910,270,610,230,530,760,2.3043,210,400,610,1.9048,200,340,540,1.7,170,240,410,1.4118,140,170,310,1.2143,110,140,250,1.2727,104,61
880,300,610,260,500,760,1.9231,240,370,610,1.5417,210,330,540,1.5714,180,230,410,1.2778,160,150,310,0.9375,130,120,250,0.92308,105,61
900,270,610,250,480,730,1.92,220,370,590,1.6818,210,310,520,1.4762,180,220,400,1.2222,140,160,300,1.1429,130,140,270,1.0769,106,62
900,290,600,260,500,760,1.9231,230,390,620,1.6957,220,320,540,1.4545,190,230,420,1.2105,140,160,300,1.1429,120,130,250,1.0833,106,62
880,300,590,250,480,730,1.92,230,350,580,1.5217,220,300,520,1.3636,190,220,410,1.1579,160,150,310,0.9375,130,120,250,0.92308,106,62
900,280,620,240,520,760,2.1667,210,370,580,1.7619,200,330,530,1.65,160,240,400,1.5,130,160,290,1.2308,120,130,250,1.0833,105,61
900,280,620,250,490,740,1.96,220,390,610,1.7727,210,340,550,1.619,180,250,430,1.3889,140,170,310,1.2143,120,150,270,1.25,105,61
920,280,620,240,470,710,1.9583,210,360,570,1.7143,200,310,510,1.55,170,220,390,1.2941,150,150,300,1.0,120,120,240,1.0,106,61
740,300,600,280,450,730,1.6071,250,350,600,1.4,240,310,550,1.2917,200,220,420,1.1,160,140,300,0.875,150,110,260,0.73333,106,62
890,280,600,300,460,760,1.5333,230,340,570,1.4783,230,300,530,1.3043,200,220,420,1.1,150,150,300,1.0,130,120,250,0.92308,106,62
900,290,620,240,560,800,2.3333,230,400,630,1.7391,200,350,550,1.75,180,250,430,1.3889,150,170,320,1.1333,130,130,260,1.0,105,61
900,280,610,250,480,730,1.92,230,370,600,1.6087,210,310,520,1.4762,170,220,390,1.2941,130,150,280,1.1538,110,120,230,1.0909,105,61
890,290,600,260,560,820,2.1538,220,390,610,1.7727,210,320,530,1.5238,180,230,410,1.2778,140,160,300,1.1429,120,120,240,1.0,106,61
910,290,620,240,440,680,1.8333,230,320,550,1.3913,200,270,470,1.35,180,230,410,1.2778,140,160,300,1.1429,120,120,240,1.0,106,62
880,280,620,250,630,880,2.52,220,380,600,1.7273,200,310,510,1.55,170,220,390,1.2941,140,170,310,1.2143,120,120,240,1.0,105,61
930,260,640,230,510,740,2.2174,200,390,590,1.95,200,340,540,1.7,170,240,410,1.4118,120,180,300,1.5,120,130,250,1.0833,105,61
890,290,600,260,490,750,1.8846,230,360,590,1.5652,230,320,550,1.3913,190,220,410,1.1579,170,160,330,0.94118,140,110,250,0.78571,105,61
900,290,620,260,470,730,1.8077,220,360,580,1.6364,220,320,540,1.4545,180,220,400,1.2222,140,160,300,1.1429,140,120,260,0.85714,105,61
900,280,610,260,620,880,2.3846,230,390,620,1.6957,210,330,540,1.5714,180,240,420,1.3333,150,170,320,1.1333,120,140,260,1.1667,105,61
880,290,590,270,440,710,1.6296,230,320,550,1.3913,230,280,510,1.2174,180,180,360,1.0,150,120,270,0.8,130,90,220,0.69231,106,61
890,280,600,250,530,780,2.12,220,370,590,1.6818,200,340,540,1.7,190,230,420,1.2105,160,150,310,0.9375,130,120,250,0.92308,105,61
900,290,610,270,560,830,2.0741,240,410,650,1.7083,210,350,560,1.6667,180,250,430,1.3889,150,160,310,1.0667,140,120,260,0.85714,105,61
910,290,610,240,480,720,2.0,230,360,590,1.5652,200,310,510,1.55,170,230,400,1.3529,140,150,290,1.0714,120,120,240,1.0,106,61
910,300,600,260,590,850,2.2692,240,390,630,1.625,220,340,560,1.5455,180,240,420,1.3333,160,160,320,1.0,130,130,260,1.0,106,61
900,300,620,260,560,820,2.1538,230,410,640,1.7826,220,350,570,1.5909,190,240,430,1.2632,160,170,330,1.0625,130,120,250,0.92308,105,61
890,280,630,250,480,730,1.92,220,380,600,1.7273,210,340,550,1.619,180,240,420,1.3333,150,160,310,1.0667,130,130,260,1.0,105,61
910,260,630,230,500,730,2.1739,200,370,570,1.85,190,320,510,1.6842,160,240,400,1.5,130,170,300,1.3077,120,140,260,1.1667,106,61
910,280,650,250,540,790,2.16,220,380,600,1.7273,200,330,530,1.65,180,240,420,1.3333,140,170,310,1.2143,130,130,260,1.0,106,61
930,260,630,280,510,790,1.8214,250,410,660,1.64,230,360,590,1.5652,200,260,460,1.3,160,180,340,1.125,140,130,270,0.92857,106,61
890,300,600,250,460,710,1.84,230,350,580,1.5217,210,300,510,1.4286,180,200,380,1.1111,150,140,290,0.93333,130,120,250,0.92308,105,61
890,290,610,240,620,860,2.5833,220,430,650,1.9545,210,360,570,1.7143,180,240,420,1.3333,150,160,310,1.0667,120,120,240,1.0,105,61
910,280,630,230,500,730,2.1739,210,390,600,1.8571,190,330,520,1.7368,160,230,390,1.4375,130,170,300,1.3077,110,140,250,1.2727,105,61
920,280,630,260,490,750,1.8846,220,380,600,1.7273,210,330,540,1.5714,180,230,410,1.2778,140,160,300,1.1429,120,140,260,1.1667,105,61
890,290,610,270,620,890,2.2963,220,390,610,1.7727,220,330,550,1.5,190,240,430,1.2632,160,150,310,0.9375,130,130,260,1.0,106,61
920,280,630,250,470,720,1.88,220,360,580,1.6364,200,310,510,1.55,170,220,390,1.2941,150,160,310,1.0667,120,130,250,1.0833,106,61
890,300,610,260,580,840,2.2308,230,410,640,1.7826,200,350,550,1.75,180,230,410,1.2778,150,170,320,1.1333,120,120,240,1.0,106,61
920,280,620,260,490,750,1.8846,220,360,580,1.6364,220,320,540,1.4545,170,240,410,1.4118,140,160,300,1.1429,120,130,250,1.0833,106,61
910,300,620,280,460,740,1.6429,250,340,590,1.36,220,290,510,1.3182,200,210,410,1.05,180,150,330,0.8333299999999999,140,120,260,0.85714,107,61
910,290,610,250,590,840,2.36,240,370,610,1.5417,210,320,530,1.5238,190,230,420,1.2105,160,150,310,0.9375,140,130,270,0.92857,107,62
910,280,630,300,470,770,1.5667,230,360,590,1.5652,220,310,530,1.4091,180,220,400,1.2222,140,160,300,1.1429,140,130,270,0.92857,106,61
890,290,630,240,550,790,2.2917,220,390,610,1.7727,200,350,550,1.75,170,250,420,1.4706,150,170,320,1.1333,120,140,260,1.1667,106,61
630,260,530,240,480,720,2.0,210,360,570,1.7143,190,320,510,1.6842,170,240,410,1.4118,140,170,310,1.2143,120,130,250,1.0833,106,61
870,300,600,270,520,790,1.9259,250,370,620,1.48,230,320,550,1.3913,200,220,420,1.1,170,140,310,0.8235299999999999,140,110,250,0.78571,106,61
890,300,600,260,520,780,2.0,230,370,600,1.6087,220,310,530,1.4091,190,220,410,1.1579,160,140,300,0.875,130,100,230,0.76923,106,61
910,290,620,240,510,750,2.125,230,390,620,1.6957,200,340,540,1.7,170,240,410,1.4118,140,170,310,1.2143,120,140,260,1.1667,105,61
900,290,610,280,480,760,1.7143,240,390,630,1.625,230,350,580,1.5217,200,240,440,1.2,150,170,320,1.1333,130,130,260,1.0,105,61
910,290,610,250,610,860,2.44,210,410,620,1.9524,200,340,540,1.7,170,240,410,1.4118,130,170,300,1.3077,120,130,250,1.0833,106,61
910,300,630,250,490,740,1.96,220,370,590,1.6818,200,320,520,1.6,170,230,400,1.3529,150,170,320,1.1333,120,140,260,1.1667,106,61
920,270,630,230,560,790,2.4348,210,400,610,1.9048,190,340,530,1.7895,170,240,410,1.4118,150,170,320,1.1333,120,130,250,1.0833,106,61
900,290,620,270,480,750,1.7778,230,350,580,1.5217,220,300,520,1.3636,190,210,400,1.1053,160,160,320,1.0,140,120,260,0.85714,106,61
930,280,610,280,450,730,1.6071,250,330,580,1.32,220,300,520,1.3636,200,220,420,1.1,150,170,320,1.1333,140,140,280,1.0,106,61
900,320,610,260,530,790,2.0385,240,360,600,1.5,230,300,530,1.3043,190,210,400,1.1053,160,150,310,0.9375,140,120,260,0.85714,107,61
900,290,630,260,470,730,1.8077,230,350,580,1.5217,220,310,530,1.4091,180,220,400,1.2222,170,140,310,0.8235299999999999,140,120,260,0.85714,106,61
910,270,630,240,540,780,2.25,220,380,600,1.7273,200,330,530,1.65,180,240,420,1.3333,140,160,300,1.1429,120,110,230,0.91667,106,61
900,280,610,260,620,880,2.3846,230,440,670,1.913,220,370,590,1.6818,190,250,440,1.3158,160,170,330,1.0625,140,130,270,0.92857,106,61
870,290,620,250,480,730,1.92,230,370,600,1.6087,220,320,540,1.4545,200,230,430,1.15,150,150,300,1.0,140,110,250,0.78571,106,61
950,250,660,220,510,730,2.3182,190,380,570,2.0,170,330,500,1.9412,140,240,380,1.7143,110,170,280,1.5455,100,140,240,1.4,106,61
900,290,620,250,480,730,1.92,230,370,600,1.6087,220,300,520,1.3636,180,210,390,1.1667,160,160,320,1.0,130,130,260,1.0,107,61
900,280,620,250,540,790,2.16,230,380,610,1.6522,200,340,540,1.7,170,240,410,1.4118,140,170,310,1.2143,120,120,240,1.0,105,61
920,280,420,240,430,670,1.7917,210,400,610,1.9048,210,350,560,1.6667,180,230,410,1.2778,150,170,320,1.1333,110,140,250,1.2727,105,61
920,290,660,250,500,750,2.0,220,380,600,1.7273,200,320,520,1.6,190,230,420,1.2105,160,150,310,0.9375,130,130,260,1.0,106,61
910,260,620,250,470,720,1.88,230,350,580,1.5217,200,300,500,1.5,180,200,380,1.1111,150,140,290,0.93333,130,110,240,0.84615,107,61
930,290,640,280,500,780,1.7857,230,390,620,1.6957,230,330,560,1.4348,200,230,430,1.15,150,150,300,1.0,130,120,250,0.92308,106,61
910,270,630,240,550,790,2.2917,220,390,610,1.7727,190,350,540,1.8421,160,240,400,1.5,140,170,310,1.2143,120,120,240,1.0,106,61
900,290,620,250,500,750,2.0,230,380,610,1.6522,210,330,540,1.5714,180,230,410,1.2778,150,170,320,1.1333,120,120,240,1.0,106,61
900,280,610,270,440,710,1.6296,230,390,620,1.6957,220,330,550,1.5,190,220,410,1.1579,170,160,330,0.94118,130,120,250,0.92308,107,61
910,290,630,260,510,770,1.9615,220,380,600,1.7273,210,320,530,1.5238,180,220,400,1.2222,150,160,310,1.0667,120,130,250,1.0833,107,61
930,280,620,300,500,800,1.6667,250,380,630,1.52,220,330,550,1.5,190,240,430,1.2632,160,170,330,1.0625,130,140,270,1.0769,107,61
900,310,610,270,620,890,2.2963,230,440,670,1.913,220,370,590,1.6818,190,250,440,1.3158,160,180,340,1.125,130,130,260,1.0,106,61
900,290,620,250,530,780,2.12,220,390,610,1.7727,210,320,530,1.5238,180,230,410,1.2778,140,150,290,1.0714,120,130,250,1.0833,106,61
910,280,640,240,510,750,2.125,210,380,590,1.8095,190,340,530,1.7895,160,230,390,1.4375,130,170,300,1.3077,100,140,240,1.4,106,61
930,270,640,240,480,720,2.0,210,380,590,1.8095,200,330,530,1.65,170,230,400,1.3529,140,170,310,1.2143,110,140,250,1.2727,107,61
910,290,630,250,530,780,2.12,240,380,620,1.5833,210,320,530,1.5238,190,220,410,1.1579,160,170,330,1.0625,130,140,270,1.0769,107,61
920,280,640,250,480,730,1.92,220,350,570,1.5909,210,300,510,1.4286,180,220,400,1.2222,140,160,300,1.1429,130,130,260,1.0,106,61
900,270,640,220,570,790,2.5909,210,400,610,1.9048,190,360,550,1.8947,160,260,420,1.625,130,170,300,1.3077,100,150,250,1.5,106,61
920,280,620,250,470,720,1.88,230,360,590,1.5652,200,300,500,1.5,190,210,400,1.1053,160,150,310,0.9375,120,120,240,1.0,106,61
920,300,610,270,450,720,1.6667,250,340,590,1.36,230,290,520,1.2609,200,200,400,1.0,170,140,310,0.8235299999999999,140,100,240,0.71429,106,61
890,280,620,240,550,790,2.2917,230,380,610,1.6522,210,340,550,1.619,170,230,400,1.3529,160,150,310,0.9375,120,110,230,0.91667,106,61
920,270,640,240,520,760,2.1667,200,400,600,2.0,180,340,520,1.8889,170,250,420,1.4706,130,180,310,1.3846,110,140,250,1.2727,105,60
920,280,640,240,560,800,2.3333,220,420,640,1.9091,200,370,570,1.85,170,250,420,1.4706,140,160,300,1.1429,130,140,270,1.0769,105,60
920,280,630,260,490,750,1.8846,220,370,590,1.6818,210,320,530,1.5238,180,240,420,1.3333,150,170,320,1.1333,130,120,250,0.92308,106,60
930,290,620,250,520,770,2.08,220,380,600,1.7273,210,330,540,1.5714,180,220,400,1.2222,150,160,310,1.0667,130,120,250,0.92308,107,61
900,310,610,260,510,770,1.9615,230,370,600,1.6087,220,310,530,1.4091,200,210,410,1.05,150,160,310,1.0667,150,120,270,0.8,107,61
920,280,620,250,630,880,2.52,230,450,680,1.9565,210,370,580,1.7619,180,260,440,1.4444,150,170,320,1.1333,130,120,250,0.92308,106,61
910,300,610,260,520,780,2.0,230,380,610,1.6522,210,330,540,1.5714,190,220,410,1.1579,160,140,300,0.875,130,110,240,0.84615,106,60
910,300,620,270,480,750,1.7778,240,370,610,1.5417,220,330,550,1.5,210,230,440,1.0952,160,180,340,1.125,140,140,280,1.0,106,60
910,290,610,250,500,750,2.0,240,360,600,1.5,210,310,520,1.4762,200,230,430,1.15,150,150,300,1.0,130,120,250,0.92308,107,61
910,300,620,250,510,760,2.04,220,370,590,1.6818,210,320,530,1.5238,180,240,420,1.3333,140,170,310,1.2143,130,130,260,1.0,107,61
910,280,630,270,500,770,1.8519,220,370,590,1.6818,220,320,540,1.4545,190,230,420,1.2105,150,150,300,1.0,130,130,260,1.0,106,61
920,280,620,240,530,770,2.2083,210,390,600,1.8571,200,330,530,1.65,170,230,400,1.3529,140,160,300,1.1429,130,120,250,0.92308,106,61
900,300,620,260,530,790,2.0385,240,380,620,1.5833,210,320,530,1.5238,190,230,420,1.2105,150,150,300,1.0,130,130,260,1.0,106,61
920,280,610,250,540,790,2.16,210,380,590,1.8095,210,330,540,1.5714,180,240,420,1.3333,150,160,310,1.0667,140,130,270,0.92857,107,61
900,310,610,250,530,780,2.12,240,370,610,1.5417,220,310,530,1.4091,190,230,420,1.2105,150,150,300,1.0,130,120,250,0.92308,107,61
920,290,630,250,440,690,1.76,220,340,560,1.5455,220,280,500,1.2727,170,210,380,1.2353,140,140,280,1.0,120,110,230,0.91667,107,61
910,280,620,250,530,780,2.12,220,390,610,1.7727,210,330,540,1.5714,180,220,400,1.2222,140,160,300,1.1429,130,130,260,1.0,107,61
910,290,620,260,480,740,1.8462,230,380,610,1.6522,220,330,550,1.5,200,230,430,1.15,150,150,300,1.0,130,110,240,0.84615,107,61
910,290,620,260,460,720,1.7692,240,350,590,1.4583,210,310,520,1.4762,180,220,400,1.2222,150,150,300,1.0,130,120,250,0.92308,108,61
900,290,620,260,590,850,2.2692,220,390,610,1.7727,210,330,540,1.5714,180,240,420,1.3333,150,170,320,1.1333,130,120,250,0.92308,108,62
930,280,650,240,490,730,2.0417,210,360,570,1.7143,210,300,510,1.4286,170,230,400,1.3529,140,160,300,1.1429,130,140,270,1.0769,108,62
900,280,620,300,460,760,1.5333,250,350,600,1.4,230,290,520,1.2609,210,200,410,0.95238,180,150,330,0.8333299999999999,150,120,270,0.8,108,61
900,280,630,250,640,890,2.56,210,420,630,2.0,190,370,560,1.9474,180,250,430,1.3889,140,170,310,1.2143,110,120,230,1.0909,108,61
910,270,630,250,520,770,2.08,220,390,610,1.7727,200,340,540,1.7,170,250,420,1.4706,140,170,310,1.2143,120,120,240,1.0,108,61
910,280,610,270,490,760,1.8148,230,380,610,1.6522,220,330,550,1.5,200,220,420,1.1,160,160,320,1.0,130,130,260,1.0,108,61
900,300,610,270,570,840,2.1111,230,390,620,1.6957,210,310,520,1.4762,190,230,420,1.2105,150,150,300,1.0,140,120,260,0.85714,109,61
900,290,610,250,490,740,1.96,220,350,570,1.5909,220,300,520,1.3636,190,210,400,1.1053,160,150,310,0.9375,130,130,260,1.0,109,62
890,290,610,240,470,710,1.9583,210,360,570,1.7143,200,300,500,1.5,170,220,390,1.2941,150,160,310,1.0667,110,130,240,1.1818,108,62
910,280,630,230,560,790,2.4348,210,410,620,1.9524,190,340,530,1.7895,160,250,410,1.5625,130,180,310,1.3846,110,140,250,1.2727,108,61
910,280,620,250,550,800,2.2,230,400,630,1.7391,200,340,540,1.7,170,240,410,1.4118,140,160,300,1.1429,120,130,250,1.0833,108,61
910,290,600,260,470,730,1.8077,230,360,590,1.5652,220,320,540,1.4545,190,240,430,1.2632,160,160,320,1.0,140,130,270,0.92857,110,62
890,310,600,250,610,860,2.44,240,400,640,1.6667,210,330,540,1.5714,180,240,420,1.3333,150,160,310,1.0667,130,130,260,1.0,110,62
900,290,590,260,470,730,1.8077,230,340,570,1.4783,210,310,520,1.4762,180,210,390,1.1667,150,150,300,1.0,130,120,250,0.92308,109,62
910,300,620,250,550,800,2.2,230,400,630,1.7391,220,320,540,1.4545,190,240,430,1.2632,140,150,290,1.0714,130,120,250,0.92308,109,62
900,270,620,290,470,760,1.6207,250,360,610,1.44,220,300,520,1.3636,190,220,410,1.1579,150,150,300,1.0,120,130,250,1.0833,110,62
890,280,620,250,560,810,2.24,220,410,630,1.8636,210,350,560,1.6667,170,230,400,1.3529,140,160,300,1.1429,140,130,270,0.92857,109,62
920,270,630,250,520,770,2.08,220,400,620,1.8182,220,340,560,1.5455,190,240,430,1.2632,140,170,310,1.2143,130,130,260,1.0,110,62
900,290,600,260,470,730,1.8077,230,350,580,1.5217,230,290,520,1.2609,190,200,390,1.0526,160,150,310,0.9375,150,110,260,0.73333,110,62
900,300,610,250,510,760,2.04,230,370,600,1.6087,220,300,520,1.3636,190,220,410,1.1579,150,140,290,0.93333,130,110,240,0.84615,110,62
900,270,610,240,480,720,2.0,210,370,580,1.7619,210,320,530,1.5238,170,220,390,1.2941,130,170,300,1.3077,130,120,250,0.92308,110,62
890,290,620,240,630,870,2.625,210,430,640,2.0476,200,340,540,1.7,180,250,430,1.3889,150,150,300,1.0,120,120,240,1.0,109,62
920,270,640,250,530,780,2.12,200,390,590,1.95,200,330,530,1.65,170,230,400,1.3529,140,170,310,1.2143,120,130,250,1.0833,109,62
910,280,620,270,460,730,1.7037,240,370,610,1.5417,210,310,520,1.4762,190,220,410,1.1579,160,160,320,1.0,150,130,280,0.86667,110,62
910,290,600,260,530,790,2.0385,230,360,590,1.5652,210,310,520,1.4762,200,230,430,1.15,150,140,290,0.93333,130,110,240,0.84615,111,63
890,310,610,260,480,740,1.8462,240,350,590,1.4583,230,290,520,1.2609,190,210,400,1.1053,160,150,310,0.9375,150,120,270,0.8,111,63
920,280,640,300,490,790,1.6333,250,360,610,1.44,230,310,540,1.3478,190,230,420,1.2105,150,150,300,1.0,130,130,260,1.0,110,63
920,280,630,240,550,790,2.2917,220,400,620,1.8182,190,340,530,1.7895,160,240,400,1.5,130,160,290,1.2308,110,140,250,1.2727,110,63
890,290,610,260,620,880,2.3846,240,440,680,1.8333,220,380,600,1.7273,180,250,430,1.3889,150,160,310,1.0667,120,120,240,1.0,110,62
930,280,620,250,500,750,2.0,220,380,600,1.7273,210,320,530,1.5238,180,240,420,1.3333,140,160,300,1.1429,130,140,270,1.0769,110,62
890,310,600,290,430,720,1.4828,240,320,560,1.3333,240,280,520,1.1667,190,210,400,1.1053,160,140,300,0.875,140,120,260,0.85714,111,62
900,290,600,260,560,820,2.1538,220,380,600,1.7273,210,330,540,1.5714,180,220,400,1.2222,140,160,300,1.1429,130,130,260,1.0,111,63
940,300,640,260,520,780,2.0,230,410,640,1.7826,220,340,560,1.5455,170,240,410,1.4118,150,180,330,1.2,120,130,250,1.0833,111,63
920,270,620,230,520,750,2.2609,210,390,600,1.8571,200,320,520,1.6,160,230,390,1.4375,140,150,290,1.0714,110,130,240,1.1818,110,62
900,300,620,270,630,900,2.3333,230,430,660,1.8696,230,360,590,1.5652,180,240,420,1.3333,160,160,320,1.0,140,120,260,0.85714,110,62
880,280,620,250,490,740,1.96,220,370,590,1.6818,210,320,530,1.5238,190,210,400,1.1053,160,150,310,0.9375,130,120,250,0.92308,110,62
940,260,640,220,490,710,2.2273,190,380,570,2.0,190,330,520,1.7368,160,240,400,1.5,120,180,300,1.5,110,130,240,1.1818,111,63
920,300,620,260,520,780,2.0,230,370,600,1.6087,210,320,530,1.5238,180,220,400,1.2222,140,160,300,1.1429,130,120,250,0.92308,111,63
890,300,610,250,550,800,2.2,230,380,610,1.6522,220,330,550,1.5,190,230,420,1.2105,150,160,310,1.0667,140,120,260,0.85714,110,62
930,280,420,240,430,670,1.7917,200,370,570,1.85,200,310,510,1.55,170,240,410,1.4118,140,160,300,1.1429,130,120,250,0.92308,110,62
910,280,670,240,480,720,2.0,220,370,590,1.6818,210,320,530,1.5238,180,240,420,1.3333,150,160,310,1.0667,130,130,260,1.0,111,62
930,240,620,230,470,700,2.0435,210,350,560,1.6667,200,290,490,1.45,180,220,400,1.2222,130,150,280,1.1538,120,120,240,1.0,111,62
850,310,620,260,480,740,1.8462,240,350,590,1.4583,220,300,520,1.3636,190,210,400,1.1053,150,140,290,0.93333,150,110,260,0.73333,111,62
970,230,700,250,510,760,2.04,250,410,660,1.64,190,340,530,1.7895,160,260,420,1.625,110,200,310,1.8182,100,170,270,1.7,110,62
900,270,630,240,530,770,2.2083,210,380,590,1.8095,200,330,530,1.65,170,230,400,1.3529,140,170,310,1.2143,130,130,260,1.0,110,62
890,290,600,260,480,740,1.8462,230,350,580,1.5217,200,320,520,1.6,180,230,410,1.2778,140,150,290,1.0714,120,130,250,1.0833,110,62
860,290,610,280,430,710,1.5357,230,380,610,1.6522,220,300,520,1.3636,200,220,420,1.1,160,140,300,0.875,140,110,250,0.78571,110,62
890,280,620,250,520,770,2.08,220,380,600,1.7273,200,330,530,1.65,180,220,400,1.2222,140,160,300,1.1429,130,130,260,1.0,110,62
910,270,630,230,520,750,2.2609,210,380,590,1.8095,180,320,500,1.7778,170,240,410,1.4118,130,170,300,1.3077,110,120,230,1.0909,110,62
910,280,630,230,560,790,2.4348,210,400,610,1.9048,190,360,550,1.8947,160,250,410,1.5625,130,180,310,1.3846,90,130,220,1.4444,110,62
920,280,630,250,490,740,1.96,220,370,590,1.6818,200,320,520,1.6,180,220,400,1.2222,150,170,320,1.1333,120,140,260,1.1667,110,62
910,290,610,250,460,710,1.84,240,340,580,1.4167,220,290,510,1.3182,180,200,380,1.1111,150,140,290,0.93333,130,110,240,0.84615,111,62
900,300,610,260,480,740,1.8462,230,360,590,1.5652,230,300,530,1.3043,190,210,400,1.1053,160,150,310,0.9375,130,120,250,0.92308,111,62
920,280,630,240,520,760,2.1667,210,380,590,1.8095,200,330,530,1.65,170,230,400,1.3529,140,160,300,1.1429,130,130,260,1.0,110,62
900,290,610,250,510,760,2.04,230,380,610,1.6522,210,320,530,1.5238,200,210,410,1.05,170,150,320,0.88235,130,100,230,0.76923,110,62
900,290,620,270,630,900,2.3333,240,450,690,1.875,220,390,610,1.7727,200,270,470,1.35,160,180,340,1.125,150,130,280,0.86667,110,62
880,280,620,240,460,700,1.9167,230,350,580,1.5217,210,300,510,1.4286,180,220,400,1.2222,140,160,300,1.1429,130,130,260,1.0,110,62
950,260,650,210,490,700,2.3333,190,380,570,2.0,170,310,480,1.8235,150,230,380,1.5333,120,180,300,1.5,110,150,260,1.3636,111,62
920,300,630,270,510,780,1.8889,240,390,630,1.625,220,330,550,1.5,200,230,430,1.15,160,150,310,0.9375,150,120,270,0.8,111,63
910,290,620,240,510,750,2.125,220,380,600,1.7273,210,310,520,1.4762,190,220,410,1.1579,150,160,310,1.0667,120,110,230,0.91667,111,63
920,290,640,260,650,910,2.5,220,430,650,1.9545,210,330,540,1.5714,180,240,420,1.3333,150,140,290,0.93333,130,130,260,1.0,111,63
910,280,620,250,490,740,1.96,220,370,590,1.6818,210,300,510,1.4286,180,220,400,1.2222,150,160,310,1.0667,140,120,260,0.85714,111,63
900,290,630,250,490,740,1.96,220,360,580,1.6364,210,310,520,1.4762,180,210,390,1.1667,150,150,300,1.0,130,120,250,0.92308,112,63
930,270,640,240,470,710,1.9583,210,350,560,1.6667,190,300,490,1.5789,170,230,400,1.3529,150,160,310,1.0667,120,130,250,1.0833,112,63
900,280,620,250,620,870,2.48,220,420,640,1.9091,200,350,550,1.75,190,250,440,1.3158,150,170,320,1.1333,140,140,280,1.0,111,63
920,280,630,250,530,780,2.12,220,380,600,1.7273,200,330,530,1.65,170,230,400,1.3529,130,160,290,1.2308,120,130,250,1.0833,111,62
900,290,620,250,490,740,1.96,230,370,600,1.6087,220,330,550,1.5,180,240,420,1.3333,150,150,300,1.0,130,110,240,0.84615,111,62
920,280,610,250,470,720,1.88,230,360,590,1.5652,210,300,510,1.4286,170,220,390,1.2941,150,160,310,1.0667,130,130,260,1.0,111,62
890,310,600,270,480,750,1.7778,240,380,620,1.5833,220,320,540,1.4545,190,220,410,1.1579,160,140,300,0.875,140,120,260,0.85714,112,63
930,290,650,250,500,750,2.0,220,360,580,1.6364,200,320,520,1.6,170,220,390,1.2941,140,170,310,1.2143,120,140,260,1.1667,111,63
920,280,590,300,450,750,1.5,250,340,590,1.36,240,290,530,1.2083,210,200,410,0.95238,160,160,320,1.0,150,130,280,0.86667,111,62
900,330,610,260,600,860,2.3077,230,410,640,1.7826,210,350,560,1.6667,180,250,430,1.3889,150,160,310,1.0667,130,130,260,1.0,111,62
920,290,630,240,530,770,2.2083,210,390,600,1.8571,210,340,550,1.619,170,230,400,1.3529,150,170,320,1.1333,120,120,240,1.0,110,62
900,290,620,260,480,740,1.8462,230,370,600,1.6087,200,310,510,1.55,170,210,380,1.2353,130,150,280,1.1538,110,110,220,1.0,111,62
920,280,620,250,510,760,2.04,210,370,580,1.7619,210,330,540,1.5714,180,220,400,1.2222,130,160,290,1.2308,120,130,250,1.0833,111,62
900,300,620,260,440,700,1.6923,230,320,550,1.3913,210,260,470,1.2381,180,180,360,1.0,150,150,300,1.0,130,120,250,0.92308,111,63
930,280,660,300,520,820,1.7333,240,400,640,1.6667,220,350,570,1.5909,190,260,450,1.3684,150,180,330,1.2,130,150,280,1.1538,111,62
900,270,630,240,500,740,2.0833,210,340,550,1.619,210,290,500,1.381,180,210,390,1.1667,140,160,300,1.1429,120,130,250,1.0833,110,62
930,270,640,240,520,760,2.1667,220,380,600,1.7273,200,320,520,1.6,180,240,420,1.3333,140,160,300,1.1429,130,130,260,1.0,110,62
900,290,610,260,510,770,1.9615,230,390,620,1.6957,220,320,540,1.4545,200,230,430,1.15,150,150,300,1.0,140,120,260,0.85714,110,62
910,290,620,250,480,730,1.92,230,370,600,1.6087,220,320,540,1.4545,190,210,400,1.1053,150,150,300,1.0,130,120,250,0.92308,111,62
920,290,610,250,500,750,2.0,220,370,590,1.6818,210,310,520,1.4762,170,220,390,1.2941,150,160,310,1.0667,120,130,250,1.0833,111,62
910,310,620,260,460,720,1.7692,240,330,570,1.375,230,300,530,1.3043,190,200,390,1.0526,170,140,310,0.8235299999999999,130,110,240,0.84615,111,62
920,270,630,240,640,880,2.6667,210,450,660,2.1429,200,380,580,1.9,170,270,440,1.5882,140,190,330,1.3571,110,140,250,1.2727,110,62
920,290,630,240,540,780,2.25,220,390,610,1.7727,210,340,550,1.619,180,230,410,1.2778,140,170,310,1.2143,130,140,270,1.0769,110,62
930,300,620,260,560,820,2.1538,230,390,620,1.6957,220,330,550,1.5,180,230,410,1.2778,150,160,310,1.0667,140,130,270,0.92857,111,62
920,310,630,280,500,780,1.7857,240,380,620,1.5833,230,330,560,1.4348,200,230,430,1.15,170,140,310,0.8235299999999999,150,120,270,0.8,111,62
910,290,630,280,470,750,1.6786,230,350,580,1.5217,220,310,530,1.4091,190,210,400,1.1053,150,140,290,0.93333,140,110,250,0.78571,110,62
920,280,630,250,610,860,2.44,220,420,640,1.9091,200,360,560,1.8,190,240,430,1.2632,150,170,320,1.1333,130,120,250,0.92308,110,61
890,290,620,260,550,810,2.1154,240,400,640,1.6667,230,330,560,1.4348,190,240,430,1.2632,160,160,320,1.0,150,110,260,0.73333,110,61
940,270,640,250,510,760,2.04,210,380,590,1.8095,190,340,530,1.7895,160,250,410,1.5625,140,170,310,1.2143,110,140,250,1.2727,110,61
920,300,620,260,520,780,2.0,230,360,590,1.5652,210,310,520,1.4762,200,220,420,1.1,170,150,320,0.88235,140,120,260,0.85714,111,62
920,300,620,260,450,710,1.7308,240,330,570,1.375,220,280,500,1.2727,190,210,400,1.1053,160,140,300,0.875,150,110,260,0.73333,111,62
910,290,630,250,640,890,2.56,220,390,610,1.7727,200,330,530,1.65,170,230,400,1.3529,150,170,320,1.1333,120,130,250,1.0833,110,61
910,280,620,250,550,800,2.2,220,390,610,1.7727,210,340,550,1.619,180,230,410,1.2778,150,170,320,1.1333,130,130,260,1.0,109,61
920,290,620,260,490,750,1.8846,230,370,600,1.6087,200,330,530,1.65,170,220,390,1.2941,140,160,300,1.1429,120,120,240,1.0,109,61
920,300,620,240,500,740,2.0833,230,380,610,1.6522,200,330,530,1.65,170,220,390,1.2941,150,150,300,1.0,130,120,250,0.92308,110,61
910,300,630,250,510,760,2.04,230,370,600,1.6087,220,320,540,1.4545,190,220,410,1.1579,160,150,310,0.9375,130,130,260,1.0,110,61
950,280,670,300,520,820,1.7333,250,380,630,1.52,220,330,550,1.5,190,250,440,1.3158,150,180,330,1.2,140,140,280,1.0,109,61
920,280,620,260,510,770,1.9615,230,390,620,1.6957,210,330,540,1.5714,180,240,420,1.3333,150,160,310,1.0667,130,130,260,1.0,109,61
920,300,630,250,640,890,2.56,220,430,650,1.9545,220,350,570,1.5909,180,250,430,1.3889,160,170,330,1.0625,140,120,260,0.85714,109,61
910,290,620,260,490,750,1.8846,230,370,600,1.6087,220,310,530,1.4091,190,210,400,1.1053,160,160,320,1.0,140,110,250,0.78571,109,61
920,290,630,280,490,770,1.75,240,370,610,1.5417,230,330,560,1.4348,190,240,430,1.2632,160,170,330,1.0625,140,140,280,1.0,109,61
920,290,620,260,590,850,2.2692,230,410,640,1.7826,210,350,560,1.6667,180,250,430,1.3889,150,170,320,1.1333,140,120,260,0.85714,110,61
900,300,620,250,450,700,1.8,230,340,570,1.4783,210,300,510,1.4286,190,210,400,1.1053,150,140,290,0.93333,130,130,260,1.0,110,61
940,280,660,300,480,780,1.6,240,370,610,1.5417,230,310,540,1.3478,200,230,430,1.15,150,170,320,1.1333,140,130,270,0.92857,109,61
920,280,500,260,510,770,1.9615,230,390,620,1.6957,210,320,530,1.5238,180,220,400,1.2222,150,150,300,1.0,130,120,250,0.92308,109,61
920,290,630,260,490,750,1.8846,220,380,600,1.7273,220,330,550,1.5,180,230,410,1.2778,150,160,310,1.0667,130,120,250,0.92308,109,61
920,290,620,260,460,720,1.7692,230,350,580,1.5217,210,300,510,1.4286,180,220,400,1.2222,150,150,300,1.0,130,130,260,1.0,110,61
930,300,620,250,540,790,2.16,240,380,620,1.5833,210,320,530,1.5238,180,230,410,1.2778,150,160,310,1.0667,130,130,260,1.0,110,62
910,300,610,260,470,730,1.8077,230,360,590,1.5652,230,300,530,1.3043,180,220,400,1.2222,150,150,300,1.0,140,120,260,0.85714,110,61
900,300,610,260,620,880,2.3846,230,400,630,1.7391,210,350,560,1.6667,180,220,400,1.2222,150,150,300,1.0,130,100,230,0.76923,110,61
920,290,630,240,600,840,2.5,220,410,630,1.8636,210,360,570,1.7143,180,260,440,1.4444,150,180,330,1.2,120,140,260,1.1667,110,61
940,290,630,260,500,760,1.9231,230,380,610,1.6522,210,320,530,1.5238,190,240,430,1.2632,160,160,320,1.0,120,130,250,1.0833,110,62
910,310,590,270,600,870,2.2222,250,400,650,1.6,240,350,590,1.4583,210,240,450,1.1429,170,160,330,0.94118,140,120,260,0.85714,111,62
920,320,650,260,540,800,2.0769,240,370,610,1.5417,230,330,560,1.4348,200,230,430,1.15,160,150,310,0.9375,130,120,250,0.92308,111,62
920,270,610,290,480,770,1.6552,270,360,630,1.3333,240,300,540,1.25,220,210,430,0.95455,170,160,330,0.94118,150,130,280,0.86667,111,62
920,300,640,280,500,780,1.7857,240,380,620,1.5833,220,330,550,1.5,200,230,430,1.15,160,160,320,1.0,130,140,270,1.0769,112,62
940,280,630,250,470,720,1.88,230,340,570,1.4783,220,310,530,1.4091,190,210,400,1.1053,160,160,320,1.0,130,140,270,1.0769,113,63
910,310,620,270,550,820,2.037,250,370,620,1.48,220,310,530,1.4091,190,220,410,1.1579,160,160,320,1.0,130,120,250,0.92308,113,63
910,300,630,280,490,770,1.75,230,380,610,1.6522,220,320,540,1.4545,200,220,420,1.1,160,150,310,0.9375,140,130,270,0.92857,112,63
940,280,540,240,550,790,2.2917,210,380,590,1.8095,200,320,520,1.6,170,250,420,1.4706,140,180,320,1.2857,110,140,250,1.2727,112,63
890,400,610,270,600,870,2.2222,230,400,630,1.7391,220,340,560,1.5455,190,230,420,1.2105,160,170,330,1.0625,130,130,260,1.0,112,63
950,280,650,260,510,770,1.9615,230,380,610,1.6522,220,340,560,1.5455,170,250,420,1.4706,140,170,310,1.2143,120,140,260,1.1667,112,63
940,300,630,270,490,760,1.8148,250,380,630,1.52,220,320,540,1.4545,180,220,400,1.2222,150,160,310,1.0667,140,130,270,0.92857,112,63
940,310,640,260,550,810,2.1154,250,400,650,1.6,230,340,570,1.4783,200,240,440,1.2,170,160,330,0.94118,150,120,270,0.8,113,63
930,290,650,260,580,840,2.2308,220,440,660,2.0,210,370,580,1.7619,180,260,440,1.4444,160,180,340,1.125,130,140,270,1.0769,111,62
950,300,640,250,610,860,2.44,230,450,680,1.9565,220,390,610,1.7727,190,290,480,1.5263,160,180,340,1.125,130,140,270,1.0769,111,61
930,310,620,270,530,800,1.963,240,400,640,1.6667,230,350,580,1.5217,200,260,460,1.3,170,180,350,1.0588,140,130,270,0.92857,111,62
920,300,630,270,510,780,1.8889,240,390,630,1.625,210,340,550,1.619,190,250,440,1.3158,160,180,340,1.125,120,140,260,1.1667,110,61
930,290,640,260,510,770,1.9615,230,410,640,1.7826,210,360,570,1.7143,180,260,440,1.4444,140,170,310,1.2143,120,140,260,1.1667,110,61
930,290,640,270,490,760,1.8148,220,390,610,1.7727,220,330,550,1.5,190,240,430,1.2632,150,160,310,1.0667,120,130,250,1.0833,110,61
930,290,640,270,500,770,1.8519,250,380,630,1.52,240,310,550,1.2917,210,230,440,1.0952,180,160,340,0.88889,150,130,280,0.86667,111,61
950,290,650,250,520,770,2.08,230,380,610,1.6522,210,340,550,1.619,190,240,430,1.2632,140,170,310,1.2143,130,140,270,1.0769,111,61
930,290,630,250,600,850,2.4,240,420,660,1.75,220,380,600,1.7273,190,260,450,1.3684,160,180,340,1.125,130,130,260,1.0,110,61
940,280,640,250,540,790,2.16,230,410,640,1.7826,210,370,580,1.7619,170,250,420,1.4706,150,180,330,1.2,120,140,260,1.1667,111,61
940,300,620,290,500,790,1.7241,240,440,680,1.8333,240,380,620,1.5833,200,270,470,1.35,150,190,340,1.2667,130,150,280,1.1538,111,61
940,320,640,280,540,820,1.9286,250,390,640,1.56,230,340,570,1.4783,200,230,430,1.15,160,160,320,1.0,130,120,250,0.92308,111,62
910,310,620,270,570,840,2.1111,240,410,650,1.7083,230,350,580,1.5217,190,250,440,1.3158,170,160,330,0.94118,140,130,270,0.92857,110,61
940,290,640,250,510,760,2.04,230,380,610,1.6522,200,350,550,1.75,170,250,420,1.4706,140,170,310,1.2143,120,140,260,1.1667,111,61
930,300,630,260,560,820,2.1538,230,400,630,1.7391,210,350,560,1.6667,180,240,420,1.3333,120,160,280,1.3333,110,130,240,1.1818,111,61
910,300,620,260,500,760,1.9231,230,370,600,1.6087,230,330,560,1.4348,180,240,420,1.3333,150,150,300,1.0,130,130,260,1.0,111,61
960,290,650,260,490,750,1.8846,210,360,570,1.7143,210,300,510,1.4286,180,200,380,1.1111,130,140,270,1.0769,110,130,240,1.1818,112,62
930,310,650,270,530,800,1.963,240,400,640,1.6667,220,340,560,1.5455,190,240,430,1.2632,150,170,320,1.1333,130,130,260,1.0,112,62
940,280,660,300,480,780,1.6,260,360,620,1.3846,240,310,550,1.2917,200,230,430,1.15,160,170,330,1.0625,150,130,280,0.86667,111,62
930,280,630,260,510,770,1.9615,230,390,620,1.6957,210,340,550,1.619,180,230,410,1.2778,150,160,310,1.0667,130,130,260,1.0,111,62
920,300,640,260,650,910,2.5,220,440,660,2.0,210,330,540,1.5714,180,250,430,1.3889,150,170,320,1.1333,130,120,250,0.92308,112,62
940,280,660,260,510,770,1.9615,210,400,610,1.9048,210,340,550,1.619,180,250,430,1.3889,130,160,290,1.2308,130,140,270,1.0769,112,62
940,280,650,250,530,780,2.12,240,380,620,1.5833,220,330,550,1.5,190,230,420,1.2105,150,170,320,1.1333,120,140,260,1.1667,113,62
710,290,630,270,520,790,1.9259,240,370,610,1.5417,220,310,530,1.4091,190,230,420,1.2105,160,160,320,1.0,140,130,270,0.92857,113,63
940,270,640,240,500,740,2.0833,210,390,600,1.8571,210,330,540,1.5714,170,240,410,1.4118,130,170,300,1.3077,130,120,250,0.92308,112,62
940,300,640,260,510,770,1.9615,230,380,610,1.6522,220,350,570,1.5909,180,250,430,1.3889,150,190,340,1.2667,120,140,260,1.1667,112,62
930,300,630,260,480,740,1.8462,230,360,590,1.5652,210,310,520,1.4762,200,220,420,1.1,170,160,330,0.94118,130,130,260,1.0,113,62
930,300,630,270,480,750,1.7778,230,350,580,1.5217,220,290,510,1.3182,180,240,420,1.3333,150,150,300,1.0,140,120,260,0.85714,112,62
950,300,660,290,530,820,1.8276,230,410,640,1.7826,230,350,580,1.5217,200,250,450,1.25,150,170,320,1.1333,130,130,260,1.0,112,62
920,290,620,270,470,740,1.7407,240,340,580,1.4167,220,300,520,1.3636,190,210,400,1.1053,160,160,320,1.0,130,110,240,0.84615,112,62
930,300,640,250,510,760,2.04,220,380,600,1.7273,210,340,550,1.619,180,240,420,1.3333,150,170,320,1.1333,130,120,250,0.92308,111,62
930,290,590,260,550,810,2.1154,230,410,640,1.7826,210,350,560,1.6667,190,240,430,1.2632,160,170,330,1.0625,130,140,270,1.0769,111,62
930,340,640,250,520,770,2.08,220,380,600,1.7273,220,340,560,1.5455,190,240,430,1.2632,160,170,330,1.0625,130,140,270,1.0769,111,62
960,290,660,250,560,810,2.24,210,410,620,1.9524,200,350,550,1.75,180,250,430,1.3889,140,170,310,1.2143,120,140,260,1.1667,111,62
930,300,630,260,470,730,1.8077,250,350,600,1.4,220,300,520,1.3636,200,210,410,1.05,170,140,310,0.8235299999999999,140,120,260,0.85714,112,62
940,280,640,260,520,780,2.0,210,390,600,1.8571,210,340,550,1.619,170,250,420,1.4706,140,160,300,1.1429,130,130,260,1.0,111,61
940,300,640,250,490,740,1.96,240,380,620,1.5833,210,330,540,1.5714,190,230,420,1.2105,150,170,320,1.1333,140,130,270,0.92857,110,61
920,300,640,260,490,750,1.8846,230,360,590,1.5652,220,310,530,1.4091,190,220,410,1.1579,170,150,320,0.88235,140,130,270,0.92857,111,61
940,280,650,250,490,740,1.96,220,370,590,1.6818,220,330,550,1.5,170,250,420,1.4706,140,170,310,1.2143,120,120,240,1.0,111,62
930,280,640,260,490,750,1.8846,230,370,600,1.6087,210,310,520,1.4762,180,230,410,1.2778,150,150,300,1.0,120,140,260,1.1667,110,61
940,290,660,240,510,750,2.125,220,380,600,1.7273,200,330,530,1.65,170,230,400,1.3529,150,160,310,1.0667,120,120,240,1.0,110,61
940,280,640,260,500,760,1.9231,220,370,590,1.6818,210,330,540,1.5714,180,230,410,1.2778,160,150,310,0.9375,130,120,250,0.92308,110,61
930,300,640,260,510,770,1.9615,230,370,600,1.6087,220,330,550,1.5,200,230,430,1.15,150,160,310,1.0667,140,130,270,0.92857,110,61
950,290,650,260,530,790,2.0385,240,390,630,1.625,220,340,560,1.5455,190,220,410,1.1579,150,170,320,1.1333,130,120,250,0.92308,111,61
940,300,650,270,470,740,1.7407,240,350,590,1.4583,230,310,540,1.3478,200,210,410,1.05,160,140,300,0.875,150,110,260,0.73333,111,61
950,290,640,240,540,780,2.25,220,400,620,1.8182,210,330,540,1.5714,170,250,420,1.4706,140,170,310,1.2143,120,140,260,1.1667,110,61
940,310,650,280,490,770,1.75,250,390,640,1.56,240,340,580,1.4167,190,250,440,1.3158,160,150,310,0.9375,140,120,260,0.85714,110,61
920,290,640,260,590,850,2.2692,230,400,630,1.7391,210,330,540,1.5714,190,230,420,1.2105,160,160,320,1.0,130,130,260,1.0,110,61
970,280,670,260,490,750,1.8846,220,370,590,1.6818,210,320,530,1.5238,180,240,420,1.3333,150,160,310,1.0667,120,140,260,1.1667,111,62
960,300,640,300,500,800,1.6667,250,380,630,1.52,230,330,560,1.4348,200,240,440,1.2,170,170,340,1.0,150,140,290,0.93333,110,62
910,320,560,270,520,790,1.9259,240,370,610,1.5417,220,320,540,1.4545,190,220,410,1.1579,150,150,300,1.0,140,120,260,0.85714,110,61
960,350,660,260,600,860,2.3077,210,430,640,2.0476,210,360,570,1.7143,180,260,440,1.4444,150,180,330,1.2,120,140,260,1.1667,110,61
940,300,640,250,550,800,2.2,230,400,630,1.7391,220,350,570,1.5909,190,240,430,1.2632,160,170,330,1.0625,130,130,260,1.0,111,62
930,300,640,270,480,750,1.7778,240,360,600,1.5,210,300,510,1.4286,190,230,420,1.2105,150,150,300,1.0,130,120,250,0.92308,111,62
920,290,650,250,510,760,2.04,230,370,600,1.6087,220,330,550,1.5,190,230,420,1.2105,140,160,300,1.1429,130,140,270,1.0769,111,62
970,270,700,290,550,840,1.8966,220,420,640,1.9091,200,350,550,1.75,170,260,430,1.5294,140,180,320,1.2857,120,140,260,1.1667,111,62
960,270,680,270,510,780,1.8889,230,390,620,1.6957,210,330,540,1.5714,180,240,420,1.3333,150,180,330,1.2,130,150,280,1.1538,111,62
930,300,640,260,560,820,2.1538,230,400,630,1.7391,210,340,550,1.619,200,230,430,1.15,160,170,330,1.0625,130,140,270,1.0769,111,61
810,290,640,250,490,740,1.96,220,380,600,1.7273,210,340,550,1.619,180,240,420,1.3333,150,160,310,1.0667,130,140,270,1.0769,111,61
930,310,630,270,480,750,1.7778,250,370,620,1.48,230,320,550,1.3913,200,230,430,1.15,160,150,310,0.9375,150,110,260,0.73333,112,62
930,300,610,270,570,840,2.1111,250,400,650,1.6,220,340,560,1.5455,190,240,430,1.2632,170,160,330,0.94118,140,120,260,0.85714,111,61
940,320,650,290,660,950,2.2759,260,450,710,1.7308,230,380,610,1.6522,200,260,460,1.3,170,170,340,1.0,140,140,280,1.0,111,61
940,290,640,260,540,800,2.0769,230,390,620,1.6957,210,340,550,1.619,200,250,450,1.25,150,160,310,1.0667,140,130,270,0.92857,111,61
950,300,650,260,490,750,1.8846,230,380,610,1.6522,220,330,550,1.5,180,240,420,1.3333,150,170,320,1.1333,140,120,260,0.85714,111,61
940,300,630,270,540,810,2.0,250,390,640,1.56,220,340,560,1.5455,190,230,420,1.2105,160,160,320,1.0,130,130,260,1.0,111,61
900,300,630,260,510,770,1.9615,240,380,620,1.5833,220,320,540,1.4545,190,220,410,1.1579,150,140,290,0.93333,130,120,250,0.92308,110,61
980,270,680,230,610,840,2.6522,200,450,650,2.25,180,400,580,2.2222,150,290,440,1.9333,130,180,310,1.3846,100,140,240,1.4,110,61
960,300,650,270,480,750,1.7778,240,360,600,1.5,230,300,530,1.3043,200,210,410,1.05,150,150,300,1.0,130,120,250,0.92308,110,61
950,310,650,270,580,850,2.1481,250,400,650,1.6,240,340,580,1.4167,190,220,410,1.1579,160,150,310,0.9375,150,130,280,0.86667,111,61
960,300,660,260,540,800,2.0769,230,360,590,1.5652,230,310,540,1.3478,200,250,450,1.25,170,180,350,1.0588,140,140,280,1.0,111,61
970,300,650,300,520,820,1.7333,250,440,690,1.76,240,360,600,1.5,200,260,460,1.3,160,180,340,1.125,140,140,280,1.0,111,61
940,320,660,280,500,780,1.7857,240,390,630,1.625,230,330,560,1.4348,200,240,440,1.2,160,180,340,1.125,130,150,280,1.1538,111,61
940,280,660,240,530,770,2.2083,210,410,620,1.9524,210,360,570,1.7143,170,250,420,1.4706,130,180,310,1.3846,120,130,250,1.0833,111,61
950,280,660,250,520,770,2.08,230,390,620,1.6957,200,340,540,1.7,170,240,410,1.4118,140,160,300,1.1429,110,130,240,1.1818,111,61
940,290,620,270,510,780,1.8889,250,380,630,1.52,220,320,540,1.4545,190,240,430,1.2632,160,160,320,1.0,140,120,260,0.85714,111,61
970,320,660,260,640,900,2.4615,230,450,680,1.9565,220,380,600,1.7273,180,270,450,1.5,150,190,340,1.2667,130,150,280,1.1538,111,61
970,310,650,270,550,820,2.037,240,360,600,1.5,240,310,550,1.2917,190,230,420,1.2105,160,160,320,1.0,130,120,250,0.92308,111,61
990,280,680,240,540,780,2.25,220,410,630,1.8636,210,360,570,1.7143,190,250,440,1.3158,140,170,310,1.2143,130,140,270,1.0769,110,61
970,310,660,300,540,840,1.8,260,420,680,1.6154,240,370,610,1.5417,210,280,490,1.3333,180,180,360,1.0,150,140,290,0.93333,111,61
960,310,660,280,520,800,1.8571,250,410,660,1.64,240,360,600,1.5,210,250,460,1.1905,160,170,330,1.0625,130,130,260,1.0,111,61
960,300,530,270,510,780,1.8889,240,390,630,1.625,220,330,550,1.5,190,250,440,1.3158,160,170,330,1.0625,130,120,250,0.92308,111,61
980,300,660,260,560,820,2.1538,230,410,640,1.7826,230,350,580,1.5217,180,250,430,1.3889,150,170,320,1.1333,130,140,270,1.0769,112,61
990,320,670,280,550,830,1.9643,250,410,660,1.64,230,340,570,1.4783,200,260,460,1.3,170,170,340,1.0,150,140,290,0.93333,112,61
970,300,680,290,520,810,1.7931,260,400,660,1.5385,240,340,580,1.4167,210,240,450,1.1429,180,160,340,0.88889,140,120,260,0.85714,110,60
950,290,700,260,570,830,2.1923,230,430,660,1.8696,220,380,600,1.7273,190,260,450,1.3684,150,170,320,1.1333,140,140,280,1.0,110,60
1000,300,710,270,560,830,2.0741,250,430,680,1.72,240,370,610,1.5417,200,270,470,1.35,140,190,330,1.3571,110,140,250,1.2727,110,60
940,290,720,270,580,850,2.1481,240,440,680,1.8333,230,380,610,1.6522,200,270,470,1.35,180,180,360,1.0,150,130,280,0.86667,109,60
980,270,720,290,580,870,2.0,230,420,650,1.8261,190,360,550,1.8947,180,240,420,1.3333,150,190,340,1.2667,120,160,280,1.3333,113,61
960,260,720,200,550,750,2.75,180,390,570,2.1667,180,310,490,1.7222,160,210,370,1.3125,130,150,280,1.1538,130,120,250,0.92308,113,61
960,240,710,210,580,790,2.7619,190,410,600,2.1579,180,340,520,1.8889,160,220,380,1.375,130,160,290,1.2308,120,140,260,1.1667,114,62
1010,250,710,220,540,760,2.4545,190,400,590,2.1053,170,330,500,1.9412,160,220,380,1.375,120,170,290,1.4167,100,140,240,1.4,114,62
940,300,630,270,550,820,2.037,240,430,670,1.7917,230,380,610,1.6522,200,280,480,1.4,170,190,360,1.1176,150,140,290,0.93333,118,64
960,310,660,260,590,850,2.2692,230,440,670,1.913,230,380,610,1.6522,190,270,460,1.4211,170,180,350,1.0588,140,150,290,1.0714,119,64
930,300,640,270,540,810,2.0,250,410,660,1.64,230,380,610,1.6522,200,290,490,1.45,160,170,330,1.0625,140,140,280,1.0,120,65
940,290,630,280,490,770,1.75,250,390,640,1.56,220,340,560,1.5455,210,250,460,1.1905,180,170,350,0.94444,140,130,270,0.92857,120,65
930,310,630,280,530,810,1.8929,250,410,660,1.64,230,360,590,1.5652,220,270,490,1.2273,170,160,330,0.94118,150,120,270,0.8,120,65
930,300,620,260,560,820,2.1538,240,420,660,1.75,220,360,580,1.6364,190,260,450,1.3684,170,180,350,1.0588,140,130,270,0.92857,121,65
900,300,640,280,610,890,2.1786,240,450,690,1.875,240,390,630,1.625,210,270,480,1.2857,160,160,320,1.0,140,120,260,0.85714,121,65
960,260,660,280,520,800,1.8571,230,340,570,1.4783,210,300,510,1.4286,180,220,400,1.2222,150,130,280,0.86667,130,100,230,0.76923,121,65
940,260,680,240,540,780,2.25,220,450,670,2.0455,200,390,590,1.95,180,250,430,1.3889,150,160,310,1.0667,130,140,270,1.0769,122,65
880,260,660,240,580,820,2.4167,220,370,590,1.6818,210,300,510,1.4286,170,210,380,1.2353,150,130,280,0.86667,130,100,230,0.76923,122,66
930,340,670,230,510,740,2.2174,200,370,570,1.85,200,310,510,1.55,170,200,370,1.1765,160,130,290,0.8125,140,130,270,0.92857,124,67
930,260,680,230,520,750,2.2609,210,340,550,1.619,190,290,480,1.5263,180,210,390,1.1667,140,140,280,1.0,140,120,260,0.85714,124,67
910,320,610,280,560,840,2.0,250,450,700,1.8,250,390,640,1.56,220,300,520,1.3636,170,200,370,1.1765,140,130,270,0.92857,124,67
900,300,600,260,610,870,2.3462,230,450,680,1.9565,220,370,590,1.6818,180,280,460,1.5556,150,190,340,1.2667,140,140,280,1.0,125,67
920,300,620,270,540,810,2.0,240,430,670,1.7917,210,370,580,1.7619,180,270,450,1.5,160,180,340,1.125,130,150,280,1.1538,125,67
950,280,620,250,490,740,1.96,230,370,600,1.6087,210,330,540,1.5714,170,250,420,1.4706,150,170,320,1.1333,120,130,250,1.0833,125,67
930,290,630,250,550,800,2.2,220,390,610,1.7727,200,350,550,1.75,170,240,410,1.4118,130,140,270,1.0769,120,130,250,1.0833,124,67
930,300,610,250,560,810,2.24,220,440,660,2.0,220,370,590,1.6818,170,280,450,1.6471,140,190,330,1.3571,120,140,260,1.1667,123,66
900,310,590,270,550,820,2.037,250,410,660,1.64,230,350,580,1.5217,190,240,430,1.2632,160,170,330,1.0625,130,120,250,0.92308,122,66
920,310,620,270,500,770,1.8519,240,380,620,1.5833,230,360,590,1.5652,190,270,460,1.4211,160,190,350,1.1875,130,140,270,1.0769,122,65
910,300,600,280,490,770,1.75,250,390,640,1.56,240,350,590,1.4583,190,250,440,1.3158,160,170,330,1.0625,130,130,260,1.0,121,65
920,310,570,280,480,760,1.7143,250,380,630,1.52,220,320,540,1.4545,180,240,420,1.3333,160,170,330,1.0625,130,140,270,1.0769,120,65
910,310,610,260,590,850,2.2692,230,410,640,1.7826,210,330,540,1.5714,180,240,420,1.3333,140,160,300,1.1429,120,130,250,1.0833,120,64
910,280,610,250,620,870,2.48,210,450,660,2.1429,200,380,580,1.9,170,280,450,1.6471,140,200,340,1.4286,110,170,280,1.5455,118,63
920,300,580,280,490,770,1.75,230,380,610,1.6522,230,340,570,1.4783,180,250,430,1.3889,140,170,310,1.2143,120,130,250,1.0833,118,63
910,290,620,270,520,790,1.9259,230,400,630,1.7391,210,350,560,1.6667,180,260,440,1.4444,140,190,330,1.3571,120,150,270,1.25,117,62
910,300,610,260,620,880,2.3846,230,430,660,1.8696,220,370,590,1.6818,190,260,450,1.3684,160,180,340,1.125,120,150,270,1.25,116,62
900,300,600,260,540,800,2.0769,240,390,630,1.625,210,340,550,1.619,180,250,430,1.3889,150,170,320,1.1333,120,140,260,1.1667,115,61
920,300,650,250,550,800,2.2,230,390,620,1.6957,200,310,510,1.55,170,240,410,1.4118,150,160,310,1.0667,110,140,250,1.2727,115,61
920,270,590,290,470,760,1.6207,230,370,600,1.6087,220,320,540,1.4545,180,230,410,1.2778,150,160,310,1.0667,140,130,270,0.92857,115,61
930,330,610,280,490,770,1.75,240,380,620,1.5833,230,340,570,1.4783,180,240,420,1.3333,150,180,330,1.2,130,150,280,1.1538,115,61
920,290,620,260,570,830,2.1923,220,420,640,1.9091,220,360,580,1.6364,170,280,450,1.6471,140,200,340,1.4286,110,140,250,1.2727,114,61
930,300,630,260,510,770,1.9615,230,400,630,1.7391,210,340,550,1.619,180,250,430,1.3889,150,180,330,1.2,130,140,270,1.0769,114,60
900,300,600,280,540,820,1.9286,240,380,620,1.5833,230,330,560,1.4348,190,240,430,1.2632,150,170,320,1.1333,140,120,260,0.85714,114,60
930,300,620,260,570,830,2.1923,220,420,640,1.9091,210,360,570,1.7143,180,260,440,1.4444,140,180,320,1.2857,130,150,280,1.1538,114,60
940,310,610,270,500,770,1.8519,240,400,640,1.6667,230,340,570,1.4783,200,240,440,1.2,150,170,320,1.1333,140,130,270,0.92857,114,60
910,330,590,290,470,760,1.6207,260,350,610,1.3462,240,320,560,1.3333,200,210,410,1.05,160,140,300,0.875,150,110,260,0.73333,114,60
940,320,630,280,500,780,1.7857,240,390,630,1.625,240,340,580,1.4167,200,250,450,1.25,150,170,320,1.1333,130,140,270,1.0769,114,60
910,310,610,290,490,780,1.6897,250,370,620,1.48,230,320,550,1.3913,210,230,440,1.0952,180,170,350,0.94444,150,120,270,0.8,114,60
920,300,620,270,510,780,1.8889,240,380,620,1.5833,220,330,550,1.5,200,240,440,1.2,150,170,320,1.1333,130,140,270,1.0769,114,60
910,300,590,270,540,810,2.0,240,380,620,1.5833,210,330,540,1.5714,180,250,430,1.3889,150,160,310,1.0667,140,130,270,0.92857,114,60
910,320,630,280,530,810,1.8929,230,420,650,1.8261,230,370,600,1.6087,200,260,460,1.3,160,170,330,1.0625,130,150,280,1.1538,114,60
940,280,640,260,520,780,2.0,220,390,610,1.7727,220,330,550,1.5,180,240,420,1.3333,150,180,330,1.2,120,140,260,1.1667,114,60
910,300,600,280,600,880,2.1429,240,420,660,1.75,220,360,580,1.6364,210,260,470,1.2381,160,180,340,1.125,130,140,270,1.0769,114,60
800,310,530,270,480,750,1.7778,230,400,630,1.7391,230,360,590,1.5652,180,260,440,1.4444,150,180,330,1.2,120,150,270,1.25,114,60
910,310,610,270,490,760,1.8148,240,380,620,1.5833,240,330,570,1.375,190,230,420,1.2105,160,150,310,0.9375,140,120,260,0.85714,114,60
940,300,620,300,480,780,1.6,250,360,610,1.44,220,310,530,1.4091,190,240,430,1.2632,140,160,300,1.1429,130,130,260,1.0,115,61
930,320,620,290,540,830,1.8621,250,400,650,1.6,230,340,570,1.4783,190,250,440,1.3158,170,170,340,1.0,140,140,280,1.0,115,62
920,310,470,280,480,760,1.7143,250,380,630,1.52,230,330,560,1.4348,190,250,440,1.3158,160,170,330,1.0625,130,120,250,0.92308,115,61
940,310,630,270,500,770,1.8519,240,370,610,1.5417,230,330,560,1.4348,190,240,430,1.2632,160,170,330,1.0625,140,130,270,0.92857,116,62
920,310,610,280,500,780,1.7857,240,370,610,1.5417,220,310,530,1.4091,200,220,420,1.1,160,150,310,0.9375,130,120,250,0.92308,116,62
950,310,640,280,500,780,1.7857,240,390,630,1.625,230,330,560,1.4348,190,250,440,1.3158,160,170,330,1.0625,130,140,270,1.0769,117,62
920,310,620,270,500,770,1.8519,240,390,630,1.625,220,340,560,1.5455,200,240,440,1.2,160,170,330,1.0625,140,130,270,0.92857,116,62
930,300,400,260,410,670,1.5769,240,410,650,1.7083,220,400,620,1.8182,180,280,460,1.5556,160,200,360,1.25,130,160,290,1.2308,116,62
920,330,610,300,470,770,1.5667,260,360,620,1.3846,240,310,550,1.2917,210,240,450,1.1429,170,150,320,0.88235,150,120,270,0.8,117,62
940,310,630,260,520,780,2.0,230,400,630,1.7391,220,360,580,1.6364,180,250,430,1.3889,150,170,320,1.1333,130,140,270,1.0769,117,62
950,310,630,280,490,770,1.75,250,370,620,1.48,220,330,550,1.5,190,240,430,1.2632,160,160,320,1.0,130,140,270,1.0769,117,62
930,320,610,290,620,910,2.1379,240,420,660,1.75,230,340,570,1.4783,210,240,450,1.1429,160,170,330,1.0625,140,130,270,0.92857,117,62
940,320,620,290,500,790,1.7241,260,380,640,1.4615,230,340,570,1.4783,200,240,440,1.2,180,160,340,0.88889,140,130,270,0.92857,117,62
940,320,630,270,500,770,1.8519,250,390,640,1.56,240,330,570,1.375,190,250,440,1.3158,160,180,340,1.125,150,130,280,0.86667,117,62
920,310,630,290,510,800,1.7586,260,390,650,1.5,240,340,580,1.4167,210,250,460,1.1905,170,160,330,0.94118,140,120,260,0.85714,116,62
960,290,640,260,510,770,1.9615,230,410,640,1.7826,210,360,570,1.7143,170,270,440,1.5882,140,180,320,1.2857,130,150,280,1.1538,116,62
950,320,630,280,530,810,1.8929,240,400,640,1.6667,230,340,570,1.4783,210,240,450,1.1429,170,160,330,0.94118,140,130,270,0.92857,117,62
950,320,640,290,480,770,1.6552,240,370,610,1.5417,240,320,560,1.3333,200,230,430,1.15,160,160,320,1.0,150,120,270,0.8,117,62
940,310,650,280,510,790,1.8214,250,380,630,1.52,230,350,580,1.5217,190,250,440,1.3158,160,180,340,1.125,140,140,280,1.0,117,62
960,290,640,250,520,770,2.08,240,400,640,1.6667,220,360,580,1.6364,170,260,430,1.5294,150,180,330,1.2,120,150,270,1.25,117,62
940,320,630,280,520,800,1.8571,250,400,650,1.6,220,330,550,1.5,200,240,440,1.2,160,170,330,1.0625,130,120,250,0.92308,117,62
940,310,630,270,570,840,2.1111,240,440,680,1.8333,220,370,590,1.6818,190,260,450,1.3684,150,190,340,1.2667,130,140,270,1.0769,117,62
960,310,640,270,510,780,1.8889,240,390,630,1.625,220,330,550,1.5,200,240,440,1.2,160,170,330,1.0625,130,120,250,0.92308,117,62
940,320,620,290,490,780,1.6897,250,360,610,1.44,240,330,570,1.375,200,220,420,1.1,170,170,340,1.0,140,130,270,0.92857,117,62
960,320,650,280,510,790,1.8214,230,380,610,1.6522,230,330,560,1.4348,190,230,420,1.2105,150,160,310,1.0667,140,130,270,0.92857,117,62
960,320,650,270,490,760,1.8148,240,370,610,1.5417,220,320,540,1.4545,180,240,420,1.3333,160,170,330,1.0625,130,130,260,1.0,117,62
940,310,620,290,490,780,1.6897,250,370,620,1.48,230,320,550,1.3913,200,220,420,1.1,160,170,330,1.0625,140,130,270,0.92857,117,62
970,320,650,260,590,850,2.2692,240,410,650,1.7083,220,350,570,1.5909,190,260,450,1.3684,160,180,340,1.125,120,150,270,1.25,117,62
950,310,640,280,600,880,2.1429,250,400,650,1.6,240,330,570,1.375,210,240,450,1.1429,170,160,330,0.94118,130,120,250,0.92308,117,62
970,310,650,300,520,820,1.7333,260,370,630,1.4231,240,320,560,1.3333,210,240,450,1.1429,170,160,330,0.94118,140,120,260,0.85714,117,62
970,320,660,290,620,910,2.1379,260,420,680,1.6154,250,360,610,1.44,220,250,470,1.1364,170,170,340,1.0,150,130,280,0.86667,117,62
920,310,590,300,430,730,1.4333,260,380,640,1.4615,240,340,580,1.4167,210,270,480,1.2857,170,200,370,1.1765,140,170,310,1.2143,117,62
990,330,670,280,460,740,1.6429,230,340,570,1.4783,210,280,490,1.3333,170,230,400,1.3529,140,170,310,1.2143,120,150,270,1.25,117,62
830,320,590,270,530,800,1.963,230,400,630,1.7391,210,340,550,1.619,190,240,430,1.2632,160,170,330,1.0625,140,140,280,1.0,117,62
940,310,620,280,590,870,2.1071,250,430,680,1.72,230,380,610,1.6522,210,270,480,1.2857,170,180,350,1.0588,140,140,280,1.0,117,62
960,320,650,270,510,780,1.8889,240,370,610,1.5417,230,320,550,1.3913,210,240,450,1.1429,180,170,350,0.94444,150,120,270,0.8,117,62
950,330,650,270,640,910,2.3704,250,440,690,1.76,230,400,630,1.7391,200,270,470,1.35,170,200,370,1.1765,150,150,300,1.0,117,62
930,300,640,290,500,790,1.7241,240,370,610,1.5417,230,330,560,1.4348,210,240,450,1.1429,160,160,320,1.0,130,130,260,1.0,117,62
980,290,660,250,600,850,2.4,230,430,660,1.8696,210,360,570,1.7143,180,280,460,1.5556,150,190,340,1.2667,120,160,280,1.3333,117,62
970,300,670,280,530,810,1.8929,250,420,670,1.68,220,360,580,1.6364,190,240,430,1.2632,160,170,330,1.0625,130,150,280,1.1538,117,62
930,290,650,250,550,800,2.2,230,430,660,1.8696,220,360,580,1.6364,190,220,410,1.1579,160,170,330,1.0625,120,140,260,1.1667,117,62
970,280,660,240,560,800,2.3333,220,410,630,1.8636,210,340,550,1.619,180,240,420,1.3333,150,180,330,1.2,130,130,260,1.0,117,62
950,310,640,270,500,770,1.8519,250,370,620,1.48,240,340,580,1.4167,200,240,440,1.2,170,160,330,0.94118,150,130,280,0.86667,117,62
940,300,650,260,520,780,2.0,240,390,630,1.625,230,340,570,1.4783,200,230,430,1.15,160,160,320,1.0,130,130,260,1.0,117,62
950,290,640,270,550,820,2.037,250,430,680,1.72,230,370,600,1.6087,200,270,470,1.35,160,190,350,1.1875,140,140,280,1.0,117,62
960,310,660,300,580,880,1.9333,250,430,680,1.72,250,360,610,1.44,210,250,460,1.1905,180,160,340,0.88889,140,130,270,0.92857,117,62
940,300,660,250,600,850,2.4,230,410,640,1.7826,220,360,580,1.6364,190,240,430,1.2632,150,180,330,1.2,140,140,280,1.0,117,61
950,280,650,260,520,780,2.0,230,390,620,1.6957,200,340,540,1.7,190,250,440,1.3158,160,170,330,1.0625,130,140,270,1.0769,117,61
960,300,640,270,480,750,1.7778,240,380,620,1.5833,220,320,540,1.4545,200,240,440,1.2,150,170,320,1.1333,140,130,270,0.92857,117,61
950,320,650,260,520,780,2.0,250,390,640,1.56,230,350,580,1.5217,200,230,430,1.15,170,160,330,0.94118,140,120,260,0.85714,117,61
940,300,630,280,510,790,1.8214,250,370,620,1.48,220,330,550,1.5,200,230,430,1.15,170,170,340,1.0,130,120,250,0.92308,117,61
940,320,640,270,610,880,2.2593,240,340,580,1.4167,240,290,530,1.2083,210,200,410,0.95238,160,150,310,0.9375,150,120,270,0.8,117,62
960,300,660,260,570,830,2.1923,240,410,650,1.7083,220,340,560,1.5455,180,240,420,1.3333,150,160,310,1.0667,120,140,260,1.1667,117,62
950,300,650,270,460,730,1.7037,240,340,580,1.4167,230,300,530,1.3043,200,200,400,1.0,160,140,300,0.875,150,130,280,0.86667,117,62
940,300,640,260,650,910,2.5,250,430,680,1.72,220,380,600,1.7273,190,270,460,1.4211,160,180,340,1.125,140,130,270,0.92857,117,62
940,310,650,260,510,770,1.9615,230,370,600,1.6087,220,320,540,1.4545,180,240,420,1.3333,150,160,310,1.0667,130,120,250,0.92308,117,62
950,280,650,250,510,760,2.04,220,410,630,1.8636,200,360,560,1.8,170,250,420,1.4706,140,180,320,1.2857,110,130,240,1.1818,117,62
940,300,650,260,530,790,2.0385,230,380,610,1.6522,230,330,560,1.4348,190,240,430,1.2632,160,170,330,1.0625,130,140,270,1.0769,117,62
940,290,640,280,510,790,1.8214,230,390,620,1.6957,220,340,560,1.5455,200,240,440,1.2,150,180,330,1.2,140,140,280,1.0,117,62
960,300,660,260,600,860,2.3077,230,410,640,1.7826,210,350,560,1.6667,180,250,430,1.3889,150,170,320,1.1333,130,140,270,1.0769,117,62
940,300,650,260,600,860,2.3077,250,400,650,1.6,220,340,560,1.5455,200,230,430,1.15,180,170,350,0.94444,140,120,260,0.85714,117,62
960,290,670,270,510,780,1.8889,240,380,620,1.5833,210,340,550,1.619,180,240,420,1.3333,160,180,340,1.125,130,140,270,1.0769,117,62
950,300,530,260,500,760,1.9231,230,380,610,1.6522,220,310,530,1.4091,200,230,430,1.15,150,160,310,1.0667,140,120,260,0.85714,117,61
940,320,630,280,470,750,1.6786,250,360,610,1.44,230,300,530,1.3043,200,230,430,1.15,170,150,320,0.88235,150,120,270,0.8,117,61
950,310,630,270,490,760,1.8148,260,370,630,1.4231,230,330,560,1.4348,210,240,450,1.1429,160,160,320,1.0,130,140,270,1.0769,117,61
940,320,630,280,500,780,1.7857,250,370,620,1.48,230,320,550,1.3913,200,230,430,1.15,170,150,320,0.88235,130,130,260,1.0,118,62
950,310,650,270,520,790,1.9259,230,390,620,1.6957,220,330,550,1.5,180,230,410,1.2778,150,170,320,1.1333,140,120,260,0.85714,118,62
950,300,640,270,480,750,1.7778,240,360,600,1.5,220,310,530,1.4091,200,210,410,1.05,160,160,320,1.0,140,130,270,0.92857,118,62
940,310,640,270,480,750,1.7778,240,370,610,1.5417,230,300,530,1.3043,190,210,400,1.1053,160,150,310,0.9375,140,120,260,0.85714,118,62
940,300,660,260,530,790,2.0385,230,390,620,1.6957,230,360,590,1.5652,180,270,450,1.5,150,190,340,1.2667,140,150,290,1.0714,118,62
950,280,650,270,500,770,1.8519,240,380,620,1.5833,210,320,530,1.5238,190,240,430,1.2632,160,170,330,1.0625,140,140,280,1.0,118,62
950,300,640,270,650,920,2.4074,240,400,640,1.6667,220,350,570,1.5909,190,240,430,1.2632,160,170,330,1.0625,140,140,280,1.0,118,62
930,310,630,260,490,750,1.8846,250,360,610,1.44,220,300,520,1.3636,200,200,400,1.0,170,150,320,0.88235,140,120,260,0.85714,118,62
940,300,650,270,490,760,1.8148,230,370,600,1.6087,230,320,550,1.3913,190,220,410,1.1579,150,150,300,1.0,140,120,260,0.85714,118,62
960,290,650,260,490,750,1.8846,210,360,570,1.7143,210,320,530,1.5238,170,240,410,1.4118,140,170,310,1.2143,120,140,260,1.1667,118,62
940,310,650,300,480,780,1.6,250,370,620,1.48,230,310,540,1.3478,190,220,410,1.1579,160,160,320,1.0,140,120,260,0.85714,118,62
950,290,640,270,630,900,2.3333,240,420,660,1.75,210,350,560,1.6667,190,250,440,1.3158,150,160,310,1.0667,130,140,270,1.0769,118,62
930,310,630,260,500,760,1.9231,240,360,600,1.5,230,310,540,1.3478,200,230,430,1.15,170,160,330,0.94118,140,120,260,0.85714,118,62
950,300,630,270,480,750,1.7778,230,360,590,1.5652,230,310,540,1.3478,190,230,420,1.2105,150,150,300,1.0,130,120,250,0.92308,118,62
910,320,630,270,480,750,1.7778,240,350,590,1.4583,230,310,540,1.3478,190,220,410,1.1579,160,160,320,1.0,140,110,250,0.78571,118,62
970,280,670,250,530,780,2.12,210,400,610,1.9048,190,330,520,1.7368,160,250,410,1.5625,140,180,320,1.2857,120,160,280,1.3333,118,62
940,310,630,270,520,790,1.9259,240,370,610,1.5417,220,320,540,1.4545,190,230,420,1.2105,160,160,320,1.0,140,110,250,0.78571,118,62
930,310,630,260,500,760,1.9231,230,380,610,1.6522,230,320,550,1.3913,200,210,410,1.05,160,150,310,0.9375,130,120,250,0.92308,117,62
950,300,640,260,500,760,1.9231,230,380,610,1.6522,220,330,550,1.5,190,240,430,1.2632,150,170,320,1.1333,130,140,270,1.0769,117,61
950,310,380,260,390,650,1.5,240,380,620,1.5833,210,320,530,1.5238,190,230,420,1.2105,160,150,310,0.9375,120,140,260,1.1667,118,62
960,290,650,270,520,790,1.9259,230,400,630,1.7391,220,330,550,1.5,190,240,430,1.2632,160,180,340,1.125,130,140,270,1.0769,118,62
910,310,620,260,450,710,1.7308,240,340,580,1.4167,210,290,500,1.381,190,210,400,1.1053,160,150,310,0.9375,140,130,270,0.92857,117,62
930,290,630,260,500,760,1.9231,240,370,610,1.5417,230,310,540,1.3478,190,220,410,1.1579,160,140,300,0.875,140,120,260,0.85714,117,62
940,300,630,250,500,750,2.0,220,380,600,1.7273,210,310,520,1.4762,190,230,420,1.2105,150,170,320,1.1333,120,130,250,1.0833,117,62
940,310,640,270,500,770,1.8519,230,360,590,1.5652,220,320,540,1.4545,180,240,420,1.3333,150,160,310,1.0667,130,120,250,0.92308,117,62
930,300,650,270,490,760,1.8148,240,380,620,1.5833,230,330,560,1.4348,200,230,430,1.15,170,160,330,0.94118,130,130,260,1.0,117,62
970,280,660,250,510,760,2.04,220,380,600,1.7273,220,320,540,1.4545,180,250,430,1.3889,140,180,320,1.2857,130,150,280,1.1538,117,62
920,310,630,290,470,760,1.6207,260,340,600,1.3077,240,290,530,1.2083,200,200,400,1.0,170,140,310,0.8235299999999999,150,110,260,0.73333,117,62
940,290,640,250,540,790,2.16,220,370,590,1.6818,210,320,530,1.5238,180,240,420,1.3333,140,150,290,1.0714,130,120,250,0.92308,117,62
950,300,640,260,500,760,1.9231,230,380,610,1.6522,210,340,550,1.619,180,240,420,1.3333,150,170,320,1.1333,120,140,260,1.1667,117,61
930,310,630,270,500,770,1.8519,240,370,610,1.5417,240,300,540,1.25,190,220,410,1.1579,160,140,300,0.875,150,110,260,0.73333,117,62
950,300,650,250,490,740,1.96,220,380,600,1.7273,210,320,530,1.5238,180,230,410,1.2778,150,170,320,1.1333,130,140,270,1.0769,118,62
930,300,630,260,510,770,1.9615,230,380,610,1.6522,220,310,530,1.4091,200,220,420,1.1,150,160,310,1.0667,140,130,270,0.92857,117,62
920,310,620,270,480,750,1.7778,240,360,600,1.5,220,310,530,1.4091,200,200,400,1.0,170,140,310,0.8235299999999999,140,110,250,0.78571,117,61
960,300,650,260,560,820,2.1538,230,390,620,1.6957,210,350,560,1.6667,180,250,430,1.3889,140,170,310,1.2143,120,140,260,1.1667,117,61
940,310,640,260,500,760,1.9231,240,380,620,1.5833,230,310,540,1.3478,180,230,410,1.2778,150,150,300,1.0,140,120,260,0.85714,117,61
940,300,640,260,480,740,1.8462,240,350,590,1.4583,230,310,540,1.3478,190,220,410,1.1579,160,160,320,1.0,140,130,270,0.92857,117,61
950,300,630,260,540,800,2.0769,220,380,600,1.7273,210,320,530,1.5238,180,230,410,1.2778,150,160,310,1.0667,130,130,260,1.0,117,62
950,320,650,300,500,800,1.6667,260,360,620,1.3846,240,310,550,1.2917,210,230,440,1.0952,180,160,340,0.88889,140,130,270,0.92857,117,62
940,300,640,260,500,760,1.9231,230,360,590,1.5652,210,320,530,1.5238,190,220,410,1.1579,160,150,310,0.9375,130,120,250,0.92308,117,61
930,300,650,270,520,790,1.9259,220,370,590,1.6818,220,310,530,1.4091,180,220,400,1.2222,150,150,300,1.0,140,110,250,0.78571,117,61
950,280,640,250,510,760,2.04,220,380,600,1.7273,200,330,530,1.65,180,240,420,1.3333,150,170,320,1.1333,120,140,260,1.1667,117,61
920,310,640,260,490,750,1.8846,230,360,590,1.5652,230,320,550,1.3913,190,220,410,1.1579,160,160,320,1.0,140,120,260,0.85714,117,61
960,280,650,250,520,770,2.08,220,390,610,1.7727,210,340,550,1.619,180,230,410,1.2778,140,180,320,1.2857,130,150,280,1.1538,117,61
940,310,640,260,500,760,1.9231,230,370,600,1.6087,220,310,530,1.4091,190,210,400,1.1053,170,160,330,0.94118,140,120,260,0.85714,117,61
950,300,660,260,540,800,2.0769,230,380,610,1.6522,210,330,540,1.5714,200,220,420,1.1,160,160,320,1.0,140,130,270,0.92857,117,61
950,290,660,250,490,740,1.96,230,370,600,1.6087,210,320,530,1.5238,190,230,420,1.2105,150,150,300,1.0,130,120,250,0.92308,117,61
940,290,630,260,500,760,1.9231,230,370,600,1.6087,220,320,540,1.4545,200,210,410,1.05,150,150,300,1.0,140,120,260,0.85714,117,61
950,310,640,270,540,810,2.0,240,390,630,1.625,220,330,550,1.5,190,240,430,1.2632,160,160,320,1.0,140,130,270,0.92857,117,61
930,310,640,270,480,750,1.7778,250,350,600,1.4,230,300,530,1.3043,190,220,410,1.1579,160,140,300,0.875,150,110,260,0.73333,117,61
940,290,650,240,490,730,2.0417,230,380,610,1.6522,200,320,520,1.6,170,240,410,1.4118,150,170,320,1.1333,120,140,260,1.1667,116,61
970,290,660,240,570,810,2.375,220,380,600,1.7273,210,330,540,1.5714,180,240,420,1.3333,150,170,320,1.1333,110,150,260,1.3636,116,61
930,310,640,260,510,770,1.9615,230,370,600,1.6087,230,310,540,1.3478,200,220,420,1.1,150,150,300,1.0,140,130,270,0.92857,116,61
940,290,660,250,500,750,2.0,230,370,600,1.6087,220,310,530,1.4091,180,230,410,1.2778,160,150,310,0.9375,130,140,270,1.0769,116,61
950,280,660,260,500,760,1.9231,230,380,610,1.6522,220,320,540,1.4545,190,240,430,1.2632,150,160,310,1.0667,120,140,260,1.1667,117,61
960,290,680,250,500,750,2.0,220,380,600,1.7273,220,330,550,1.5,190,240,430,1.2632,160,170,330,1.0625,140,130,270,0.92857,117,61
960,280,640,290,490,780,1.6897,240,370,610,1.5417,220,320,540,1.4545,190,230,420,1.2105,160,160,320,1.0,130,130,260,1.0,117,61
960,320,650,260,510,770,1.9615,240,370,610,1.5417,230,330,560,1.4348,200,240,440,1.2,160,160,320,1.0,140,130,270,0.92857,116,61
990,300,670,260,510,770,1.9615,230,390,620,1.6957,210,320,530,1.5238,180,230,410,1.2778,150,180,330,1.2,120,150,270,1.25,116,61
950,320,630,280,530,810,1.8929,260,380,640,1.4615,240,330,570,1.375,220,230,450,1.0455,180,160,340,0.88889,140,120,260,0.85714,116,61
970,320,650,290,520,810,1.7931,250,400,650,1.6,240,340,580,1.4167,190,250,440,1.3158,160,170,330,1.0625,130,130,260,1.0,116,61
960,320,650,280,530,810,1.8929,240,400,640,1.6667,240,340,580,1.4167,210,230,440,1.0952,170,160,330,0.94118,140,130,270,0.92857,116,61
950,310,640,280,500,780,1.7857,250,380,630,1.52,230,310,540,1.3478,200,240,440,1.2,170,150,320,0.88235,140,120,260,0.85714,115,60
950,310,630,290,510,800,1.7586,260,380,640,1.4615,230,330,560,1.4348,210,240,450,1.1429,170,170,340,1.0,140,130,270,0.92857,115,60
940,320,630,290,490,780,1.6897,260,410,670,1.5769,250,340,590,1.36,210,230,440,1.0952,180,160,340,0.88889,150,130,280,0.86667,115,60
960,310,630,270,480,750,1.7778,240,360,600,1.5,220,320,540,1.4545,190,230,420,1.2105,160,150,310,0.9375,140,130,270,0.92857,116,61
940,330,590,300,460,760,1.5333,270,350,620,1.2963,240,300,540,1.25,210,210,420,1.0,170,140,310,0.8235299999999999,150,110,260,0.73333,116,61
930,350,650,260,490,750,1.8846,250,370,620,1.48,220,340,560,1.5455,180,250,430,1.3889,170,160,330,0.94118,140,130,270,0.92857,116,61
950,280,660,250,500,750,2.0,220,360,580,1.6364,220,330,550,1.5,190,240,430,1.2632,140,170,310,1.2143,130,130,260,1.0,116,61
960,290,660,250,560,810,2.24,220,400,620,1.8182,210,350,560,1.6667,170,240,410,1.4118,150,180,330,1.2,120,130,250,1.0833,116,61
930,300,640,280,480,760,1.7143,240,370,610,1.5417,220,310,530,1.4091,190,210,400,1.1053,160,140,300,0.875,130,120,250,0.92308,116,61
960,290,650,250,470,720,1.88,220,370,590,1.6818,210,310,520,1.4762,170,230,400,1.3529,150,160,310,1.0667,130,120,250,0.92308,116,61
960,310,650,260,510,770,1.9615,230,380,610,1.6522,220,330,550,1.5,190,220,410,1.1579,160,160,320,1.0,140,130,270,0.92857,117,61
940,310,640,280,460,740,1.6429,250,350,600,1.4,240,280,520,1.1667,210,210,420,1.0,180,150,330,0.8333299999999999,150,130,280,0.86667,116,61
950,300,650,260,480,740,1.8462,230,370,600,1.6087,230,300,530,1.3043,200,230,430,1.15,160,140,300,0.875,140,120,260,0.85714,116,61
940,300,640,270,560,830,2.0741,230,390,620,1.6957,220,340,560,1.5455,190,220,410,1.1579,170,150,320,0.88235,140,120,260,0.85714,116,61
930,300,640,260,480,740,1.8462,230,370,600,1.6087,230,310,540,1.3478,200,220,420,1.1,170,150,320,0.88235,140,130,270,0.92857,116,61
960,290,650,260,490,750,1.8846,220,380,600,1.7273,220,330,550,1.5,170,230,400,1.3529,140,170,310,1.2143,120,140,260,1.1667,116,61
940,310,650,260,500,760,1.9231,240,360,600,1.5,220,310,530,1.4091,200,210,410,1.05,170,160,330,0.94118,140,120,260,0.85714,116,61
960,290,650,270,490,760,1.8148,240,370,610,1.5417,230,320,550,1.3913,200,220,420,1.1,160,170,330,1.0625,140,140,280,1.0,116,61
930,310,640,260,500,760,1.9231,230,380,610,1.6522,210,310,520,1.4762,190,230,420,1.2105,160,160,320,1.0,130,130,260,1.0,115,61
960,290,650,250,500,750,2.0,220,380,600,1.7273,210,330,540,1.5714,170,240,410,1.4118,140,170,310,1.2143,130,140,270,1.0769,115,60
930,310,640,270,550,820,2.037,240,380,620,1.5833,230,320,550,1.3913,190,230,420,1.2105,160,160,320,1.0,140,130,270,0.92857,115,60
910,290,630,250,490,740,1.96,230,370,600,1.6087,210,320,530,1.5238,180,230,410,1.2778,150,170,320,1.1333,130,140,270,1.0769,115,61
980,280,680,250,480,730,1.92,200,370,570,1.85,190,330,520,1.7368,160,230,390,1.4375,120,170,290,1.4167,110,140,250,1.2727,115,60
940,300,650,280,500,780,1.7857,240,380,620,1.5833,220,330,550,1.5,200,240,440,1.2,160,160,320,1.0,140,130,270,0.92857,115,60
960,290,660,280,480,760,1.7143,230,370,600,1.6087,230,300,530,1.3043,190,220,410,1.1579,150,170,320,1.1333,140,140,280,1.0,114,60
930,300,640,260,510,770,1.9615,240,390,630,1.625,220,330,550,1.5,200,230,430,1.15,160,160,320,1.0,130,130,260,1.0,115,60
960,290,660,240,670,910,2.7917,220,440,660,2.0,210,390,600,1.8571,170,250,420,1.4706,130,170,300,1.3077,130,150,280,1.1538,115,60
940,300,630,260,490,750,1.8846,240,370,610,1.5417,220,310,530,1.4091,190,220,410,1.1579,170,150,320,0.88235,130,130,260,1.0,115,60
950,310,650,280,480,760,1.7143,230,380,610,1.6522,230,340,570,1.4783,200,240,440,1.2,150,170,320,1.1333,140,120,260,0.85714,115,60
950,300,650,270,510,780,1.8889,230,370,600,1.6087,220,320,540,1.4545,190,230,420,1.2105,160,160,320,1.0,140,130,270,0.92857,115,60
950,300,650,270,490,760,1.8148,250,360,610,1.44,220,330,550,1.5,190,230,420,1.2105,170,160,330,0.94118,140,130,270,0.92857,114,60
930,300,640,280,490,770,1.75,250,350,600,1.4,230,310,540,1.3478,210,220,430,1.0476,170,150,320,0.88235,140,120,260,0.85714,114,60
940,290,650,260,500,760,1.9231,230,380,610,1.6522,220,330,550,1.5,180,220,400,1.2222,150,160,310,1.0667,130,120,250,0.92308,113,59
940,290,640,270,510,780,1.8889,240,380,620,1.5833,220,330,550,1.5,190,220,410,1.1579,150,160,310,1.0667,140,130,270,0.92857,113,59
920,300,630,260,500,760,1.9231,240,370,610,1.5417,220,310,530,1.4091,190,210,400,1.1053,160,150,310,0.9375,130,130,260,1.0,113,59
950,290,670,260,480,740,1.8462,210,370,580,1.7619,210,330,540,1.5714,170,240,410,1.4118,150,170,320,1.1333,120,140,260,1.1667,113,59
910,280,660,280,510,790,1.8214,240,370,610,1.5417,220,330,550,1.5,200,230,430,1.15,160,180,340,1.125,120,140,260,1.1667,113,59
940,280,640,260,500,760,1.9231,220,370,590,1.6818,210,330,540,1.5714,170,240,410,1.4118,150,160,310,1.0667,120,130,250,1.0833,112,59
950,300,660,250,500,750,2.0,220,390,610,1.7727,220,330,550,1.5,190,240,430,1.2632,160,160,320,1.0,130,130,260,1.0,112,58
940,290,640,260,510,770,1.9615,230,370,600,1.6087,230,320,550,1.3913,190,230,420,1.2105,170,160,330,0.94118,140,130,270,0.92857,112,58
970,300,660,260,490,750,1.8846,230,380,610,1.6522,220,330,550,1.5,190,230,420,1.2105,150,170,320,1.1333,140,140,280,1.0,112,59
960,310,650,270,510,780,1.8889,240,390,630,1.625,220,330,550,1.5,200,240,440,1.2,170,160,330,0.94118,140,130,270,0.92857,112,58
950,310,640,260,480,740,1.8462,230,370,600,1.6087,220,320,540,1.4545,180,220,400,1.2222,160,170,330,1.0625,130,120,250,0.92308,112,58
960,310,650,260,520,780,2.0,250,390,640,1.56,220,340,560,1.5455,190,230,420,1.2105,170,150,320,0.88235,130,130,260,1.0,112,58
950,310,640,260,540,800,2.0769,240,400,640,1.6667,220,340,560,1.5455,200,240,440,1.2,160,160,320,1.0,130,130,260,1.0,112,58
930,310,630,280,550,830,1.9643,230,400,630,1.7391,230,330,560,1.4348,200,240,440,1.2,160,170,330,1.0625,150,130,280,0.86667,112,58
980,300,670,250,550,800,2.2,220,400,620,1.8182,220,350,570,1.5909,180,260,440,1.4444,150,180,330,1.2,130,150,280,1.1538,112,58
950,310,660,290,510,800,1.7586,260,370,630,1.4231,240,310,550,1.2917,210,230,440,1.0952,180,160,340,0.88889,150,110,260,0.73333,112,58
920,290,620,290,480,770,1.6552,260,360,620,1.3846,240,300,540,1.25,200,220,420,1.1,180,150,330,0.8333299999999999,150,120,270,0.8,112,58
940,300,640,260,510,770,1.9615,240,380,620,1.5833,220,320,540,1.4545,190,220,410,1.1579,160,160,320,1.0,140,120,260,0.85714,112,58
950,300,650,260,510,770,1.9615,230,380,610,1.6522,210,330,540,1.5714,190,220,410,1.1579,160,150,310,0.9375,130,120,250,0.92308,112,58
950,300,640,270,500,770,1.8519,230,360,590,1.5652,230,310,540,1.3478,190,230,420,1.2105,150,150,300,1.0,140,120,260,0.85714,112,58
950,310,640,270,500,770,1.8519,240,360,600,1.5,230,310,540,1.3478,200,220,420,1.1,160,150,310,0.9375,140,130,270,0.92857,113,58
960,310,670,270,500,770,1.8519,240,370,610,1.5417,220,330,550,1.5,190,240,430,1.2632,160,170,330,1.0625,130,140,270,1.0769,113,58
980,290,680,280,510,790,1.8214,240,380,620,1.5833,230,330,560,1.4348,200,240,440,1.2,170,180,350,1.0588,140,130,270,0.92857,113,58
940,300,650,260,640,900,2.4615,250,370,620,1.48,230,320,550,1.3913,190,230,420,1.2105,160,160,320,1.0,150,130,280,0.86667,113,58
970,290,660,250,520,770,2.08,240,380,620,1.5833,220,340,560,1.5455,190,240,430,1.2632,150,170,320,1.1333,120,140,260,1.1667,113,58
940,310,640,280,510,790,1.8214,250,380,630,1.52,230,320,550,1.3913,200,230,430,1.15,170,150,320,0.88235,140,120,260,0.85714,113,58
950,300,660,270,530,800,1.963,240,380,620,1.5833,220,320,540,1.4545,190,230,420,1.2105,150,160,310,1.0667,130,120,250,0.92308,113,59
950,290,640,260,500,760,1.9231,230,360,590,1.5652,220,310,530,1.4091,200,230,430,1.15,170,160,330,0.94118,140,130,270,0.92857,113,59
970,310,670,290,500,790,1.7241,260,380,640,1.4615,240,330,570,1.375,210,250,460,1.1905,170,170,340,1.0,140,130,270,0.92857,113,59
930,300,650,260,490,750,1.8846,240,370,610,1.5417,230,320,550,1.3913,200,210,410,1.05,150,150,300,1.0,150,110,260,0.73333,113,58
970,280,660,230,530,760,2.3043,220,400,620,1.8182,200,340,540,1.7,160,250,410,1.5625,150,180,330,1.2,110,140,250,1.2727,113,58
940,310,640,270,500,770,1.8519,230,370,600,1.6087,230,320,550,1.3913,200,210,410,1.05,170,160,330,0.94118,130,130,260,1.0,113,58
950,300,650,260,490,750,1.8846,230,360,590,1.5652,220,310,530,1.4091,180,230,410,1.2778,160,160,320,1.0,140,130,270,0.92857,113,59
940,300,640,260,490,750,1.8846,250,360,610,1.44,230,300,530,1.3043,200,210,410,1.05,170,150,320,0.88235,130,120,250,0.92308,113,59
960,300,660,270,500,770,1.8519,230,380,610,1.6522,220,310,530,1.4091,200,230,430,1.15,160,170,330,1.0625,150,140,290,0.93333,113,59
950,300,630,280,490,770,1.75,240,360,600,1.5,240,300,540,1.25,190,230,420,1.2105,160,150,310,0.9375,150,120,270,0.8,113,59
960,320,660,260,560,820,2.1538,230,370,600,1.6087,220,320,540,1.4545,180,220,400,1.2222,150,160,310,1.0667,140,130,270,0.92857,113,58
930,300,640,260,490,750,1.8846,250,360,610,1.44,220,310,530,1.4091,190,220,410,1.1579,160,160,320,1.0,140,110,250,0.78571,113,58
960,290,660,250,520,770,2.08,230,380,610,1.6522,210,340,550,1.619,190,240,430,1.2632,160,170,330,1.0625,120,140,260,1.1667,113,58
940,300,630,260,510,770,1.9615,230,380,610,1.6522,230,310,540,1.3478,200,220,420,1.1,150,160,310,1.0667,150,130,280,0.86667,113,58
960,310,650,260,510,770,1.9615,230,370,600,1.6087,210,330,540,1.5714,180,230,410,1.2778,150,160,310,1.0667,130,130,260,1.0,113,58
960,310,660,300,480,780,1.6,250,370,620,1.48,240,310,550,1.2917,210,220,430,1.0476,170,160,330,0.94118,140,130,270,0.92857,113,58
950,300,640,260,490,750,1.8846,240,360,600,1.5,220,310,530,1.4091,190,220,410,1.1579,160,150,310,0.9375,130,130,260,1.0,112,58
940,310,630,270,500,770,1.8519,240,370,610,1.5417,240,300,540,1.25,210,210,420,1.0,170,150,320,0.88235,150,110,260,0.73333,112,58
930,310,640,270,500,770,1.8519,250,360,610,1.44,230,310,540,1.3478,200,220,420,1.1,170,150,320,0.88235,140,110,250,0.78571,112,58
940,290,640,260,480,740,1.8462,240,360,600,1.5,210,310,520,1.4762,200,220,420,1.1,160,160,320,1.0,130,130,260,1.0,112,58
580,300,570,250,500,750,2.0,220,360,580,1.6364,210,330,540,1.5714,180,220,400,1.2222,150,170,320,1.1333,130,120,250,0.92308,112,58
960,300,650,260,480,740,1.8462,230,370,600,1.6087,210,320,530,1.5238,190,230,420,1.2105,160,160,320,1.0,140,130,270,0.92857,112,58
940,310,630,280,520,800,1.8571,230,360,590,1.5652,230,300,530,1.3043,190,220,410,1.1579,170,140,310,0.8235299999999999,140,110,250,0.78571,112,58
930,310,630,260,480,740,1.8462,250,370,620,1.48,220,310,530,1.4091,190,220,410,1.1579,160,160,320,1.0,140,120,260,0.85714,112,58
960,300,660,250,490,740,1.96,220,370,590,1.6818,210,310,520,1.4762,190,240,430,1.2632,150,170,320,1.1333,120,140,260,1.1667,112,58
970,300,660,260,500,760,1.9231,220,380,600,1.7273,220,310,530,1.4091,180,240,420,1.3333,150,160,310,1.0667,130,130,260,1.0,112,58
980,310,670,270,510,780,1.8889,250,380,630,1.52,230,320,550,1.3913,200,230,430,1.15,170,170,340,1.0,140,120,260,0.85714,112,58
940,310,640,300,480,780,1.6,250,360,610,1.44,250,310,560,1.24,220,210,430,0.95455,170,150,320,0.88235,150,130,280,0.86667,112,58
980,300,670,250,580,830,2.32,240,430,670,1.7917,230,360,590,1.5652,180,260,440,1.4444,150,180,330,1.2,130,140,270,1.0769,112,58
970,320,640,300,520,820,1.7333,250,400,650,1.6,250,340,590,1.36,210,240,450,1.1429,160,160,320,1.0,120,130,250,1.0833,112,58
960,330,630,280,510,790,1.8214,250,390,640,1.56,250,350,600,1.4,220,240,460,1.0909,160,160,320,1.0,150,130,280,0.86667,112,58
940,330,630,290,500,790,1.7241,250,380,630,1.52,240,330,570,1.375,210,220,430,1.0476,180,160,340,0.88889,150,120,270,0.8,112,58
930,310,640,280,480,760,1.7143,240,360,600,1.5,240,320,560,1.3333,200,230,430,1.15,160,150,310,0.9375,150,130,280,0.86667,112,58
960,290,650,260,540,800,2.0769,230,380,610,1.6522,230,330,560,1.4348,200,230,430,1.15,160,170,330,1.0625,120,140,260,1.1667,113,58
950,310,640,280,480,760,1.7143,250,360,610,1.44,240,300,540,1.25,210,220,430,1.0476,160,150,310,0.9375,150,130,280,0.86667,113,58
940,310,650,300,490,790,1.6333,250,370,620,1.48,230,320,550,1.3913,200,230,430,1.15,170,150,320,0.88235,150,120,270,0.8,113,58
960,290,670,250,510,760,2.04,220,390,610,1.7727,210,330,540,1.5714,180,250,430,1.3889,150,170,320,1.1333,130,140,270,1.0769,113,58
960,290,650,270,500,770,1.8519,230,370,600,1.6087,220,320,540,1.4545,190,220,410,1.1579,160,170,330,1.0625,130,130,260,1.0,113,58
960,310,650,290,590,880,2.0345,250,400,650,1.6,230,340,570,1.4783,210,230,440,1.0952,170,160,330,0.94118,150,130,280,0.86667,113,58
930,310,630,270,490,760,1.8148,260,360,620,1.3846,230,300,530,1.3043,200,210,410,1.05,170,150,320,0.88235,150,110,260,0.73333,113,59
970,300,660,260,500,760,1.9231,230,360,590,1.5652,220,320,540,1.4545,180,240,420,1.3333,150,150,300,1.0,140,140,280,1.0,113,59
960,310,670,270,520,790,1.9259,230,390,620,1.6957,220,320,540,1.4545,190,230,420,1.2105,150,170,320,1.1333,130,140,270,1.0769,113,58
970,290,670,250,510,760,2.04,220,390,610,1.7727,210,340,550,1.619,190,240,430,1.2632,160,190,350,1.1875,130,150,280,1.1538,113,58
970,300,660,260,510,770,1.9615,240,380,620,1.5833,210,330,540,1.5714,180,230,410,1.2778,160,170,330,1.0625,140,140,280,1.0,113,58
960,310,640,280,560,840,2.0,250,400,650,1.6,220,350,570,1.5909,200,240,440,1.2,160,170,330,1.0625,150,130,280,0.86667,112,58
960,320,640,280,500,780,1.7857,250,360,610,1.44,230,310,540,1.3478,200,220,420,1.1,170,150,320,0.88235,140,120,260,0.85714,112,58
950,320,640,290,460,750,1.5862,260,350,610,1.3462,250,300,550,1.2,200,210,410,1.05,170,150,320,0.88235,150,130,280,0.86667,112,58
950,310,640,280,500,780,1.7857,250,380,630,1.52,220,320,540,1.4545,200,230,430,1.15,160,150,310,0.9375,140,120,260,0.85714,112,58
970,310,660,290,500,790,1.7241,250,390,640,1.56,230,340,570,1.4783,190,240,430,1.2632,150,180,330,1.2,140,150,290,1.0714,112,58
950,310,650,270,500,770,1.8519,240,380,620,1.5833,230,320,550,1.3913,210,210,420,1.0,170,150,320,0.88235,150,130,280,0.86667,112,58
950,300,650,280,520,800,1.8571,230,360,590,1.5652,230,300,530,1.3043,190,210,400,1.1053,160,140,300,0.875,140,120,260,0.85714,112,58
940,300,640,270,480,750,1.7778,250,370,620,1.48,220,320,540,1.4545,210,210,420,1.0,160,160,320,1.0,150,110,260,0.73333,112,58
950,300,650,260,500,760,1.9231,240,380,620,1.5833,210,320,530,1.5238,190,230,420,1.2105,160,160,320,1.0,130,130,260,1.0,112,58
950,300,660,250,500,750,2.0,240,360,600,1.5,220,310,530,1.4091,200,220,420,1.1,150,160,310,1.0667,140,140,280,1.0,112,58
980,290,670,270,520,790,1.9259,240,390,630,1.625,220,330,550,1.5,190,240,430,1.2632,160,160,320,1.0,130,130,260,1.0,112,58
950,300,650,270,490,760,1.8148,230,370,600,1.6087,230,320,550,1.3913,180,220,400,1.2222,150,150,300,1.0,130,120,250,0.92308,112,58
900,300,640,260,490,750,1.8846,240,370,610,1.5417,230,310,540,1.3478,190,210,400,1.1053,170,150,320,0.88235,140,120,260,0.85714,112,58
950,300,630,260,470,730,1.8077,240,360,600,1.5,230,300,530,1.3043,200,210,410,1.05,170,160,330,0.94118,150,110,260,0.73333,112,58
940,320,650,290,510,800,1.7586,250,380,630,1.52,240,330,570,1.375,210,220,430,1.0476,170,150,320,0.88235,140,120,260,0.85714,112,58
940,290,650,250,490,740,1.96,220,380,600,1.7273,220,310,530,1.4091,190,220,410,1.1579,160,160,320,1.0,130,150,280,1.1538,112,58
940,290,650,250,500,750,2.0,230,360,590,1.5652,210,330,540,1.5714,190,220,410,1.1579,150,160,310,1.0667,140,140,280,1.0,111,58
940,290,650,250,510,760,2.04,220,380,600,1.7273,220,320,540,1.4545,180,220,400,1.2222,160,160,320,1.0,130,140,270,1.0769,111,57
950,290,640,260,510,770,1.9615,220,370,590,1.6818,210,320,530,1.5238,180,230,410,1.2778,160,170,330,1.0625,140,120,260,0.85714,111,58
940,310,650,260,500,760,1.9231,240,380,620,1.5833,230,320,550,1.3913,200,220,420,1.1,170,160,330,0.94118,140,130,270,0.92857,111,58
950,290,660,260,490,750,1.8846,220,370,590,1.6818,220,310,530,1.4091,180,230,410,1.2778,160,160,320,1.0,130,130,260,1.0,112,58
950,290,650,280,490,770,1.75,250,370,620,1.48,220,320,540,1.4545,190,220,410,1.1579,160,160,320,1.0,130,130,260,1.0,111,58
930,300,640,250,540,790,2.16,240,390,630,1.625,210,330,540,1.5714,180,230,410,1.2778,160,170,330,1.0625,130,130,260,1.0,111,58
950,290,640,250,510,760,2.04,220,380,600,1.7273,220,320,540,1.4545,170,240,410,1.4118,140,160,300,1.1429,130,140,270,1.0769,111,58
940,310,650,260,490,750,1.8846,240,370,610,1.5417,220,310,530,1.4091,180,230,410,1.2778,150,160,310,1.0667,140,130,270,0.92857,111,58
950,290,650,270,510,780,1.8889,220,370,590,1.6818,220,320,540,1.4545,190,240,430,1.2632,150,160,310,1.0667,130,130,260,1.0,111,58
970,300,660,260,480,740,1.8462,230,370,600,1.6087,220,320,540,1.4545,190,210,400,1.1053,170,160,330,0.94118,140,130,270,0.92857,112,58
960,310,660,300,500,800,1.6667,260,370,630,1.4231,230,320,550,1.3913,200,220,420,1.1,180,150,330,0.8333299999999999,150,120,270,0.8,112,58
960,300,650,260,560,820,2.1538,240,410,650,1.7083,220,360,580,1.6364,180,240,420,1.3333,150,160,310,1.0667,130,140,270,1.0769,112,58
950,310,650,260,520,780,2.0,230,370,600,1.6087,230,320,550,1.3913,200,230,430,1.15,170,150,320,0.88235,140,130,270,0.92857,112,58
950,300,650,270,530,800,1.963,240,380,620,1.5833,220,330,550,1.5,190,230,420,1.2105,160,160,320,1.0,140,130,270,0.92857,112,58
940,300,640,260,520,780,2.0,240,380,620,1.5833,220,330,550,1.5,200,230,430,1.15,170,150,320,0.88235,140,120,260,0.85714,112,58
960,300,660,270,540,810,2.0,240,400,640,1.6667,230,340,570,1.4783,180,240,420,1.3333,160,170,330,1.0625,140,140,280,1.0,112,58
930,300,640,270,490,760,1.8148,230,360,590,1.5652,230,330,560,1.4348,180,230,410,1.2778,150,170,320,1.1333,130,140,270,1.0769,112,58
940,290,650,280,500,780,1.7857,240,380,620,1.5833,220,310,530,1.4091,200,230,430,1.15,150,170,320,1.1333,130,140,270,1.0769,112,58
940,290,640,260,500,760,1.9231,230,360,590,1.5652,210,330,540,1.5714,190,230,420,1.2105,160,160,320,1.0,130,130,260,1.0,112,58
950,300,650,260,510,770,1.9615,220,390,610,1.7727,210,330,540,1.5714,180,240,420,1.3333,150,180,330,1.2,130,150,280,1.1538,112,58
950,300,650,260,490,750,1.8846,230,370,600,1.6087,230,320,550,1.3913,180,240,420,1.3333,140,160,300,1.1429,130,120,250,0.92308,112,58
950,300,650,260,500,760,1.9231,240,370,610,1.5417,230,320,550,1.3913,190,210,400,1.1053,170,150,320,0.88235,140,120,260,0.85714,112,58
940,300,630,270,480,750,1.7778,240,340,580,1.4167,240,300,540,1.25,210,200,410,0.95238,160,140,300,0.875,140,110,250,0.78571,113,58
950,310,650,290,500,790,1.7241,240,360,600,1.5,230,320,550,1.3913,190,230,420,1.2105,160,160,320,1.0,150,130,280,0.86667,113,58
950,300,650,250,540,790,2.16,230,390,620,1.6957,220,340,560,1.5455,190,220,410,1.1579,150,150,300,1.0,130,120,250,0.92308,113,58
940,300,640,280,480,760,1.7143,250,360,610,1.44,230,300,530,1.3043,200,220,420,1.1,160,140,300,0.875,150,110,260,0.73333,112,58
920,300,630,270,470,740,1.7407,240,350,590,1.4583,230,310,540,1.3478,200,210,410,1.05,170,150,320,0.88235,140,120,260,0.85714,112,58
950,290,650,260,520,780,2.0,230,390,620,1.6957,210,330,540,1.5714,190,240,430,1.2632,140,160,300,1.1429,130,140,270,1.0769,113,58
940,300,640,250,510,760,2.04,220,360,580,1.6364,210,320,530,1.5238,180,220,400,1.2222,160,170,330,1.0625,140,130,270,0.92857,112,58
970,300,680,260,520,780,2.0,230,390,620,1.6957,230,340,570,1.4783,180,240,420,1.3333,150,170,320,1.1333,140,140,280,1.0,112,58
930,290,630,260,500,760,1.9231,230,370,600,1.6087,210,320,530,1.5238,180,230,410,1.2778,150,170,320,1.1333,130,140,270,1.0769,112,58
940,300,660,260,510,770,1.9615,230,380,610,1.6522,220,320,540,1.4545,170,230,400,1.3529,150,160,310,1.0667,140,140,280,1.0,112,58
950,280,650,260,510,770,1.9615,220,390,610,1.7727,220,320,540,1.4545,190,230,420,1.2105,160,160,320,1.0,130,140,270,1.0769,112,58
950,300,650,270,500,770,1.8519,240,360,600,1.5,220,310,530,1.4091,180,220,400,1.2222,150,150,300,1.0,140,120,260,0.85714,112,58
940,300,640,280,470,750,1.6786,250,350,600,1.4,230,300,530,1.3043,200,210,410,1.05,170,150,320,0.88235,140,120,260,0.85714,112,58
960,300,670,270,510,780,1.8889,240,380,620,1.5833,220,320,540,1.4545,190,230,420,1.2105,150,150,300,1.0,130,120,250,0.92308,112,58
940,290,640,270,500,770,1.8519,240,360,600,1.5,220,310,530,1.4091,190,220,410,1.1579,160,160,320,1.0,130,140,270,1.0769,112,58
690,300,670,260,570,830,2.1923,230,420,650,1.8261,210,370,580,1.7619,180,240,420,1.3333,140,170,310,1.2143,130,140,270,1.0769,112,58
940,320,640,280,530,810,1.8929,260,390,650,1.5,230,320,550,1.3913,200,220,420,1.1,170,150,320,0.88235,150,120,270,0.8,112,58
950,300,640,270,540,810,2.0,250,390,640,1.56,220,340,560,1.5455,210,220,430,1.0476,170,170,340,1.0,140,130,270,0.92857,112,58
960,310,660,270,540,810,2.0,240,400,640,1.6667,230,330,560,1.4348,200,230,430,1.15,160,160,320,1.0,150,130,280,0.86667,112,58
970,320,650,270,560,830,2.0741,250,390,640,1.56,240,340,580,1.4167,210,240,450,1.1429,160,160,320,1.0,150,130,280,0.86667,113,58
960,320,640,300,510,810,1.7,270,390,660,1.4444,230,340,570,1.4783,200,220,420,1.1,160,160,320,1.0,110,120,230,1.0909,113,58
970,320,670,270,550,820,2.037,240,420,660,1.75,220,350,570,1.5909,200,250,450,1.25,160,190,350,1.1875,140,140,280,1.0,113,58
970,300,660,280,510,790,1.8214,240,380,620,1.5833,240,340,580,1.4167,210,220,430,1.0476,160,160,320,1.0,130,120,250,0.92308,113,58
950,310,650,280,510,790,1.8214,250,380,630,1.52,230,330,560,1.4348,200,250,450,1.25,160,170,330,1.0625,130,130,260,1.0,113,58
970,300,670,270,510,780,1.8889,240,370,610,1.5417,230,330,560,1.4348,200,240,440,1.2,150,180,330,1.2,120,150,270,1.25,113,58
980,300,660,260,520,780,2.0,250,390,640,1.56,220,330,550,1.5,190,250,440,1.3158,150,170,320,1.1333,140,140,280,1.0,114,58
980,310,660,280,550,830,1.9643,250,430,680,1.72,230,380,610,1.6522,200,280,480,1.4,170,190,360,1.1176,130,160,290,1.2308,116,59
960,310,650,290,520,810,1.7931,270,390,660,1.4444,250,350,600,1.4,200,240,440,1.2,170,170,340,1.0,140,140,280,1.0,117,59
950,310,640,280,610,890,2.1786,250,430,680,1.72,250,360,610,1.44,210,270,480,1.2857,170,180,350,1.0588,150,130,280,0.86667,117,60
980,310,660,270,520,790,1.9259,250,390,640,1.56,230,330,560,1.4348,200,240,440,1.2,170,170,340,1.0,140,130,270,0.92857,117,60
960,320,660,290,500,790,1.7241,260,380,640,1.4615,240,320,560,1.3333,210,230,440,1.0952,170,160,330,0.94118,150,130,280,0.86667,117,60
940,300,630,270,490,760,1.8148,240,380,620,1.5833,240,320,560,1.3333,190,230,420,1.2105,160,160,320,1.0,140,130,270,0.92857,117,60
950,310,650,260,590,850,2.2692,250,430,680,1.72,220,370,590,1.6818,200,270,470,1.35,150,160,310,1.0667,140,130,270,0.92857,117,60
960,300,650,270,500,770,1.8519,240,380,620,1.5833,220,320,540,1.4545,190,240,430,1.2632,160,170,330,1.0625,130,130,260,1.0,117,60
950,310,640,270,500,770,1.8519,250,380,630,1.52,230,330,560,1.4348,210,230,440,1.0952,160,160,320,1.0,150,130,280,0.86667,117,60
960,310,620,270,490,760,1.8148,240,370,610,1.5417,240,310,550,1.2917,190,230,420,1.2105,160,150,310,0.9375,140,110,250,0.78571,117,60
960,300,650,260,490,750,1.8846,230,370,600,1.6087,210,330,540,1.5714,190,230,420,1.2105,160,160,320,1.0,140,140,280,1.0,117,60
950,310,620,270,480,750,1.7778,250,370,620,1.48,220,320,540,1.4545,190,210,400,1.1053,170,160,330,0.94118,140,120,260,0.85714,117,60
950,330,650,280,520,800,1.8571,250,370,620,1.48,230,330,560,1.4348,210,220,430,1.0476,160,150,310,0.9375,140,120,260,0.85714,117,60
940,300,630,270,520,790,1.9259,240,390,630,1.625,220,330,550,1.5,190,220,410,1.1579,150,160,310,1.0667,140,130,270,0.92857,117,60
980,310,660,250,610,860,2.44,230,420,650,1.8261,210,360,570,1.7143,180,260,440,1.4444,160,190,350,1.1875,130,140,270,1.0769,117,60
950,300,640,260,530,790,2.0385,230,390,620,1.6957,220,340,560,1.5455,200,250,450,1.25,150,190,340,1.2667,120,150,270,1.25,116,59
950,310,630,270,510,780,1.8889,230,380,610,1.6522,230,330,560,1.4348,180,240,420,1.3333,150,160,310,1.0667,140,140,280,1.0,116,59
930,320,630,270,500,770,1.8519,250,380,630,1.52,240,330,570,1.375,210,220,430,1.0476,160,170,330,1.0625,130,130,260,1.0,116,59
960,300,630,270,490,760,1.8148,230,360,590,1.5652,220,320,540,1.4545,180,240,420,1.3333,150,160,310,1.0667,130,140,270,1.0769,117,60
950,330,630,280,490,770,1.75,250,360,610,1.44,230,310,540,1.3478,200,210,410,1.05,170,160,330,0.94118,150,110,260,0.73333,117,60
950,320,640,290,480,770,1.6552,250,370,620,1.48,250,320,570,1.28,220,220,440,1.0,170,160,330,0.94118,140,120,260,0.85714,118,60
920,310,630,280,470,750,1.6786,250,350,600,1.4,230,300,530,1.3043,200,220,420,1.1,170,150,320,0.88235,150,120,270,0.8,118,60
930,290,620,250,490,740,1.96,240,380,620,1.5833,220,320,540,1.4545,180,230,410,1.2778,160,160,320,1.0,120,140,260,1.1667,118,60
950,310,650,270,600,870,2.2222,240,420,660,1.75,210,370,580,1.7619,190,260,450,1.3684,140,180,320,1.2857,130,150,280,1.1538,118,60
940,300,640,260,490,750,1.8846,230,360,590,1.5652,230,300,530,1.3043,200,220,420,1.1,160,160,320,1.0,130,130,260,1.0,118,60
950,300,630,260,480,740,1.8462,230,350,580,1.5217,230,310,540,1.3478,190,230,420,1.2105,160,160,320,1.0,140,130,270,0.92857,118,60
940,320,630,280,480,760,1.7143,260,370,630,1.4231,230,310,540,1.3478,210,220,430,1.0476,180,160,340,0.88889,140,130,270,0.92857,118,60
930,310,630,280,480,760,1.7143,230,350,580,1.5217,220,310,530,1.4091,190,210,400,1.1053,150,150,300,1.0,140,120,260,0.85714,118,60
940,300,640,260,480,740,1.8462,240,370,610,1.5417,220,320,540,1.4545,200,210,410,1.05,170,160,330,0.94118,140,130,270,0.92857,117,60
920,300,630,260,500,760,1.9231,230,380,610,1.6522,220,320,540,1.4545,200,230,430,1.15,170,160,330,0.94118,140,120,260,0.85714,117,60
950,290,640,260,500,760,1.9231,230,370,600,1.6087,220,320,540,1.4545,180,230,410,1.2778,150,160,310,1.0667,120,130,250,1.0833,117,60
940,310,630,270,490,760,1.8148,240,370,610,1.5417,220,320,540,1.4545,190,210,400,1.1053,170,160,330,0.94118,140,130,270,0.92857,117,60
940,310,650,280,500,780,1.7857,230,370,600,1.6087,230,300,530,1.3043,190,220,410,1.1579,160,160,320,1.0,140,130,270,0.92857,117,60
950,290,650,300,500,800,1.6667,250,380,630,1.52,230,330,560,1.4348,200,240,440,1.2,160,170,330,1.0625,150,130,280,0.86667,116,60
920,300,610,290,470,760,1.6207,250,360,610,1.44,230,300,530,1.3043,200,220,420,1.1,160,150,310,0.9375,150,120,270,0.8,116,60
950,310,640,270,500,770,1.8519,240,380,620,1.5833,220,330,550,1.5,190,240,430,1.2632,150,160,310,1.0667,130,130,260,1.0,116,59
940,320,620,300,480,780,1.6,260,350,610,1.3462,240,310,550,1.2917,210,260,470,1.2381,160,180,340,1.125,140,140,280,1.0,116,59
940,300,620,280,500,780,1.7857,240,390,630,1.625,240,340,580,1.4167,210,250,460,1.1905,170,170,340,1.0,130,130,260,1.0,118,60
900,320,600,280,460,740,1.6429,260,340,600,1.3077,230,310,540,1.3478,200,220,420,1.1,170,160,330,0.94118,140,110,250,0.78571,118,60
930,300,620,280,480,760,1.7143,240,360,600,1.5,240,320,560,1.3333,210,230,440,1.0952,160,170,330,1.0625,140,130,270,0.92857,118,60
920,310,620,270,490,760,1.8148,250,360,610,1.44,220,320,540,1.4545,200,220,420,1.1,160,150,310,0.9375,140,130,270,0.92857,118,60
930,300,630,250,510,760,2.04,230,380,610,1.6522,210,320,530,1.5238,170,240,410,1.4118,150,170,320,1.1333,120,120,240,1.0,118,61
930,300,630,270,500,770,1.8519,230,380,610,1.6522,230,320,550,1.3913,180,220,400,1.2222,160,160,320,1.0,140,130,270,0.92857,118,61
950,300,630,250,480,730,1.92,230,350,580,1.5217,210,310,520,1.4762,180,210,390,1.1667,150,140,290,0.93333,120,130,250,1.0833,118,61
950,320,630,290,480,770,1.6552,240,360,600,1.5,220,320,540,1.4545,190,230,420,1.2105,160,160,320,1.0,140,120,260,0.85714,118,61
920,320,630,270,540,810,2.0,240,380,620,1.5833,230,320,550,1.3913,190,220,410,1.1579,170,160,330,0.94118,130,130,260,1.0,118,60
950,290,640,260,500,760,1.9231,230,380,610,1.6522,220,330,550,1.5,170,230,400,1.3529,150,170,320,1.1333,140,140,280,1.0,118,60
930,310,630,270,500,770,1.8519,240,360,600,1.5,220,300,520,1.3636,210,210,420,1.0,160,150,310,0.9375,130,120,250,0.92308,118,60
940,300,620,270,480,750,1.7778,240,370,610,1.5417,220,310,530,1.4091,190,210,400,1.1053,160,160,320,1.0,130,130,260,1.0,118,60
940,300,650,270,490,760,1.8148,240,360,600,1.5,210,330,540,1.5714,190,230,420,1.2105,160,170,330,1.0625,140,140,280,1.0,117,60
940,290,630,270,530,800,1.963,230,390,620,1.6957,230,330,560,1.4348,190,230,420,1.2105,160,170,330,1.0625,130,140,270,1.0769,117,60
980,310,650,260,550,810,2.1154,250,400,650,1.6,220,350,570,1.5909,190,240,430,1.2632,160,180,340,1.125,140,130,270,0.92857,117,60
900,330,610,300,580,880,1.9333,270,410,680,1.5185,250,340,590,1.36,210,240,450,1.1429,160,150,310,0.9375,130,120,250,0.92308,117,60
930,320,620,300,490,790,1.6333,270,370,640,1.3704,240,320,560,1.3333,220,260,480,1.1818,170,170,340,1.0,140,140,280,1.0,118,60
930,310,630,280,500,780,1.7857,240,380,620,1.5833,240,340,580,1.4167,210,250,460,1.1905,170,180,350,1.0588,140,140,280,1.0,119,60
950,300,630,260,480,740,1.8462,250,380,630,1.52,220,330,550,1.5,190,240,430,1.2632,160,160,320,1.0,140,130,270,0.92857,120,61
920,320,620,290,490,780,1.6897,240,360,600,1.5,240,320,560,1.3333,200,220,420,1.1,170,150,320,0.88235,140,120,260,0.85714,120,61
960,300,650,260,490,750,1.8846,240,380,620,1.5833,220,320,540,1.4545,190,230,420,1.2105,160,170,330,1.0625,130,140,270,1.0769,120,61
950,310,640,280,500,780,1.7857,260,380,640,1.4615,240,320,560,1.3333,200,230,430,1.15,160,150,310,0.9375,140,120,260,0.85714,121,61
930,310,630,280,480,760,1.7143,250,350,600,1.4,230,310,540,1.3478,190,220,410,1.1579,150,140,290,0.93333,140,130,270,0.92857,121,62
940,300,640,260,540,800,2.0769,240,390,630,1.625,220,340,560,1.5455,180,240,420,1.3333,150,170,320,1.1333,130,140,270,1.0769,121,62
940,300,640,270,490,760,1.8148,230,380,610,1.6522,220,310,530,1.4091,190,230,420,1.2105,150,160,310,1.0667,130,130,260,1.0,121,62
940,300,640,260,520,780,2.0,240,370,610,1.5417,210,330,540,1.5714,190,240,430,1.2632,160,170,330,1.0625,130,140,270,1.0769,121,62
970,300,650,260,510,770,1.9615,240,370,610,1.5417,220,310,530,1.4091,190,220,410,1.1579,160,160,320,1.0,130,120,250,0.92308,121,62
950,320,650,280,500,780,1.7857,250,350,600,1.4,230,310,540,1.3478,200,210,410,1.05,170,160,330,0.94118,150,130,280,0.86667,121,62
940,300,640,280,480,760,1.7143,250,360,610,1.44,220,300,520,1.3636,190,220,410,1.1579,160,150,310,0.9375,140,130,270,0.92857,120,61
940,300,650,260,540,800,2.0769,240,390,630,1.625,230,320,550,1.3913,200,230,430,1.15,170,150,320,0.88235,140,130,270,0.92857,120,61
930,290,630,260,500,760,1.9231,240,370,610,1.5417,230,320,550,1.3913,180,220,400,1.2222,160,150,310,0.9375,130,120,250,0.92308,119,61
960,300,650,250,510,760,2.04,220,380,600,1.7273,220,330,550,1.5,170,240,410,1.4118,140,180,320,1.2857,130,150,280,1.1538,119,61
940,310,630,270,490,760,1.8148,240,350,590,1.4583,240,310,550,1.2917,200,230,430,1.15,170,160,330,0.94118,150,130,280,0.86667,119,61
940,310,640,270,490,760,1.8148,240,350,590,1.4583,240,310,550,1.2917,190,230,420,1.2105,170,170,340,1.0,140,120,260,0.85714,118,60
930,300,640,270,490,760,1.8148,230,370,600,1.6087,220,300,520,1.3636,190,220,410,1.1579,160,150,310,0.9375,130,120,250,0.92308,118,60
950,290,650,240,500,740,2.0833,220,380,600,1.7273,210,330,540,1.5714,170,230,400,1.3529,140,170,310,1.2143,120,130,250,1.0833,118,60
940,300,640,260,530,790,2.0385,230,390,620,1.6957,220,330,550,1.5,200,220,420,1.1,150,170,320,1.1333,130,140,270,1.0769,118,60
930,300,630,260,490,750,1.8846,230,370,600,1.6087,230,320,550,1.3913,200,220,420,1.1,150,160,310,1.0667,130,130,260,1.0,118,60
940,300,640,270,480,750,1.7778,240,350,590,1.4583,220,320,540,1.4545,190,230,420,1.2105,160,160,320,1.0,140,120,260,0.85714,118,60
930,300,650,260,490,750,1.8846,240,360,600,1.5,230,310,540,1.3478,200,220,420,1.1,170,160,330,0.94118,140,120,260,0.85714,118,60
960,280,660,260,500,760,1.9231,230,380,610,1.6522,210,330,540,1.5714,190,240,430,1.2632,160,190,350,1.1875,130,150,280,1.1538,118,60
950,300,640,260,490,750,1.8846,220,370,590,1.6818,210,310,520,1.4762,180,220,400,1.2222,150,160,310,1.0667,140,130,270,0.92857,117,60
930,310,640,280,530,810,1.8929,250,360,610,1.44,240,300,540,1.25,200,220,420,1.1,160,150,310,0.9375,150,120,270,0.8,117,60
950,290,640,270,480,750,1.7778,240,370,610,1.5417,210,320,530,1.5238,190,230,420,1.2105,160,150,310,0.9375,130,120,250,0.92308,117,60
920,310,610,270,490,760,1.8148,240,360,600,1.5,240,300,540,1.25,210,220,430,1.0476,160,140,300,0.875,150,110,260,0.73333,117,60
960,310,650,260,530,790,2.0385,230,380,610,1.6522,210,340,550,1.619,180,240,420,1.3333,150,180,330,1.2,120,130,250,1.0833,117,60
950,310,650,270,490,760,1.8148,250,380,630,1.52,220,320,540,1.4545,190,230,420,1.2105,160,170,330,1.0625,130,140,270,1.0769,117,60
950,300,650,270,500,770,1.8519,240,370,610,1.5417,220,330,550,1.5,190,240,430,1.2632,160,170,330,1.0625,130,140,270,1.0769,117,60
930,300,630,260,490,750,1.8846,230,360,590,1.5652,220,320,540,1.4545,190,230,420,1.2105,150,160,310,1.0667,130,130,260,1.0,117,60
880,300,650,260,510,770,1.9615,240,380,620,1.5833,220,330,550,1.5,180,240,420,1.3333,160,160,320,1.0,130,130,260,1.0,117,60
950,300,630,260,480,740,1.8462,240,350,590,1.4583,220,300,520,1.3636,190,220,410,1.1579,150,140,290,0.93333,130,120,250,0.92308,118,60
950,320,640,280,480,760,1.7143,240,350,590,1.4583,220,310,530,1.4091,190,210,400,1.1053,160,160,320,1.0,150,120,270,0.8,118,60
950,300,640,280,500,780,1.7857,240,360,600,1.5,220,310,530,1.4091,190,220,410,1.1579,160,160,320,1.0,130,140,270,1.0769,118,60
950,310,640,270,550,820,2.037,240,410,650,1.7083,230,350,580,1.5217,210,240,450,1.1429,170,180,350,1.0588,130,130,260,1.0,118,60
950,310,620,290,580,870,2.0,260,410,670,1.5769,250,350,600,1.4,210,260,470,1.2381,160,180,340,1.125,150,130,280,0.86667,118,60
950,330,630,290,500,790,1.7241,250,390,640,1.56,240,340,580,1.4167,210,260,470,1.2381,170,180,350,1.0588,140,130,270,0.92857,118,60
900,320,620,290,500,790,1.7241,260,390,650,1.5,230,320,550,1.3913,190,240,430,1.2632,150,170,320,1.1333,130,130,260,1.0,118,60
960,280,670,250,530,780,2.12,210,400,610,1.9048,190,360,550,1.8947,170,260,430,1.5294,140,200,340,1.4286,110,170,280,1.5455,119,60
950,290,640,270,500,770,1.8519,230,380,610,1.6522,220,320,540,1.4545,190,240,430,1.2632,160,170,330,1.0625,130,150,280,1.1538,119,61
940,310,630,270,500,770,1.8519,240,360,600,1.5,220,310,530,1.4091,190,210,400,1.1053,160,150,310,0.9375,140,120,260,0.85714,120,61
950,310,650,260,470,730,1.8077,250,360,610,1.44,220,310,530,1.4091,190,220,410,1.1579,160,160,320,1.0,130,140,270,1.0769,120,61
940,300,630,280,490,770,1.75,240,370,610,1.5417,240,320,560,1.3333,190,230,420,1.2105,160,160,320,1.0,140,130,270,0.92857,120,61
940,310,640,250,490,740,1.96,230,370,600,1.6087,210,320,530,1.5238,180,220,400,1.2222,150,160,310,1.0667,140,120,260,0.85714,120,61
940,300,640,260,560,820,2.1538,240,360,600,1.5,220,300,520,1.3636,190,220,410,1.1579,160,150,310,0.9375,140,120,260,0.85714,120,61
950,300,640,260,490,750,1.8846,230,360,590,1.5652,210,330,540,1.5714,180,220,400,1.2222,150,160,310,1.0667,130,120,250,0.92308,120,61
930,310,630,270,500,770,1.8519,250,350,600,1.4,230,310,540,1.3478,200,210,410,1.05,170,150,320,0.88235,150,110,260,0.73333,120,61
950,300,650,260,490,750,1.8846,230,370,600,1.6087,230,310,540,1.3478,200,230,430,1.15,150,170,320,1.1333,130,130,260,1.0,120,61
950,300,650,290,500,790,1.7241,250,380,630,1.52,230,310,540,1.3478,200,220,420,1.1,170,170,340,1.0,140,140,280,1.0,120,61
940,300,640,260,490,750,1.8846,240,370,610,1.5417,210,310,520,1.4762,200,240,440,1.2,160,180,340,1.125,130,140,270,1.0769,120,61
970,300,640,260,490,750,1.8846,230,370,600,1.6087,210,320,530,1.5238,190,230,420,1.2105,160,160,320,1.0,130,130,260,1.0,120,61
920,330,610,290,510,800,1.7586,270,360,630,1.3333,240,320,560,1.3333,220,210,430,0.95455,190,140,330,0.7368399999999999,150,110,260,0.73333,119,61
940,310,640,260,530,790,2.0385,240,390,630,1.625,220,340,560,1.5455,190,230,420,1.2105,150,160,310,1.0667,150,130,280,0.86667,119,61
950,300,630,280,510,790,1.8214,250,380,630,1.52,220,330,550,1.5,200,240,440,1.2,160,160,320,1.0,140,130,270,0.92857,120,61
950,320,640,270,530,800,1.963,240,380,620,1.5833,240,320,560,1.3333,190,230,420,1.2105,160,160,320,1.0,150,130,280,0.86667,120,61
920,310,630,280,480,760,1.7143,250,360,610,1.44,220,320,540,1.4545,200,220,420,1.1,170,150,320,0.88235,140,120,260,0.85714,119,61
940,290,640,260,480,740,1.8462,230,370,600,1.6087,220,310,530,1.4091,180,220,400,1.2222,160,160,320,1.0,140,130,270,0.92857,119,61
940,300,620,270,500,770,1.8519,240,370,610,1.5417,220,330,550,1.5,190,230,420,1.2105,160,160,320,1.0,130,140,270,1.0769,119,61
930,320,620,260,500,760,1.9231,240,350,590,1.4583,230,320,550,1.3913,200,220,420,1.1,170,150,320,0.88235,140,120,260,0.85714,120,61
930,310,650,280,510,790,1.8214,230,370,600,1.6087,230,320,550,1.3913,190,230,420,1.2105,160,180,340,1.125,140,140,280,1.0,120,61
960,280,660,260,490,750,1.8846,230,370,600,1.6087,220,340,560,1.5455,180,230,410,1.2778,150,160,310,1.0667,120,130,250,1.0833,120,61
940,300,640,280,490,770,1.75,250,370,620,1.48,240,310,550,1.2917,210,230,440,1.0952,160,160,320,1.0,140,130,270,0.92857,120,61
950,300,630,270,620,890,2.2963,220,420,640,1.9091,220,350,570,1.5909,190,250,440,1.3158,160,170,330,1.0625,130,150,280,1.1538,120,61
910,320,620,270,470,740,1.7407,250,350,600,1.4,240,300,540,1.25,200,210,410,1.05,170,150,320,0.88235,150,110,260,0.73333,120,61
940,290,640,250,490,740,1.96,230,380,610,1.6522,210,310,520,1.4762,170,220,390,1.2941,140,170,310,1.2143,120,140,260,1.1667,120,62
940,300,640,260,530,790,2.0385,230,380,610,1.6522,230,320,550,1.3913,190,220,410,1.1579,160,160,320,1.0,140,130,270,0.92857,120,62
910,300,620,280,480,760,1.7143,240,340,580,1.4167,230,300,530,1.3043,200,210,410,1.05,170,160,330,0.94118,140,130,270,0.92857,120,62
950,290,640,270,500,770,1.8519,240,360,600,1.5,210,310,520,1.4762,190,220,410,1.1579,150,150,300,1.0,140,120,260,0.85714,120,61
840,310,630,270,480,750,1.7778,240,360,600,1.5,230,310,540,1.3478,210,220,430,1.0476,170,150,320,0.88235,150,120,270,0.8,120,61
930,300,630,280,470,750,1.6786,240,360,600,1.5,230,310,540,1.3478,210,220,430,1.0476,180,150,330,0.8333299999999999,150,120,270,0.8,120,61
940,300,640,270,510,780,1.8889,240,390,630,1.625,220,330,550,1.5,190,240,430,1.2632,160,170,330,1.0625,130,140,270,1.0769,120,61
950,300,640,270,530,800,1.963,240,400,640,1.6667,210,340,550,1.619,190,250,440,1.3158,150,180,330,1.2,120,130,250,1.0833,120,61
960,310,650,280,540,820,1.9286,240,400,640,1.6667,220,350,570,1.5909,190,250,440,1.3158,150,170,320,1.1333,130,140,270,1.0769,119,61
940,310,630,280,490,770,1.75,250,380,630,1.52,230,320,550,1.3913,210,230,440,1.0952,180,160,340,0.88889,150,130,280,0.86667,119,61
950,310,640,270,490,760,1.8148,250,390,640,1.56,220,340,560,1.5455,180,250,430,1.3889,150,170,320,1.1333,120,140,260,1.1667,119,61
960,310,640,290,530,820,1.8276,240,400,640,1.6667,230,330,560,1.4348,210,240,450,1.1429,170,160,330,0.94118,140,130,270,0.92857,119,61
960,320,640,280,500,780,1.7857,250,380,630,1.52,240,330,570,1.375,200,240,440,1.2,170,170,340,1.0,140,130,270,0.92857,120,61
960,320,650,300,500,800,1.6667,260,390,650,1.5,250,330,580,1.32,220,250,470,1.1364,170,170,340,1.0,140,140,280,1.0,120,61
930,330,620,290,500,790,1.7241,250,400,650,1.6,240,340,580,1.4167,220,240,460,1.0909,170,170,340,1.0,140,120,260,0.85714,123,62
940,310,630,280,530,810,1.8929,240,400,640,1.6667,230,350,580,1.5217,190,240,430,1.2632,150,150,300,1.0,130,130,260,1.0,123,62
950,310,650,270,500,770,1.8519,240,390,630,1.625,230,340,570,1.4783,200,250,450,1.25,150,180,330,1.2,140,140,280,1.0,124,63
950,300,630,270,510,780,1.8889,250,380,630,1.52,230,320,550,1.3913,200,230,430,1.15,160,160,320,1.0,150,130,280,0.86667,124,63
940,310,630,270,560,830,2.0741,240,380,620,1.5833,220,320,540,1.4545,190,230,420,1.2105,170,150,320,0.88235,130,120,250,0.92308,124,63
920,310,610,270,480,750,1.7778,240,360,600,1.5,230,320,550,1.3913,210,220,430,1.0476,170,160,330,0.94118,150,110,260,0.73333,124,63
960,310,630,260,480,740,1.8462,230,380,610,1.6522,220,320,540,1.4545,180,240,420,1.3333,150,160,310,1.0667,130,130,260,1.0,124,63
930,330,630,290,500,790,1.7241,260,360,620,1.3846,240,320,560,1.3333,210,230,440,1.0952,180,160,340,0.88889,150,120,270,0.8,124,63
950,300,630,270,470,740,1.7407,250,360,610,1.44,240,310,550,1.2917,190,230,420,1.2105,160,150,310,0.9375,150,130,280,0.86667,124,63
940,320,640,290,490,780,1.6897,260,370,630,1.4231,240,320,560,1.3333,210,230,440,1.0952,180,150,330,0.8333299999999999,150,110,260,0.73333,123,63
920,300,610,270,470,740,1.7407,240,370,610,1.5417,230,310,540,1.3478,200,230,430,1.15,170,160,330,0.94118,140,130,270,0.92857,123,63
950,310,650,250,530,780,2.12,230,380,610,1.6522,210,340,550,1.619,180,240,420,1.3333,150,170,320,1.1333,130,130,260,1.0,123,63
930,300,620,270,490,760,1.8148,240,370,610,1.5417,230,310,540,1.3478,200,230,430,1.15,160,150,310,0.9375,150,120,270,0.8,123,63
940,310,650,260,490,750,1.8846,240,370,610,1.5417,230,340,570,1.4783,180,240,420,1.3333,150,170,320,1.1333,130,140,270,1.0769,123,63
940,290,640,260,500,760,1.9231,230,380,610,1.6522,220,320,540,1.4545,190,230,420,1.2105,160,170,330,1.0625,140,140,280,1.0,123,63
980,300,650,270,520,790,1.9259,240,400,640,1.6667,230,350,580,1.5217,200,250,450,1.25,160,170,330,1.0625,130,140,270,1.0769,123,63
960,290,640,250,610,860,2.44,230,410,640,1.7826,220,350,570,1.5909,180,240,420,1.3333,150,180,330,1.2,120,150,270,1.25,122,62
930,320,630,290,530,820,1.8276,260,380,640,1.4615,240,320,560,1.3333,210,240,450,1.1429,180,170,350,0.94444,140,130,270,0.92857,122,62
940,300,630,280,520,800,1.8571,250,390,640,1.56,220,340,560,1.5455,190,250,440,1.3158,150,160,310,1.0667,130,130,260,1.0,123,62
930,310,620,280,500,780,1.7857,250,380,630,1.52,230,340,570,1.4783,200,230,430,1.15,160,170,330,1.0625,140,140,280,1.0,123,62
920,320,620,280,480,760,1.7143,240,350,590,1.4583,230,300,530,1.3043,200,210,410,1.05,160,140,300,0.875,140,120,260,0.85714,123,63
940,300,640,260,530,790,2.0385,230,400,630,1.7391,210,340,550,1.619,180,240,420,1.3333,150,170,320,1.1333,120,140,260,1.1667,124,63
950,300,630,270,470,740,1.7407,240,360,600,1.5,230,320,550,1.3913,200,230,430,1.15,170,150,320,0.88235,150,130,280,0.86667,124,63
910,320,620,290,530,820,1.8276,250,370,620,1.48,250,320,570,1.28,220,230,450,1.0455,170,160,330,0.94118,140,130,270,0.92857,124,63
960,290,650,250,500,750,2.0,220,380,600,1.7273,210,340,550,1.619,180,250,430,1.3889,140,180,320,1.2857,130,140,270,1.0769,124,63
950,310,640,290,490,780,1.6897,240,370,610,1.5417,240,320,560,1.3333,210,230,440,1.0952,160,160,320,1.0,140,130,270,0.92857,124,63
930,310,610,270,470,740,1.7407,240,360,600,1.5,240,310,550,1.2917,200,210,410,1.05,150,150,300,1.0,140,120,260,0.85714,124,63
930,320,630,270,460,730,1.7037,250,340,590,1.36,230,300,530,1.3043,200,220,420,1.1,170,140,310,0.8235299999999999,140,120,260,0.85714,124,63
930,300,630,260,490,750,1.8846,240,370,610,1.5417,230,300,530,1.3043,190,220,410,1.1579,160,160,320,1.0,130,120,250,0.92308,124,63
940,300,630,270,480,750,1.7778,240,350,590,1.4583,230,310,540,1.3478,180,220,400,1.2222,150,160,310,1.0667,150,130,280,0.86667,124,63
940,310,630,270,510,780,1.8889,240,380,620,1.5833,240,320,560,1.3333,210,220,430,1.0476,160,150,310,0.9375,140,120,260,0.85714,124,63
940,310,610,270,490,760,1.8148,250,360,610,1.44,220,300,520,1.3636,210,210,420,1.0,160,160,320,1.0,140,120,260,0.85714,124,63
940,310,640,270,480,750,1.7778,240,360,600,1.5,220,320,540,1.4545,190,220,410,1.1579,160,150,310,0.9375,140,120,260,0.85714,123,63
940,300,630,270,540,810,2.0,240,380,620,1.5833,230,340,570,1.4783,200,240,440,1.2,170,170,340,1.0,150,120,270,0.8,123,62
940,310,620,270,470,740,1.7407,250,350,600,1.4,220,320,540,1.4545,190,220,410,1.1579,160,160,320,1.0,140,120,260,0.85714,123,62
920,320,630,270,490,760,1.8148,240,370,610,1.5417,230,310,540,1.3478,200,220,420,1.1,170,160,330,0.94118,140,110,250,0.78571,123,62
970,290,650,260,520,780,2.0,230,380,610,1.6522,200,330,530,1.65,180,250,430,1.3889,140,180,320,1.2857,120,140,260,1.1667,123,62
960,320,640,300,490,790,1.6333,250,370,620,1.48,250,320,570,1.28,210,230,440,1.0952,180,160,340,0.88889,140,120,260,0.85714,122,62
920,320,620,290,470,760,1.6207,250,350,600,1.4,240,300,540,1.25,220,210,430,0.95455,180,150,330,0.8333299999999999,150,120,270,0.8,122,62
940,300,630,260,490,750,1.8846,240,360,600,1.5,220,320,540,1.4545,190,220,410,1.1579,150,160,310,1.0667,130,120,250,0.92308,122,62
950,310,620,280,470,750,1.6786,240,360,600,1.5,230,320,550,1.3913,200,220,420,1.1,160,150,310,0.9375,150,130,280,0.86667,122,62
930,330,620,280,480,760,1.7143,260,360,620,1.3846,230,320,550,1.3913,210,230,440,1.0952,180,150,330,0.8333299999999999,140,110,250,0.78571,122,62
960,310,630,270,510,780,1.8889,240,380,620,1.5833,220,330,550,1.5,190,240,430,1.2632,160,170,330,1.0625,130,130,260,1.0,122,62
930,330,630,290,490,780,1.6897,250,350,600,1.4,240,310,550,1.2917,200,230,430,1.15,170,150,320,0.88235,150,110,260,0.73333,122,62
950,300,650,290,490,780,1.6897,240,380,620,1.5833,240,320,560,1.3333,200,230,430,1.15,170,170,340,1.0,140,140,280,1.0,122,62
940,300,630,270,490,760,1.8148,240,360,600,1.5,230,320,550,1.3913,200,230,430,1.15,150,160,310,1.0667,130,140,270,1.0769,122,62
940,310,630,270,560,830,2.0741,240,400,640,1.6667,230,350,580,1.5217,190,250,440,1.3158,160,180,340,1.125,130,130,260,1.0,122,62
950,310,640,270,510,780,1.8889,230,380,610,1.6522,230,330,560,1.4348,190,220,410,1.1579,150,160,310,1.0667,130,140,270,1.0769,122,62
930,310,630,280,520,800,1.8571,250,390,640,1.56,230,320,550,1.3913,200,240,440,1.2,150,160,310,1.0667,140,120,260,0.85714,122,62
980,300,670,250,500,750,2.0,230,390,620,1.6957,210,340,550,1.619,170,240,410,1.4118,140,180,320,1.2857,110,140,250,1.2727,123,62
930,320,640,290,500,790,1.7241,250,370,620,1.48,230,310,540,1.3478,200,230,430,1.15,170,160,330,0.94118,150,130,280,0.86667,123,62
970,290,570,250,510,760,2.04,230,390,620,1.6957,210,330,540,1.5714,190,240,430,1.2632,150,170,320,1.1333,130,140,270,1.0769,123,62
960,400,630,290,520,810,1.7931,240,390,630,1.625,240,330,570,1.375,200,230,430,1.15,170,150,320,0.88235,140,130,270,0.92857,123,62
950,330,620,290,520,810,1.7931,250,380,630,1.52,240,330,570,1.375,200,230,430,1.15,160,150,310,0.9375,150,120,270,0.8,123,62
960,330,660,270,510,780,1.8889,250,380,630,1.52,240,310,550,1.2917,210,230,440,1.0952,160,150,310,0.9375,150,120,270,0.8,123,62
970,300,660,280,510,790,1.8214,250,390,640,1.56,240,340,580,1.4167,190,240,430,1.2632,160,180,340,1.125,130,140,270,1.0769,123,62
960,310,640,280,490,770,1.75,240,370,610,1.5417,230,330,560,1.4348,210,240,450,1.1429,160,180,340,1.125,150,140,290,0.93333,123,62
970,320,660,270,490,760,1.8148,240,380,620,1.5833,230,320,550,1.3913,200,210,410,1.05,160,160,320,1.0,140,130,270,0.92857,123,62
960,310,650,280,510,790,1.8214,250,370,620,1.48,230,330,560,1.4348,200,230,430,1.15,160,160,320,1.0,130,130,260,1.0,123,62
970,310,520,270,490,760,1.8148,250,370,620,1.48,230,320,550,1.3913,200,240,440,1.2,150,160,310,1.0667,130,120,250,0.92308,123,62
980,320,660,280,550,830,1.9643,260,410,670,1.5769,230,350,580,1.5217,200,240,440,1.2,170,180,350,1.0588,140,140,280,1.0,123,62
960,320,660,280,490,770,1.75,240,390,630,1.625,240,340,580,1.4167,210,240,450,1.1429,160,170,330,1.0625,150,120,270,0.8,122,61
970,300,650,270,490,760,1.8148,250,390,640,1.56,220,350,570,1.5909,190,250,440,1.3158,150,170,320,1.1333,120,130,250,1.0833,122,61
960,320,650,280,510,790,1.8214,240,390,630,1.625,230,330,560,1.4348,190,220,410,1.1579,150,160,310,1.0667,130,120,250,0.92308,122,61
940,310,630,270,490,760,1.8148,250,370,620,1.48,230,330,560,1.4348,200,220,420,1.1,160,160,320,1.0,130,120,250,0.92308,122,61
950,310,650,290,560,850,1.931,260,400,660,1.5385,230,360,590,1.5652,200,240,440,1.2,150,180,330,1.2,140,160,300,1.1429,122,61
970,300,630,280,540,820,1.9286,250,410,660,1.64,240,370,610,1.5417,210,250,460,1.1905,160,180,340,1.125,130,140,270,1.0769,122,61
930,340,630,290,550,840,1.8966,270,390,660,1.4444,250,330,580,1.32,210,240,450,1.1429,180,170,350,0.94444,140,130,270,0.92857,122,61
950,300,630,270,550,820,2.037,230,420,650,1.8261,220,360,580,1.6364,190,270,460,1.4211,150,190,340,1.2667,130,140,270,1.0769,122,61
880,320,640,260,550,810,2.1154,230,400,630,1.7391,230,340,570,1.4783,190,260,450,1.3684,140,180,320,1.2857,130,150,280,1.1538,122,61
940,300,630,270,510,780,1.8889,240,380,620,1.5833,220,320,540,1.4545,190,220,410,1.1579,160,130,290,0.8125,140,100,240,0.71429,123,62
950,310,630,260,510,770,1.9615,240,380,620,1.5833,220,330,550,1.5,200,230,430,1.15,160,150,310,0.9375,150,130,280,0.86667,123,62
930,320,620,280,520,800,1.8571,260,390,650,1.5,230,340,570,1.4783,200,230,430,1.15,170,170,340,1.0,140,120,260,0.85714,123,62
960,310,650,270,520,790,1.9259,240,420,660,1.75,230,340,570,1.4783,180,250,430,1.3889,150,170,320,1.1333,140,140,280,1.0,124,63
950,310,620,280,480,760,1.7143,260,370,630,1.4231,240,320,560,1.3333,210,240,450,1.1429,170,150,320,0.88235,150,120,270,0.8,124,63
920,330,620,290,480,770,1.6552,250,360,610,1.44,240,310,550,1.2917,210,240,450,1.1429,180,170,350,0.94444,150,140,290,0.93333,124,63
950,300,640,260,490,750,1.8846,230,360,590,1.5652,210,330,540,1.5714,190,240,430,1.2632,160,170,330,1.0625,140,140,280,1.0,124,63
920,310,620,280,470,750,1.6786,250,380,630,1.52,230,320,550,1.3913,200,240,440,1.2,160,180,340,1.125,140,150,290,1.0714,124,63
970,300,650,250,500,750,2.0,230,380,610,1.6522,200,320,520,1.6,170,230,400,1.3529,140,170,310,1.2143,120,140,260,1.1667,124,63
940,300,640,250,500,750,2.0,230,380,610,1.6522,210,340,550,1.619,180,220,400,1.2222,150,160,310,1.0667,130,130,260,1.0,124,63
950,300,650,260,460,720,1.7692,230,370,600,1.6087,220,310,530,1.4091,190,240,430,1.2632,160,180,340,1.125,130,130,260,1.0,125,63
930,300,620,270,490,760,1.8148,240,360,600,1.5,220,300,520,1.3636,200,220,420,1.1,150,170,320,1.1333,130,140,270,1.0769,125,63
960,310,640,270,470,740,1.7407,230,370,600,1.6087,210,320,530,1.5238,190,220,410,1.1579,160,160,320,1.0,130,130,260,1.0,125,63
930,290,630,260,550,810,2.1154,230,410,640,1.7826,220,320,540,1.4545,190,230,420,1.2105,150,160,310,1.0667,130,120,250,0.92308,125,63
950,300,630,270,470,740,1.7407,220,360,580,1.6364,210,310,520,1.4762,180,220,400,1.2222,150,150,300,1.0,140,130,270,0.92857,125,63
920,320,610,280,490,770,1.75,260,360,620,1.3846,230,300,530,1.3043,200,230,430,1.15,160,180,340,1.125,130,120,250,0.92308,125,63
950,310,650,280,490,770,1.75,230,370,600,1.6087,220,330,550,1.5,190,250,440,1.3158,160,160,320,1.0,140,140,280,1.0,124,63
940,300,620,280,490,770,1.75,240,380,620,1.5833,220,320,540,1.4545,190,230,420,1.2105,160,160,320,1.0,140,130,270,0.92857,124,63
930,320,610,270,490,760,1.8148,250,350,600,1.4,240,300,540,1.25,200,230,430,1.15,170,160,330,0.94118,140,110,250,0.78571,124,63
930,320,620,270,500,770,1.8519,240,380,620,1.5833,230,330,560,1.4348,200,230,430,1.15,170,150,320,0.88235,140,130,270,0.92857,124,63
910,310,610,280,490,770,1.75,250,360,610,1.44,240,310,550,1.2917,200,220,420,1.1,160,160,320,1.0,140,130,270,0.92857,124,63
940,300,630,260,490,750,1.8846,240,360,600,1.5,220,320,540,1.4545,180,230,410,1.2778,160,180,340,1.125,130,150,280,1.1538,124,63
950,310,630,260,520,780,2.0,230,370,600,1.6087,210,320,530,1.5238,180,230,410,1.2778,160,170,330,1.0625,130,120,250,0.92308,124,63
940,320,620,280,480,760,1.7143,250,360,610,1.44,230,300,530,1.3043,210,210,420,1.0,160,160,320,1.0,140,130,270,0.92857,124,63
930,320,630,270,510,780,1.8889,240,360,600,1.5,230,320,550,1.3913,200,210,410,1.05,160,150,310,0.9375,150,120,270,0.8,124,63
930,310,640,260,570,830,2.1923,240,380,620,1.5833,220,330,550,1.5,190,230,420,1.2105,150,170,320,1.1333,130,120,250,0.92308,124,63
950,290,620,270,450,720,1.6667,240,350,590,1.4583,220,300,520,1.3636,190,240,430,1.2632,170,160,330,0.94118,150,120,270,0.8,124,63
940,330,630,280,470,750,1.6786,250,320,570,1.28,250,280,530,1.12,220,200,420,0.90909,180,160,340,0.88889,150,120,270,0.8,124,63
910,310,620,270,460,730,1.7037,240,330,570,1.375,230,280,510,1.2174,190,210,400,1.1053,160,150,310,0.9375,140,130,270,0.92857,124,63
940,290,640,270,480,750,1.7778,230,350,580,1.5217,230,320,550,1.3913,180,220,400,1.2222,150,160,310,1.0667,140,130,270,0.92857,124,63
920,300,640,260,570,830,2.1923,250,380,630,1.52,220,310,530,1.4091,190,210,400,1.1053,160,160,320,1.0,130,130,260,1.0,124,63
950,280,640,250,490,740,1.96,220,380,600,1.7273,200,340,540,1.7,180,250,430,1.3889,150,180,330,1.2,120,150,270,1.25,124,63
930,310,630,270,500,770,1.8519,230,360,590,1.5652,230,300,530,1.3043,190,220,410,1.1579,150,160,310,1.0667,150,130,280,0.86667,125,63
950,300,650,260,480,740,1.8462,240,360,600,1.5,220,300,520,1.3636,190,210,400,1.1053,150,170,320,1.1333,140,140,280,1.0,125,63
930,300,640,280,520,800,1.8571,250,420,670,1.68,230,360,590,1.5652,190,230,420,1.2105,160,150,310,0.9375,140,120,260,0.85714,125,63
930,290,650,260,520,780,2.0,230,390,620,1.6957,210,340,550,1.619,180,250,430,1.3889,140,180,320,1.2857,130,130,260,1.0,125,63
950,280,640,260,490,750,1.8846,220,370,590,1.6818,220,330,550,1.5,180,230,410,1.2778,150,160,310,1.0667,140,130,270,0.92857,125,63
940,310,650,270,490,760,1.8148,240,370,610,1.5417,230,310,540,1.3478,200,220,420,1.1,170,160,330,0.94118,130,130,260,1.0,125,63
940,290,630,260,500,760,1.9231,240,360,600,1.5,220,320,540,1.4545,190,220,410,1.1579,150,160,310,1.0667,130,130,260,1.0,125,64
940,310,640,270,500,770,1.8519,240,350,590,1.4583,220,310,530,1.4091,190,210,400,1.1053,170,160,330,0.94118,140,120,260,0.85714,126,64
960,300,640,270,490,760,1.8148,240,370,610,1.5417,220,320,540,1.4545,190,230,420,1.2105,160,160,320,1.0,130,130,260,1.0,126,64
920,320,630,270,480,750,1.7778,240,350,590,1.4583,220,310,530,1.4091,190,220,410,1.1579,160,160,320,1.0,140,110,250,0.78571,126,64
940,290,650,250,490,740,1.96,220,360,580,1.6364,220,320,540,1.4545,190,230,420,1.2105,140,160,300,1.1429,120,130,250,1.0833,126,64
960,290,660,250,500,750,2.0,230,380,610,1.6522,200,330,530,1.65,170,240,410,1.4118,140,170,310,1.2143,120,130,250,1.0833,126,64
930,300,630,270,480,750,1.7778,240,350,590,1.4583,220,290,510,1.3182,200,220,420,1.1,160,150,310,0.9375,130,130,260,1.0,126,64
950,300,650,260,490,750,1.8846,240,370,610,1.5417,210,320,530,1.5238,180,230,410,1.2778,160,160,320,1.0,130,130,260,1.0,127,64
960,300,650,290,490,780,1.6897,240,360,600,1.5,220,320,540,1.4545,190,240,430,1.2632,170,170,340,1.0,140,140,280,1.0,127,64
940,310,640,270,460,730,1.7037,240,340,580,1.4167,220,290,510,1.3182,190,210,400,1.1053,160,150,310,0.9375,150,120,270,0.8,127,64
940,300,630,260,520,780,2.0,230,350,580,1.5217,220,300,520,1.3636,190,200,390,1.0526,160,160,320,1.0,140,110,250,0.78571,127,64
950,310,640,280,500,780,1.7857,250,390,640,1.56,240,340,580,1.4167,210,230,440,1.0952,160,160,320,1.0,140,120,260,0.85714,127,64
930,310,620,280,540,820,1.9286,250,390,640,1.56,240,340,580,1.4167,190,230,420,1.2105,180,140,320,0.77778,150,120,270,0.8,127,64
950,310,630,270,480,750,1.7778,240,340,580,1.4167,220,300,520,1.3636,210,220,430,1.0476,170,140,310,0.8235299999999999,150,110,260,0.73333,127,64
950,320,640,280,490,770,1.75,250,350,600,1.4,240,310,550,1.2917,190,210,400,1.1053,160,150,310,0.9375,150,110,260,0.73333,127,64
940,310,650,280,490,770,1.75,240,360,600,1.5,230,300,530,1.3043,200,210,410,1.05,170,160,330,0.94118,150,120,270,0.8,127,64
940,290,650,280,490,770,1.75,250,360,610,1.44,230,310,540,1.3478,200,220,420,1.1,170,170,340,1.0,130,140,270,1.0769,127,64
940,290,640,270,530,800,1.963,230,390,620,1.6957,230,330,560,1.4348,180,230,410,1.2778,160,160,320,1.0,130,130,260,1.0,127,64
970,300,660,260,490,750,1.8846,220,370,590,1.6818,220,330,550,1.5,170,240,410,1.4118,150,180,330,1.2,120,140,260,1.1667,127,64
930,310,620,270,600,870,2.2222,240,410,650,1.7083,230,350,580,1.5217,200,250,450,1.25,160,160,320,1.0,140,130,270,0.92857,127,64
970,310,650,260,510,770,1.9615,240,370,610,1.5417,220,310,530,1.4091,190,240,430,1.2632,160,160,320,1.0,130,130,260,1.0,127,64
950,300,640,260,490,750,1.8846,230,360,590,1.5652,230,320,550,1.3913,180,230,410,1.2778,160,160,320,1.0,140,130,270,0.92857,127,64
950,310,620,260,490,750,1.8846,250,370,620,1.48,230,300,530,1.3043,200,220,420,1.1,170,160,330,0.94118,140,130,270,0.92857,127,64
930,330,630,280,480,760,1.7143,240,360,600,1.5,240,310,550,1.2917,200,210,410,1.05,160,140,300,0.875,140,130,270,0.92857,127,64
960,300,640,250,530,780,2.12,220,410,630,1.8636,220,340,560,1.5455,180,240,420,1.3333,140,180,320,1.2857,130,140,270,1.0769,128,64
950,300,650,270,490,760,1.8148,240,360,600,1.5,230,310,540,1.3478,200,230,430,1.15,150,150,300,1.0,130,120,250,0.92308,128,64
960,310,640,270,540,810,2.0,240,400,640,1.6667,220,340,560,1.5455,200,240,440,1.2,150,170,320,1.1333,120,140,260,1.1667,128,64
930,320,630,280,490,770,1.75,250,370,620,1.48,230,320,550,1.3913,200,230,430,1.15,170,150,320,0.88235,150,120,270,0.8,129,64
970,300,640,270,510,780,1.8889,230,380,610,1.6522,220,340,560,1.5455,190,230,420,1.2105,150,180,330,1.2,120,150,270,1.25,129,64
950,320,640,280,470,750,1.6786,250,350,600,1.4,250,300,550,1.2,200,220,420,1.1,170,150,320,0.88235,150,120,270,0.8,130,64
950,310,640,290,540,830,1.8621,250,360,610,1.44,240,310,550,1.2917,210,230,440,1.0952,180,150,330,0.8333299999999999,150,120,270,0.8,130,64
960,310,650,280,490,770,1.75,250,350,600,1.4,230,320,550,1.3913,190,210,400,1.1053,160,160,320,1.0,140,130,270,0.92857,130,65
930,310,630,270,560,830,2.0741,260,370,630,1.4231,230,310,540,1.3478,210,210,420,1.0,170,160,330,0.94118,150,120,270,0.8,130,65
980,300,660,250,490,740,1.96,240,380,620,1.5833,210,320,530,1.5238,170,230,400,1.3529,150,170,320,1.1333,130,140,270,1.0769,130,65
970,320,650,290,480,770,1.6552,250,360,610,1.44,230,310,540,1.3478,200,220,420,1.1,170,150,320,0.88235,140,120,260,0.85714,130,65
940,320,640,290,470,760,1.6207,260,350,610,1.3462,230,300,530,1.3043,200,210,410,1.05,170,160,330,0.94118,140,120,260,0.85714,130,65
950,300,660,260,490,750,1.8846,240,370,610,1.5417,220,310,530,1.4091,190,210,400,1.1053,150,150,300,1.0,130,120,250,0.92308,130,64
950,290,660,260,500,760,1.9231,240,380,620,1.5833,210,320,530,1.5238,190,230,420,1.2105,140,160,300,1.1429,130,130,260,1.0,130,64
930,290,650,250,510,760,2.04,220,380,600,1.7273,210,320,530,1.5238,180,240,420,1.3333,140,180,320,1.2857,120,140,260,1.1667,130,64
970,280,660,240,490,730,2.0417,200,370,570,1.85,190,300,490,1.5789,170,230,400,1.3529,130,150,280,1.1538,100,120,220,1.2,130,64
970,310,660,270,510,780,1.8889,250,370,620,1.48,220,340,560,1.5455,200,240,440,1.2,160,180,340,1.125,130,130,260,1.0,130,64
950,310,650,290,480,770,1.6552,250,370,620,1.48,230,320,550,1.3913,210,210,420,1.0,170,150,320,0.88235,140,130,270,0.92857,130,64
960,300,640,270,500,770,1.8519,240,370,610,1.5417,220,310,530,1.4091,210,230,440,1.0952,160,150,310,0.9375,140,120,260,0.85714,129,64
950,320,640,280,580,860,2.0714,250,420,670,1.68,230,370,600,1.6087,200,220,420,1.1,160,160,320,1.0,140,130,270,0.92857,129,64
960,310,630,270,520,790,1.9259,240,380,620,1.5833,240,330,570,1.375,190,220,410,1.1579,160,170,330,1.0625,130,140,270,1.0769,129,64
950,330,640,270,520,790,1.9259,260,390,650,1.5,230,340,570,1.4783,190,240,430,1.2632,170,170,340,1.0,150,140,290,0.93333,130,64
990,310,660,280,510,790,1.8214,250,380,630,1.52,220,340,560,1.5455,190,230,420,1.2105,160,180,340,1.125,140,140,280,1.0,130,64
960,330,620,290,550,840,1.8966,260,410,670,1.5769,240,350,590,1.4583,210,260,470,1.2381,170,170,340,1.0,150,130,280,0.86667,130,64
950,340,620,290,530,820,1.8276,270,400,670,1.4815,240,340,580,1.4167,210,250,460,1.1905,170,170,340,1.0,150,140,290,0.93333,130,64
940,320,620,300,490,790,1.6333,270,370,640,1.3704,250,320,570,1.28,220,230,450,1.0455,170,160,330,0.94118,150,130,280,0.86667,131,65
960,320,620,280,510,790,1.8214,250,400,650,1.6,230,340,570,1.4783,190,240,430,1.2632,170,180,350,1.0588,150,140,290,0.93333,131,65
940,340,640,290,490,780,1.6897,250,370,620,1.48,240,330,570,1.375,200,240,440,1.2,170,160,330,0.94118,150,130,280,0.86667,132,65
980,300,650,280,510,790,1.8214,240,370,610,1.5417,220,340,560,1.5455,190,250,440,1.3158,160,170,330,1.0625,130,130,260,1.0,132,65
950,330,620,300,500,800,1.6667,270,370,640,1.3704,250,320,570,1.28,220,240,460,1.0909,170,160,330,0.94118,150,130,280,0.86667,133,65
960,330,630,280,490,770,1.75,250,380,630,1.52,220,330,550,1.5,200,240,440,1.2,170,160,330,0.94118,140,130,270,0.92857,133,65
950,330,630,280,500,780,1.7857,250,380,630,1.52,240,330,570,1.375,210,240,450,1.1429,170,160,330,0.94118,150,130,280,0.86667,133,65
940,320,630,290,510,800,1.7586,260,380,640,1.4615,240,320,560,1.3333,200,230,430,1.15,160,150,310,0.9375,140,120,260,0.85714,133,65
960,310,640,280,490,770,1.75,250,370,620,1.48,220,320,540,1.4545,190,230,420,1.2105,160,160,320,1.0,140,130,270,0.92857,134,66
610,320,590,280,490,770,1.75,260,370,630,1.4231,240,320,560,1.3333,210,230,440,1.0952,170,150,320,0.88235,140,120,260,0.85714,134,66
930,320,610,290,480,770,1.6552,260,370,630,1.4231,250,300,550,1.2,210,220,430,1.0476,170,150,320,0.88235,150,130,280,0.86667,134,66
950,320,650,270,540,810,2.0,240,400,640,1.6667,230,350,580,1.5217,190,240,430,1.2632,160,180,340,1.125,140,150,290,1.0714,134,66
960,300,650,270,500,770,1.8519,240,380,620,1.5833,220,320,540,1.4545,180,230,410,1.2778,150,170,320,1.1333,130,130,260,1.0,135,66
960,310,640,280,520,800,1.8571,250,380,630,1.52,220,320,540,1.4545,180,240,420,1.3333,150,170,320,1.1333,140,120,260,0.85714,135,66
940,320,620,280,480,760,1.7143,260,370,630,1.4231,240,300,540,1.25,210,210,420,1.0,170,150,320,0.88235,140,120,260,0.85714,135,66
980,320,650,270,490,760,1.8148,240,370,610,1.5417,240,320,560,1.3333,190,230,420,1.2105,160,150,310,0.9375,130,140,270,1.0769,135,66
940,330,620,300,470,770,1.5667,270,350,620,1.2963,250,310,560,1.24,220,220,440,1.0,170,150,320,0.88235,150,110,260,0.73333,135,67
940,320,630,270,500,770,1.8519,240,370,610,1.5417,240,320,560,1.3333,190,230,420,1.2105,170,170,340,1.0,130,140,270,1.0769,136,67
950,310,640,280,480,760,1.7143,240,370,610,1.5417,220,310,530,1.4091,190,220,410,1.1579,150,170,320,1.1333,140,130,270,0.92857,136,67
960,310,650,270,520,790,1.9259,240,360,600,1.5,230,320,550,1.3913,190,230,420,1.2105,170,160,330,0.94118,140,140,280,1.0,136,67
940,310,620,280,490,770,1.75,240,350,590,1.4583,240,290,530,1.2083,210,210,420,1.0,160,150,310,0.9375,140,120,260,0.85714,136,67
950,320,640,270,500,770,1.8519,240,370,610,1.5417,220,310,530,1.4091,190,240,430,1.2632,160,160,320,1.0,150,120,270,0.8,136,67
970,310,650,270,500,770,1.8519,240,380,620,1.5833,230,320,550,1.3913,200,240,440,1.2,170,170,340,1.0,130,140,270,1.0769,136,67
920,320,610,280,480,760,1.7143,250,360,610,1.44,230,310,540,1.3478,200,220,420,1.1,180,150,330,0.8333299999999999,140,120,260,0.85714,136,67
950,310,640,260,520,780,2.0,240,390,630,1.625,230,350,580,1.5217,180,250,430,1.3889,140,180,320,1.2857,120,140,260,1.1667,136,67
960,310,640,270,490,760,1.8148,240,370,610,1.5417,220,330,550,1.5,180,230,410,1.2778,160,170,330,1.0625,130,120,250,0.92308,136,67
950,320,620,290,490,780,1.6897,260,370,630,1.4231,230,320,550,1.3913,190,230,420,1.2105,150,160,310,1.0667,130,120,250,0.92308,136,67
940,330,630,280,490,770,1.75,250,380,630,1.52,240,310,550,1.2917,200,220,420,1.1,160,150,310,0.9375,150,120,270,0.8,137,67
950,310,640,280,500,780,1.7857,250,350,600,1.4,230,310,540,1.3478,200,220,420,1.1,160,150,310,0.9375,140,110,250,0.78571,137,67
960,310,640,280,510,790,1.8214,250,390,640,1.56,220,330,550,1.5,190,250,440,1.3158,160,160,320,1.0,130,130,260,1.0,137,67
950,320,640,280,520,800,1.8571,250,390,640,1.56,230,340,570,1.4783,200,250,450,1.25,160,170,330,1.0625,150,130,280,0.86667,137,67
940,310,630,280,490,770,1.75,250,360,610,1.44,230,320,550,1.3913,210,210,420,1.0,160,160,320,1.0,140,130,270,0.92857,137,67
950,310,630,270,470,740,1.7407,240,350,590,1.4583,230,320,550,1.3913,190,220,410,1.1579,150,160,310,1.0667,150,120,270,0.8,137,67
950,320,630,290,490,780,1.6897,250,370,620,1.48,230,320,550,1.3913,200,220,420,1.1,180,160,340,0.88889,150,120,270,0.8,137,67
940,310,640,270,490,760,1.8148,240,380,620,1.5833,240,320,560,1.3333,200,230,430,1.15,160,160,320,1.0,140,120,260,0.85714,137,67
960,300,640,260,510,770,1.9615,220,380,600,1.7273,210,330,540,1.5714,180,250,430,1.3889,150,170,320,1.1333,120,150,270,1.25,137,67
950,320,640,270,500,770,1.8519,250,380,630,1.52,220,330,550,1.5,190,240,430,1.2632,170,160,330,0.94118,130,130,260,1.0,136,67
960,310,650,280,490,770,1.75,250,370,620,1.48,230,330,560,1.4348,200,240,440,1.2,160,160,320,1.0,130,140,270,1.0769,136,67
970,310,630,280,640,920,2.2857,250,440,690,1.76,230,380,610,1.6522,190,260,450,1.3684,160,180,340,1.125,150,140,290,0.93333,136,67
940,320,630,300,520,820,1.7333,270,390,660,1.4444,250,340,590,1.36,210,250,460,1.1905,180,170,350,0.94444,150,120,270,0.8,137,67
970,300,660,290,530,820,1.8276,260,410,670,1.5769,240,360,600,1.5,200,260,460,1.3,170,180,350,1.0588,130,150,280,1.1538,138,67
710,180,540,160,430,590,2.6875,140,290,430,2.0714,130,220,350,1.6923,110,160,270,1.4545,100,130,230,1.3,90,100,190,1.1111,126,71
720,170,540,150,450,600,3.0,130,300,430,2.3077,120,230,350,1.9167,100,170,270,1.7,80,130,210,1.625,80,110,190,1.375,126,71
710,180,520,160,440,600,2.75,140,290,430,2.0714,130,230,360,1.7692,110,160,270,1.4545,100,120,220,1.2,90,100,190,1.1111,126,70
700,190,530,160,460,620,2.875,140,290,430,2.0714,130,230,360,1.7692,110,170,280,1.5455,80,130,210,1.625,80,110,190,1.375,126,70
710,170,530,150,460,610,3.0667,130,310,440,2.3846,120,230,350,1.9167,110,180,290,1.6364,90,140,230,1.5556,70,110,180,1.5714,126,70
710,180,540,160,450,610,2.8125,140,310,450,2.2143,130,240,370,1.8462,110,170,280,1.5455,100,130,230,1.3,80,110,190,1.375,126,70
720,170,540,160,450,610,2.8125,130,310,440,2.3846,130,230,360,1.7692,100,170,270,1.7,90,130,220,1.4444,80,110,190,1.375,126,70
710,180,530,150,460,610,3.0667,130,310,440,2.3846,120,210,330,1.75,100,160,260,1.6,90,120,210,1.3333,80,90,170,1.125,126,70
710,180,530,160,440,600,2.75,130,300,430,2.3077,120,220,340,1.8333,110,160,270,1.4545,90,120,210,1.3333,80,100,180,1.25,126,70
710,180,530,150,460,610,3.0667,140,310,450,2.2143,120,240,360,2.0,110,170,280,1.5455,90,130,220,1.4444,80,110,190,1.375,126,70
700,180,530,150,440,590,2.9333,140,310,450,2.2143,130,250,380,1.9231,110,170,280,1.5455,90,130,220,1.4444,80,110,190,1.375,126,70
710,170,540,150,450,600,3.0,130,300,430,2.3077,120,240,360,2.0,110,180,290,1.6364,80,140,220,1.75,80,110,190,1.375,126,70
740,170,560,150,460,610,3.0667,130,300,430,2.3077,110,230,340,2.0909,100,170,270,1.7,80,130,210,1.625,70,110,180,1.5714,126,70
710,180,530,160,430,590,2.6875,130,280,410,2.1538,130,210,340,1.6154,110,150,260,1.3636,90,120,210,1.3333,90,90,180,1.0,126,70
720,180,530,150,440,590,2.9333,130,300,430,2.3077,120,230,350,1.9167,110,160,270,1.4545,90,130,220,1.4444,80,100,180,1.25,125,69
700,190,520,160,450,610,2.8125,140,300,440,2.1429,130,220,350,1.6923,110,160,270,1.4545,100,120,220,1.2,90,100,190,1.1111,125,69
710,180,530,150,470,620,3.1333,120,320,440,2.6667,120,240,360,2.0,100,170,270,1.7,90,130,220,1.4444,80,110,190,1.375,125,69
710,180,530,160,440,600,2.75,130,290,420,2.2308,130,220,350,1.6923,110,170,280,1.5455,90,130,220,1.4444,90,100,190,1.1111,125,69
720,180,540,160,440,600,2.75,130,290,420,2.2308,120,220,340,1.8333,110,160,270,1.4545,90,120,210,1.3333,80,100,180,1.25,125,69
720,180,540,160,430,590,2.6875,130,280,410,2.1538,120,220,340,1.8333,110,160,270,1.4545,90,120,210,1.3333,80,100,180,1.25,125,69
710,180,520,160,440,600,2.75,130,290,420,2.2308,120,220,340,1.8333,110,150,260,1.3636,90,120,210,1.3333,80,100,180,1.25,124,69
710,190,520,150,450,600,3.0,140,300,440,2.1429,130,230,360,1.7692,110,160,270,1.4545,100,120,220,1.2,80,110,190,1.375,124,69
700,190,520,160,460,620,2.875,140,310,450,2.2143,140,230,370,1.6429,110,160,270,1.4545,100,120,220,1.2,90,100,190,1.1111,124,69
710,180,540,160,430,590,2.6875,130,300,430,2.3077,120,230,350,1.9167,110,170,280,1.5455,90,140,230,1.5556,80,100,180,1.25,124,69
720,170,550,160,470,630,2.9375,140,310,450,2.2143,120,240,360,2.0,110,170,280,1.5455,90,130,220,1.4444,80,110,190,1.375,123,69
710,170,540,150,440,590,2.9333,130,300,430,2.3077,120,230,350,1.9167,110,160,270,1.4545,90,120,210,1.3333,70,100,170,1.4286,123,69
720,170,540,150,440,590,2.9333,130,290,420,2.2308,120,230,350,1.9167,100,160,260,1.6,90,130,220,1.4444,70,110,180,1.5714,123,68
710,180,520,160,480,640,3.0,140,300,440,2.1429,130,230,360,1.7692,110,160,270,1.4545,100,120,220,1.2,90,100,190,1.1111,123,68
700,190,520,160,450,610,2.8125,140,300,440,2.1429,130,230,360,1.7692,110,170,280,1.5455,90,130,220,1.4444,90,100,190,1.1111,123,68
710,180,530,160,430,590,2.6875,140,300,440,2.1429,130,230,360,1.7692,110,170,280,1.5455,100,130,230,1.3,80,110,190,1.375,123,68
720,180,540,170,430,600,2.5294,140,310,450,2.2143,130,230,360,1.7692,110,160,270,1.4545,100,120,220,1.2,90,110,200,1.2222,123,68
710,180,530,150,430,580,2.8667,140,280,420,2.0,130,210,340,1.6154,110,160,270,1.4545,100,120,220,1.2,90,100,190,1.1111,123,68
710,180,530,150,450,600,3.0,130,290,420,2.2308,130,230,360,1.7692,110,170,280,1.5455,90,130,220,1.4444,80,100,180,1.25,123,68
700,180,530,160,500,660,3.125,130,370,500,2.8462,120,270,390,2.25,110,170,280,1.5455,90,130,220,1.4444,80,110,190,1.375,123,68
710,180,530,160,430,590,2.6875,140,300,440,2.1429,140,230,370,1.6429,110,160,270,1.4545,100,120,220,1.2,90,100,190,1.1111,123,68
720,180,540,170,430,600,2.5294,140,290,430,2.0714,130,210,340,1.6154,110,150,260,1.3636,90,120,210,1.3333,90,100,190,1.1111,123,68
720,180,540,160,440,600,2.75,130,310,440,2.3846,130,220,350,1.6923,110,160,270,1.4545,90,120,210,1.3333,90,100,190,1.1111,123,68
710,180,520,160,440,600,2.75,130,290,420,2.2308,130,220,350,1.6923,110,160,270,1.4545,90,120,210,1.3333,90,100,190,1.1111,122,68
680,180,530,150,440,590,2.9333,130,310,440,2.3846,130,260,390,2.0,110,170,280,1.5455,90,130,220,1.4444,80,110,190,1.375,122,68
710,180,530,160,430,590,2.6875,130,280,410,2.1538,120,220,340,1.8333,110,150,260,1.3636,90,110,200,1.2222,80,100,180,1.25,122,68
710,180,530,150,430,580,2.8667,130,290,420,2.2308,120,230,350,1.9167,110,160,270,1.4545,90,120,210,1.3333,80,100,180,1.25,121,67
710,180,530,150,440,590,2.9333,140,290,430,2.0714,130,230,360,1.7692,100,170,270,1.7,90,130,220,1.4444,80,110,190,1.375,121,67
710,180,520,160,440,600,2.75,130,290,420,2.2308,130,230,360,1.7692,110,170,280,1.5455,90,130,220,1.4444,90,110,200,1.2222,121,67
700,190,530,160,450,610,2.8125,140,330,470,2.3571,130,240,370,1.8462,120,170,290,1.4167,100,120,220,1.2,90,100,190,1.1111,121,67
710,170,530,150,440,590,2.9333,140,280,420,2.0,110,220,330,2.0,100,160,260,1.6,90,120,210,1.3333,80,100,180,1.25,121,67
720,180,530,150,470,620,3.1333,130,290,420,2.2308,130,220,350,1.6923,100,170,270,1.7,90,130,220,1.4444,80,100,180,1.25,121,67
710,190,520,170,420,590,2.4706,140,260,400,1.8571,130,210,340,1.6154,110,160,270,1.4545,90,120,210,1.3333,90,100,190,1.1111,120,67
700,190,520,160,430,590,2.6875,140,280,420,2.0,130,220,350,1.6923,120,160,280,1.3333,100,120,220,1.2,80,100,180,1.25,120,67
710,180,530,160,440,600,2.75,140,300,440,2.1429,130,230,360,1.7692,110,160,270,1.4545,100,120,220,1.2,90,100,190,1.1111,120,67
710,180,530,170,430,600,2.5294,140,280,420,2.0,130,210,340,1.6154,120,150,270,1.25,100,110,210,1.1,90,90,180,1.0,120,67
710,180,530,150,440,590,2.9333,130,300,430,2.3077,120,220,340,1.8333,110,150,260,1.3636,90,110,200,1.2222,80,100,180,1.25,120,67
710,180,520,150,470,620,3.1333,130,290,420,2.2308,120,210,330,1.75,110,150,260,1.3636,90,120,210,1.3333,70,100,170,1.4286,120,67
710,190,520,160,450,610,2.8125,140,260,400,1.8571,130,200,330,1.5385,110,160,270,1.4545,100,120,220,1.2,70,100,170,1.4286,120,66
690,190,520,160,460,620,2.875,140,320,460,2.2857,130,230,360,1.7692,120,170,290,1.4167,80,130,210,1.625,80,100,180,1.25,120,66
710,170,530,150,440,590,2.9333,130,310,440,2.3846,120,240,360,2.0,100,180,280,1.8,90,140,230,1.5556,70,120,190,1.7143,120,66
720,180,540,160,430,590,2.6875,130,290,420,2.2308,130,220,350,1.6923,110,160,270,1.4545,80,130,210,1.625,80,100,180,1.25,120,66
690,180,530,160,420,580,2.625,140,270,410,1.9286,130,220,350,1.6923,110,150,260,1.3636,90,120,210,1.3333,90,90,180,1.0,119,66
700,180,530,160,490,650,3.0625,130,330,460,2.5385,120,230,350,1.9167,110,160,270,1.4545,90,120,210,1.3333,80,100,180,1.25,119,66
710,170,520,150,450,600,3.0,130,300,430,2.3077,120,230,350,1.9167,100,160,260,1.6,90,120,210,1.3333,80,110,190,1.375,119,66
700,190,530,170,430,600,2.5294,140,300,440,2.1429,130,220,350,1.6923,120,160,280,1.3333,100,120,220,1.2,90,90,180,1.0,119,66
710,170,540,150,430,580,2.8667,130,280,410,2.1538,120,210,330,1.75,110,150,260,1.3636,90,110,200,1.2222,80,100,180,1.25,119,66
710,170,540,150,430,580,2.8667,120,270,390,2.25,110,200,310,1.8182,100,150,250,1.5,80,110,190,1.375,70,100,170,1.4286,119,66
700,170,520,150,440,590,2.9333,140,280,420,2.0,120,220,340,1.8333,100,170,270,1.7,90,120,210,1.3333,80,100,180,1.25,119,66
700,180,530,150,470,620,3.1333,120,340,460,2.8333,120,230,350,1.9167,100,160,260,1.6,80,120,200,1.5,80,100,180,1.25,119,66
710,180,540,160,440,600,2.75,140,260,400,1.8571,130,200,330,1.5385,100,140,240,1.4,90,110,200,1.2222,80,80,160,1.0,118,66
700,170,520,160,430,590,2.6875,130,250,380,1.9231,130,200,330,1.5385,110,140,250,1.2727,90,110,200,1.2222,90,90,180,1.0,117,66
700,180,520,150,430,580,2.8667,130,270,400,2.0769,120,210,330,1.75,110,150,260,1.3636,90,110,200,1.2222,80,100,180,1.25,116,65
690,180,510,160,430,590,2.6875,130,280,410,2.1538,130,210,340,1.6154,110,150,260,1.3636,90,110,200,1.2222,90,90,180,1.0,116,65
700,180,520,150,490,640,3.2667,130,350,480,2.6923,120,240,360,2.0,100,160,260,1.6,90,120,210,1.3333,80,110,190,1.375,116,65
700,180,530,160,420,580,2.625,140,280,420,2.0,120,220,340,1.8333,110,160,270,1.4545,90,120,210,1.3333,80,100,180,1.25,115,65
720,170,540,160,440,600,2.75,130,330,460,2.5385,120,250,370,2.0833,100,170,270,1.7,90,130,220,1.4444,80,110,190,1.375,114,65
690,180,510,160,430,590,2.6875,140,260,400,1.8571,130,200,330,1.5385,110,150,260,1.3636,100,120,220,1.2,90,90,180,1.0,114,65
710,180,530,150,450,600,3.0,130,340,470,2.6154,120,250,370,2.0833,110,180,290,1.6364,90,130,220,1.4444,80,110,190,1.375,114,64
690,180,510,160,510,670,3.1875,140,320,460,2.2857,110,220,330,2.0,110,160,270,1.4545,100,120,220,1.2,90,100,190,1.1111,114,64
710,180,520,150,420,570,2.8,140,250,390,1.7857,130,210,340,1.6154,110,160,270,1.4545,100,110,210,1.1,90,100,190,1.1111,115,65
690,190,520,200,440,640,2.2,150,320,470,2.1333,140,240,380,1.7143,130,160,290,1.2308,110,120,230,1.0909,100,90,190,0.9,115,65
710,170,540,150,470,620,3.1333,130,300,430,2.3077,120,210,330,1.75,110,150,260,1.3636,90,110,200,1.2222,80,100,180,1.25,115,65
710,170,530,150,440,590,2.9333,130,270,400,2.0769,120,200,320,1.6667,100,160,260,1.6,90,120,210,1.3333,80,90,170,1.125,115,65
710,180,520,150,450,600,3.0,130,270,400,2.0769,130,210,340,1.6154,110,160,270,1.4545,90,120,210,1.3333,80,90,170,1.125,115,65
700,190,510,160,520,680,3.25,130,380,510,2.9231,120,280,400,2.3333,110,160,270,1.4545,90,120,210,1.3333,80,100,180,1.25,117,66
690,190,510,160,440,600,2.75,140,310,450,2.2143,130,230,360,1.7692,110,160,270,1.4545,100,120,220,1.2,80,100,180,1.25,117,66
710,180,530,160,440,600,2.75,140,300,440,2.1429,130,230,360,1.7692,110,170,280,1.5455,80,130,210,1.625,80,110,190,1.375,117,66
710,180,530,200,440,640,2.2,140,240,380,1.7143,140,200,340,1.4286,120,170,290,1.4167,100,120,220,1.2,90,100,190,1.1111,117,66
700,180,520,170,420,590,2.4706,140,260,400,1.8571,130,210,340,1.6154,110,150,260,1.3636,90,120,210,1.3333,90,90,180,1.0,117,66
700,180,520,150,410,560,2.7333,130,290,420,2.2308,120,220,340,1.8333,110,160,270,1.4545,90,120,210,1.3333,70,100,170,1.4286,117,66
690,170,530,150,500,650,3.3333,120,350,470,2.9167,110,240,350,2.1818,100,170,270,1.7,80,130,210,1.625,70,110,180,1.5714,117,66
700,180,530,160,420,580,2.625,130,260,390,2.0,120,190,310,1.5833,110,140,250,1.2727,90,100,190,1.1111,80,80,160,1.0,117,66
700,180,520,150,500,650,3.3333,130,340,470,2.6154,120,230,350,1.9167,100,170,270,1.7,90,120,210,1.3333,80,100,180,1.25,117,66
700,180,520,150,480,630,3.2,140,330,470,2.3571,120,260,380,2.1667,110,160,270,1.4545,90,130,220,1.4444,80,110,190,1.375,116,66
700,180,520,170,420,590,2.4706,140,280,420,2.0,130,210,340,1.6154,120,150,270,1.25,100,110,210,1.1,90,90,180,1.0,116,66
710,180,540,200,440,640,2.2,150,270,420,1.8,140,210,350,1.5,120,150,270,1.25,110,110,220,1.0,90,90,180,1.0,116,66
710,170,530,150,430,580,2.8667,130,260,390,2.0,120,200,320,1.6667,100,140,240,1.4,90,110,200,1.2222,80,90,170,1.125,116,66
700,180,520,150,430,580,2.8667,130,280,410,2.1538,130,210,340,1.6154,110,150,260,1.3636,90,110,200,1.2222,80,90,170,1.125,114,65
700,180,520,150,500,650,3.3333,140,340,480,2.4286,120,230,350,1.9167,110,160,270,1.4545,90,120,210,1.3333,80,100,180,1.25,113,65
700,180,530,160,470,630,2.9375,140,340,480,2.4286,130,240,370,1.8462,110,160,270,1.4545,100,120,220,1.2,80,100,180,1.25,114,65
710,170,540,170,440,610,2.5882,130,280,410,2.1538,130,210,340,1.6154,110,150,260,1.3636,90,110,200,1.2222,80,90,170,1.125,113,65
710,170,540,150,430,580,2.8667,130,250,380,1.9231,120,200,320,1.6667,100,140,240,1.4,80,110,190,1.375,80,90,170,1.125,113,65
700,170,530,150,470,620,3.1333,130,250,380,1.9231,120,190,310,1.5833,100,150,250,1.5,80,110,190,1.375,70,90,160,1.2857,112,64
700,180,530,160,460,620,2.875,130,300,430,2.3077,120,220,340,1.8333,110,160,270,1.4545,90,110,200,1.2222,80,90,170,1.125,112,64
720,170,540,150,440,590,2.9333,120,280,400,2.3333,120,210,330,1.75,100,150,250,1.5,80,110,190,1.375,80,100,180,1.25,112,64
700,180,530,160,420,580,2.625,130,280,410,2.1538,120,200,320,1.6667,110,140,250,1.2727,90,100,190,1.1111,80,90,170,1.125,112,64
710,170,530,150,440,590,2.9333,130,270,400,2.0769,110,210,320,1.9091,100,160,260,1.6,80,120,200,1.5,70,100,170,1.4286,112,64
700,180,530,150,450,600,3.0,130,270,400,2.0769,120,210,330,1.75,100,150,250,1.5,90,120,210,1.3333,80,100,180,1.25,111,63
700,170,520,150,450,600,3.0,130,280,410,2.1538,120,210,330,1.75,110,150,260,1.3636,90,120,210,1.3333,70,100,170,1.4286,111,63
700,180,530,150,450,600,3.0,130,320,450,2.4615,120,210,330,1.75,100,150,250,1.5,80,120,200,1.5,80,100,180,1.25,111,63
710,170,540,150,430,580,2.8667,130,260,390,2.0,120,200,320,1.6667,100,150,250,1.5,90,110,200,1.2222,70,90,160,1.2857,111,63
690,190,510,160,460,620,2.875,130,280,410,2.1538,120,210,330,1.75,110,150,260,1.3636,90,120,210,1.3333,80,100,180,1.25,110,63
710,180,520,150,450,600,3.0,130,290,420,2.2308,120,220,340,1.8333,100,170,270,1.7,90,130,220,1.4444,70,120,190,1.7143,110,63
690,190,510,160,400,560,2.5,140,240,380,1.7143,130,190,320,1.4615,120,140,260,1.1667,100,110,210,1.1,80,100,180,1.25,110,63
710,180,540,170,440,610,2.5882,130,260,390,2.0,130,200,330,1.5385,100,150,250,1.5,90,110,200,1.2222,80,90,170,1.125,110,63
700,170,540,160,420,580,2.625,120,230,350,1.9167,120,180,300,1.5,90,140,230,1.5556,80,100,180,1.25,70,90,160,1.2857,109,63
700,180,520,150,480,630,3.2,140,270,410,1.9286,120,200,320,1.6667,100,150,250,1.5,90,110,200,1.2222,80,90,170,1.125,109,62
700,180,520,160,450,610,2.8125,130,250,380,1.9231,120,200,320,1.6667,110,140,250,1.2727,90,110,200,1.2222,80,100,180,1.25,109,62
700,180,520,150,450,600,3.0,130,290,420,2.2308,120,200,320,1.6667,100,150,250,1.5,90,110,200,1.2222,80,90,170,1.125,110,63
710,180,540,160,420,580,2.625,130,260,390,2.0,120,200,320,1.6667,110,150,260,1.3636,90,110,200,1.2222,80,100,180,1.25,110,63
710,170,540,150,430,580,2.8667,130,230,360,1.7692,120,190,310,1.5833,110,140,250,1.2727,90,110,200,1.2222,70,90,160,1.2857,110,63
710,170,540,150,440,590,2.9333,130,210,340,1.6154,120,180,300,1.5,100,140,240,1.4,80,110,190,1.375,70,90,160,1.2857,109,62
850,230,630,190,600,790,3.1579,170,380,550,2.2353,160,290,450,1.8125,140,200,340,1.4286,120,150,270,1.25,100,120,220,1.2,104,57
850,220,650,240,520,760,2.1667,190,390,580,2.0526,180,350,530,1.9444,140,230,370,1.6429,130,160,290,1.2308,120,130,250,1.0833,104,58
830,200,660,180,580,760,3.2222,160,380,540,2.375,140,270,410,1.9286,120,180,300,1.5,110,140,250,1.2727,90,120,210,1.3333,104,58
860,170,640,150,550,700,3.6667,130,370,500,2.8462,120,290,410,2.4167,100,190,290,1.9,80,150,230,1.875,70,120,190,1.7143,103,58
850,230,630,190,610,800,3.2105,160,400,560,2.5,160,330,490,2.0625,140,210,350,1.5,120,150,270,1.25,100,130,230,1.3,104,58
840,220,640,210,450,660,2.1429,170,340,510,2.0,170,290,460,1.7059,140,200,340,1.4286,130,150,280,1.1538,110,130,240,1.1818,104,58
890,200,670,220,490,710,2.2273,170,330,500,1.9412,160,260,420,1.625,130,190,320,1.4615,110,140,250,1.2727,100,120,220,1.2,104,58
860,220,610,180,620,800,3.4444,160,400,560,2.5,150,300,450,2.0,140,200,340,1.4286,120,140,260,1.1667,100,120,220,1.2,103,58
870,250,630,190,470,660,2.4737,150,310,460,2.0667,150,250,400,1.6667,130,180,310,1.3846,120,140,260,1.1667,110,110,220,1.0,103,58
860,220,650,240,500,740,2.0833,190,370,560,1.9474,170,300,470,1.7647,150,220,370,1.4667,130,160,290,1.2308,120,140,260,1.1667,104,58
870,210,660,230,500,730,2.1739,230,350,580,1.5217,180,340,520,1.8889,150,230,380,1.5333,130,160,290,1.2308,110,130,240,1.1818,104,58
860,210,640,180,580,760,3.2222,160,370,530,2.3125,150,280,430,1.8667,130,200,330,1.5385,110,150,260,1.3636,100,130,230,1.3,103,58
860,220,630,190,540,730,2.8421,160,350,510,2.1875,150,270,420,1.8,130,190,320,1.4615,110,150,260,1.3636,100,120,220,1.2,103,58
870,220,660,240,510,750,2.125,170,360,530,2.1176,170,300,470,1.7647,140,210,350,1.5,120,160,280,1.3333,110,130,240,1.1818,104,58
870,210,640,230,450,680,1.9565,180,280,460,1.5556,170,230,400,1.3529,140,170,310,1.2143,120,130,250,1.0833,110,120,230,1.0909,104,58
860,230,650,180,540,720,3.0,160,340,500,2.125,150,280,430,1.8667,130,190,320,1.4615,110,140,250,1.2727,100,120,220,1.2,104,58
870,210,650,180,660,840,3.6667,150,380,530,2.5333,140,290,430,2.0714,120,200,320,1.6667,100,160,260,1.6,90,130,220,1.4444,104,58
880,220,640,180,650,830,3.6111,160,400,560,2.5,150,320,470,2.1333,130,210,340,1.6154,110,170,280,1.5455,90,130,220,1.4444,104,58
910,240,700,260,520,780,2.0,180,370,550,2.0556,170,300,470,1.7647,150,210,360,1.4,130,160,290,1.2308,120,130,250,1.0833,105,59
870,210,650,230,530,760,2.3043,160,360,520,2.25,160,290,450,1.8125,130,200,330,1.5385,120,150,270,1.25,100,130,230,1.3,105,59
870,220,670,180,580,760,3.2222,160,380,540,2.375,150,290,440,1.9333,130,190,320,1.4615,110,150,260,1.3636,100,120,220,1.2,105,59
880,220,660,190,670,860,3.5263,170,400,570,2.3529,150,320,470,2.1333,140,210,350,1.5,120,170,290,1.4167,100,130,230,1.3,105,59
870,210,650,180,660,840,3.6667,170,380,550,2.2353,160,290,450,1.8125,130,200,330,1.5385,120,150,270,1.25,100,130,230,1.3,105,59
900,220,690,200,490,690,2.45,170,330,500,1.9412,160,260,420,1.625,140,180,320,1.2857,120,140,260,1.1667,110,120,230,1.0909,105,59
910,210,700,210,480,690,2.2857,170,320,490,1.8824,160,260,420,1.625,140,180,320,1.2857,110,140,250,1.2727,100,120,220,1.2,105,59
890,210,680,200,540,740,2.7,160,370,530,2.3125,150,290,440,1.9333,130,200,330,1.5385,110,160,270,1.4545,90,130,220,1.4444,105,59
870,220,630,190,640,830,3.3684,170,400,570,2.3529,160,310,470,1.9375,150,210,360,1.4,120,150,270,1.25,110,120,230,1.0909,104,58
860,240,670,200,550,750,2.75,180,380,560,2.1111,170,300,470,1.7647,140,200,340,1.4286,120,150,270,1.25,110,120,230,1.0909,105,58
890,190,690,210,520,730,2.4762,170,350,520,2.0588,160,290,450,1.8125,140,200,340,1.4286,120,150,270,1.25,90,130,220,1.4444,105,58
890,200,670,170,530,700,3.1176,150,350,500,2.3333,140,280,420,2.0,120,200,320,1.6667,100,150,250,1.5,90,130,220,1.4444,104,58
870,220,640,180,560,740,3.1111,170,370,540,2.1765,150,290,440,1.9333,140,200,340,1.4286,120,160,280,1.3333,100,130,230,1.3,104,58
850,230,630,190,570,760,3.0,170,350,520,2.0588,150,280,430,1.8667,140,190,330,1.3571,120,140,260,1.1667,110,120,230,1.0909,104,58
860,220,650,190,490,680,2.5789,170,390,560,2.2941,160,320,480,2.0,140,220,360,1.5714,110,170,280,1.5455,100,130,230,1.3,104,58
890,210,670,230,510,740,2.2174,170,340,510,2.0,160,280,440,1.75,130,200,330,1.5385,120,150,270,1.25,100,130,230,1.3,104,58
860,220,640,180,510,690,2.8333,160,330,490,2.0625,150,270,420,1.8,130,200,330,1.5385,110,150,260,1.3636,90,130,220,1.4444,104,58
860,220,640,180,650,830,3.6111,160,400,560,2.5,150,310,460,2.0667,130,200,330,1.5385,110,150,260,1.3636,100,130,230,1.3,104,58
870,220,640,180,590,770,3.2778,160,410,570,2.5625,150,310,460,2.0667,130,210,340,1.6154,110,160,270,1.4545,100,130,230,1.3,104,58
850,230,640,250,470,720,1.88,190,360,550,1.8947,170,310,480,1.8235,150,220,370,1.4667,120,170,290,1.4167,120,140,260,1.1667,105,58
880,210,670,180,530,710,2.9444,160,410,570,2.5625,150,330,480,2.2,130,210,340,1.6154,110,150,260,1.3636,90,130,220,1.4444,105,59
880,210,660,180,520,700,2.8889,160,310,470,1.9375,140,250,390,1.7857,130,180,310,1.3846,110,140,250,1.2727,90,120,210,1.3333,104,59
850,220,640,190,590,780,3.1053,170,380,550,2.2353,160,300,460,1.875,130,210,340,1.6154,120,150,270,1.25,100,120,220,1.2,105,59
860,210,640,180,650,830,3.6111,160,410,570,2.5625,150,300,450,2.0,130,200,330,1.5385,110,160,270,1.4545,100,130,230,1.3,105,59
860,220,650,190,580,770,3.0526,160,400,560,2.5,160,330,490,2.0625,130,220,350,1.6923,120,160,280,1.3333,110,140,250,1.2727,105,59
880,210,660,230,490,720,2.1304,180,320,500,1.7778,160,270,430,1.6875,140,200,340,1.4286,110,150,260,1.3636,100,120,220,1.2,105,59
870,220,670,200,520,720,2.6,170,320,490,1.8824,150,260,410,1.7333,130,210,340,1.6154,110,150,260,1.3636,100,120,220,1.2,105,59
860,200,650,170,660,830,3.8824,150,430,580,2.8667,140,330,470,2.3571,130,210,340,1.6154,100,160,260,1.6,90,130,220,1.4444,105,59
870,210,640,180,630,810,3.5,150,380,530,2.5333,150,310,460,2.0667,120,200,320,1.6667,110,150,260,1.3636,100,130,230,1.3,105,59
870,230,660,200,500,700,2.5,170,330,500,1.9412,160,280,440,1.75,140,200,340,1.4286,120,150,270,1.25,100,120,220,1.2,105,59
860,210,680,200,470,670,2.35,170,330,500,1.9412,150,280,430,1.8667,130,200,330,1.5385,110,160,270,1.4545,100,130,230,1.3,105,59
870,200,640,180,410,590,2.2778,160,260,420,1.625,130,220,350,1.6923,130,170,300,1.3077,110,130,240,1.1818,90,110,200,1.2222,105,58
860,230,650,210,490,700,2.3333,170,340,510,2.0,160,280,440,1.75,130,200,330,1.5385,120,150,270,1.25,100,130,230,1.3,105,58
930,210,720,180,530,710,2.9444,150,370,520,2.4667,140,300,440,2.1429,120,220,340,1.8333,100,170,270,1.7,90,150,240,1.6667,105,59
880,210,660,180,480,660,2.6667,160,310,470,1.9375,150,250,400,1.6667,130,190,320,1.4615,110,150,260,1.3636,100,120,220,1.2,105,59
880,220,670,180,540,720,3.0,160,340,500,2.125,150,270,420,1.8,130,190,320,1.4615,110,150,260,1.3636,100,120,220,1.2,105,58
900,210,670,170,550,720,3.2353,150,340,490,2.2667,140,270,410,1.9286,120,190,310,1.5833,110,150,260,1.3636,80,130,210,1.625,105,58
870,230,650,190,530,720,2.7895,170,330,500,1.9412,160,260,420,1.625,130,180,310,1.3846,120,140,260,1.1667,100,120,220,1.2,105,58
930,220,710,210,510,720,2.4286,170,350,520,2.0588,160,290,450,1.8125,140,200,340,1.4286,120,150,270,1.25,110,130,240,1.1818,105,59
880,220,660,180,490,670,2.7222,160,310,470,1.9375,150,250,400,1.6667,130,190,320,1.4615,120,150,270,1.25,100,130,230,1.3,105,59
880,220,660,190,460,650,2.4211,170,290,460,1.7059,160,250,410,1.5625,140,170,310,1.2143,120,130,250,1.0833,110,110,220,1.0,105,59
880,220,640,190,530,720,2.7895,170,290,460,1.7059,150,250,400,1.6667,130,180,310,1.3846,120,150,270,1.25,100,120,220,1.2,105,58
920,240,690,190,490,680,2.5789,160,330,490,2.0625,160,260,420,1.625,130,190,320,1.4615,120,140,260,1.1667,100,130,230,1.3,105,58
920,230,700,210,490,700,2.3333,170,330,500,1.9412,170,280,450,1.6471,140,210,350,1.5,130,150,280,1.1538,110,130,240,1.1818,105,59
880,220,660,210,510,720,2.4286,170,360,530,2.1176,160,290,450,1.8125,140,200,340,1.4286,120,150,270,1.25,110,130,240,1.1818,105,59
780,220,670,190,680,870,3.5789,170,390,560,2.2941,150,310,460,2.0667,130,210,340,1.6154,120,160,280,1.3333,100,130,230,1.3,105,59
880,220,670,190,500,690,2.6316,160,330,490,2.0625,160,260,420,1.625,130,190,320,1.4615,120,150,270,1.25,100,130,230,1.3,105,58
930,210,710,230,500,730,2.1739,200,390,590,1.95,170,370,540,2.1765,150,240,390,1.6,120,170,290,1.4167,110,140,250,1.2727,105,59
860,220,650,180,550,730,3.0556,160,350,510,2.1875,150,290,440,1.9333,130,200,330,1.5385,110,150,260,1.3636,100,130,230,1.3,105,59
890,210,630,180,480,660,2.6667,160,320,480,2.0,150,260,410,1.7333,130,190,320,1.4615,110,150,260,1.3636,100,120,220,1.2,105,58
880,260,650,210,660,870,3.1429,170,410,580,2.4118,160,320,480,2.0,140,210,350,1.5,120,150,270,1.25,110,130,240,1.1818,105,58
900,230,690,200,500,700,2.5,170,340,510,2.0,160,270,430,1.6875,140,190,330,1.3571,120,150,270,1.25,110,120,230,1.0909,105,58
940,210,720,220,510,730,2.3182,160,330,490,2.0625,150,260,410,1.7333,130,190,320,1.4615,110,140,250,1.2727,100,110,210,1.1,106,59
870,220,660,190,540,730,2.8421,160,340,500,2.125,160,260,420,1.625,130,190,320,1.4615,120,140,260,1.1667,100,120,220,1.2,105,58
900,210,680,180,640,820,3.5556,150,390,540,2.6,150,320,470,2.1333,120,190,310,1.5833,110,150,260,1.3636,90,130,220,1.4444,105,58
890,220,660,190,550,740,2.8947,160,350,510,2.1875,160,280,440,1.75,130,190,320,1.4615,120,150,270,1.25,100,130,230,1.3,105,58
910,230,690,250,530,780,2.12,180,410,590,2.2778,180,330,510,1.8333,150,210,360,1.4,130,160,290,1.2308,110,130,240,1.1818,105,58
950,220,710,240,610,850,2.5417,210,440,650,2.0952,170,360,530,2.1176,150,230,380,1.5333,130,170,300,1.3077,110,130,240,1.1818,105,58
900,220,670,190,510,700,2.6842,150,350,500,2.3333,150,290,440,1.9333,130,210,340,1.6154,110,160,270,1.4545,90,140,230,1.5556,105,58
920,230,690,250,470,720,1.88,250,320,570,1.28,200,250,450,1.25,160,170,330,1.0625,130,130,260,1.0,130,110,240,0.84615,105,58
880,230,660,250,530,780,2.12,170,380,550,2.2353,170,330,500,1.9412,140,230,370,1.6429,120,170,290,1.4167,110,140,250,1.2727,105,58
860,220,630,190,580,770,3.0526,160,360,520,2.25,150,290,440,1.9333,130,200,330,1.5385,110,150,260,1.3636,100,130,230,1.3,104,58
850,230,630,190,640,830,3.3684,170,400,570,2.3529,160,320,480,2.0,130,210,340,1.6154,110,160,270,1.4545,100,130,230,1.3,105,58
860,220,650,240,500,740,2.0833,200,360,560,1.8,170,300,470,1.7647,140,210,350,1.5,130,160,290,1.2308,110,130,240,1.1818,105,58
850,210,640,200,500,700,2.5,160,340,500,2.125,160,280,440,1.75,130,200,330,1.5385,120,140,260,1.1667,100,120,220,1.2,104,58
850,210,640,170,560,730,3.2941,150,350,500,2.3333,140,270,410,1.9286,130,190,320,1.4615,110,150,260,1.3636,90,130,220,1.4444,104,58
840,210,620,180,540,720,3.0,160,350,510,2.1875,150,290,440,1.9333,130,200,330,1.5385,110,150,260,1.3636,100,130,230,1.3,104,58
830,220,610,190,600,790,3.1579,170,360,530,2.1176,160,290,450,1.8125,140,200,340,1.4286,120,150,270,1.25,100,120,220,1.2,104,58
850,220,650,240,510,750,2.125,170,370,540,2.1765,170,310,480,1.8235,140,210,350,1.5,120,160,280,1.3333,100,130,230,1.3,104,58
880,200,670,180,490,670,2.7222,150,320,470,2.1333,140,270,410,1.9286,120,200,320,1.6667,100,160,260,1.6,90,130,220,1.4444,104,58
850,210,640,180,520,700,2.8889,160,330,490,2.0625,150,260,410,1.7333,130,180,310,1.3846,110,130,240,1.1818,100,110,210,1.1,104,58
880,210,650,170,570,740,3.3529,140,360,500,2.5714,140,280,420,2.0,120,200,320,1.6667,100,150,250,1.5,90,140,230,1.5556,104,58
840,230,620,190,590,780,3.1053,160,370,530,2.3125,150,290,440,1.9333,140,200,340,1.4286,110,150,260,1.3636,110,120,230,1.0909,104,58
910,220,700,240,530,770,2.2083,180,390,570,2.1667,160,320,480,2.0,140,220,360,1.5714,110,160,270,1.4545,100,140,240,1.4,105,59
830,210,600,180,480,660,2.6667,160,320,480,2.0,140,260,400,1.8571,130,190,320,1.4615,100,140,240,1.4,100,120,220,1.2,104,59
870,230,650,180,490,670,2.7222,160,330,490,2.0625,150,260,410,1.7333,130,180,310,1.3846,110,140,250,1.2727,100,120,220,1.2,104,59
840,220,620,190,590,780,3.1053,160,360,520,2.25,160,270,430,1.6875,140,190,330,1.3571,120,140,260,1.1667,110,130,240,1.1818,104,59
860,220,640,180,650,830,3.6111,160,420,580,2.625,150,330,480,2.2,130,220,350,1.6923,110,170,280,1.5455,90,140,230,1.5556,104,59
860,220,650,240,500,740,2.0833,170,360,530,2.1176,170,290,460,1.7059,130,200,330,1.5385,130,160,290,1.2308,110,120,230,1.0909,105,59
870,210,660,230,500,730,2.1739,180,380,560,2.1111,160,300,460,1.875,140,200,340,1.4286,120,140,260,1.1667,110,120,230,1.0909,105,59
880,210,660,180,550,730,3.0556,150,350,500,2.3333,150,270,420,1.8,120,190,310,1.5833,110,150,260,1.3636,90,120,210,1.3333,105,59
870,220,650,190,570,760,3.0,160,360,520,2.25,150,280,430,1.8667,130,190,320,1.4615,110,150,260,1.3636,100,120,220,1.2,105,59
870,230,660,250,520,770,2.08,180,370,550,2.0556,170,300,470,1.7647,140,210,350,1.5,120,160,280,1.3333,110,130,240,1.1818,105,59
880,210,670,200,480,680,2.4,160,300,460,1.875,150,240,390,1.6,130,180,310,1.3846,110,150,260,1.3636,90,130,220,1.4444,105,59
870,210,650,180,560,740,3.1111,160,350,510,2.1875,150,270,420,1.8,130,190,320,1.4615,110,150,260,1.3636,100,120,220,1.2,105,59
840,220,620,190,630,820,3.3158,160,350,510,2.1875,150,270,420,1.8,130,190,320,1.4615,110,150,260,1.3636,110,120,230,1.0909,105,59
880,210,650,230,520,750,2.2609,230,300,530,1.3043,180,240,420,1.3333,140,190,330,1.3571,130,140,270,1.0769,120,120,240,1.0,105,59
860,200,650,170,480,650,2.8235,150,330,480,2.2,140,270,410,1.9286,130,200,330,1.5385,90,160,250,1.7778,90,130,220,1.4444,105,59
860,190,650,180,480,660,2.6667,160,310,470,1.9375,150,260,410,1.7333,120,180,300,1.5,110,140,250,1.2727,90,120,210,1.3333,105,59
860,210,640,180,590,770,3.2778,160,350,510,2.1875,150,270,420,1.8,130,190,320,1.4615,110,140,250,1.2727,100,120,220,1.2,105,59
850,220,630,180,580,760,3.2222,160,380,540,2.375,160,300,460,1.875,130,210,340,1.6154,110,150,260,1.3636,100,140,240,1.4,105,59
860,220,650,180,480,660,2.6667,160,320,480,2.0,150,260,410,1.7333,130,190,320,1.4615,110,150,260,1.3636,100,130,230,1.3,105,59
850,210,640,230,490,720,2.1304,190,430,620,2.2632,170,350,520,2.0588,150,230,380,1.5333,120,160,280,1.3333,110,140,250,1.2727,105,59
860,210,650,180,470,650,2.6111,160,320,480,2.0,150,260,410,1.7333,120,190,310,1.5833,110,150,260,1.3636,90,130,220,1.4444,106,59
850,210,630,180,500,680,2.7778,160,320,480,2.0,150,250,400,1.6667,130,180,310,1.3846,110,140,250,1.2727,100,120,220,1.2,106,59
850,220,620,180,630,810,3.5,150,420,570,2.8,150,320,470,2.1333,120,210,330,1.75,100,150,250,1.5,90,130,220,1.4444,106,59
850,230,620,190,500,690,2.6316,160,320,480,2.0,160,260,420,1.625,130,190,320,1.4615,120,140,260,1.1667,110,120,230,1.0909,106,60
880,230,660,250,490,740,1.96,180,340,520,1.8889,170,280,450,1.6471,140,210,350,1.5,120,160,280,1.3333,110,130,240,1.1818,107,60
880,220,660,180,480,660,2.6667,160,300,460,1.875,150,250,400,1.6667,130,190,320,1.4615,110,140,250,1.2727,100,120,220,1.2,107,60
880,220,550,170,490,660,2.8824,160,330,490,2.0625,150,260,410,1.7333,130,180,310,1.3846,110,140,250,1.2727,90,120,210,1.3333,107,60
880,330,650,190,570,760,3.0,160,370,530,2.3125,150,290,440,1.9333,130,200,330,1.5385,120,150,270,1.25,100,130,230,1.3,107,60
840,230,650,200,540,740,2.7,170,340,510,2.0,160,270,430,1.6875,140,190,330,1.3571,130,140,270,1.0769,110,120,230,1.0909,107,60
880,210,670,180,500,680,2.7778,160,320,480,2.0,150,260,410,1.7333,130,190,320,1.4615,110,150,260,1.3636,100,120,220,1.2,108,61
880,210,650,180,580,760,3.2222,160,360,520,2.25,140,280,420,2.0,130,190,320,1.4615,110,140,250,1.2727,100,120,220,1.2,108,60
880,230,660,180,600,780,3.3333,160,390,550,2.4375,150,300,450,2.0,130,200,330,1.5385,100,160,260,1.6,100,130,230,1.3,108,60
880,220,670,180,520,700,2.8889,160,370,530,2.3125,150,280,430,1.8667,140,200,340,1.4286,110,170,280,1.5455,100,130,230,1.3,109,61
910,210,700,230,530,760,2.3043,170,360,530,2.1176,160,290,450,1.8125,130,210,340,1.6154,100,160,260,1.6,100,150,250,1.5,108,60
900,210,690,170,510,680,3.0,160,330,490,2.0625,150,260,410,1.7333,130,180,310,1.3846,110,140,250,1.2727,90,120,210,1.3333,108,60
890,210,670,180,540,720,3.0,150,350,500,2.3333,150,270,420,1.8,130,190,320,1.4615,110,150,260,1.3636,100,120,220,1.2,108,60
890,220,660,190,580,770,3.0526,160,350,510,2.1875,150,280,430,1.8667,130,200,330,1.5385,120,150,270,1.25,100,130,230,1.3,108,60
880,230,670,190,500,690,2.6316,170,340,510,2.0,160,280,440,1.75,140,190,330,1.3571,120,140,260,1.1667,110,130,240,1.1818,108,60
930,210,720,230,530,760,2.3043,170,360,530,2.1176,160,290,450,1.8125,130,200,330,1.5385,120,160,280,1.3333,100,130,230,1.3,108,60
880,210,670,180,680,860,3.7778,150,420,570,2.8,140,280,420,2.0,120,200,320,1.6667,100,160,260,1.6,90,130,220,1.4444,107,60
880,210,670,180,490,670,2.7222,150,320,470,2.1333,140,260,400,1.8571,130,190,320,1.4615,110,150,260,1.3636,100,120,220,1.2,107,59
890,210,670,180,580,760,3.2222,160,360,520,2.25,150,280,430,1.8667,130,200,330,1.5385,110,170,280,1.5455,100,130,230,1.3,107,59
920,220,720,240,610,850,2.5417,190,430,620,2.2632,180,350,530,1.9444,150,230,380,1.5333,130,160,290,1.2308,110,140,250,1.2727,107,59
940,200,710,220,520,740,2.3636,170,360,530,2.1176,150,300,450,2.0,140,200,340,1.4286,110,150,260,1.3636,110,130,240,1.1818,107,59
870,220,640,190,560,750,2.9474,160,360,520,2.25,150,280,430,1.8667,140,200,340,1.4286,110,150,260,1.3636,110,130,240,1.1818,106,59
880,230,640,190,540,730,2.8421,170,360,530,2.1176,160,290,450,1.8125,140,210,350,1.5,120,160,280,1.3333,100,130,230,1.3,106,59
870,240,650,260,510,770,1.9615,190,360,550,1.8947,180,310,490,1.7222,150,210,360,1.4,130,160,290,1.2308,120,120,240,1.0,107,59
880,220,650,210,530,740,2.5238,170,360,530,2.1176,160,290,450,1.8125,140,200,340,1.4286,120,150,270,1.25,100,130,230,1.3,106,59
860,230,640,190,520,710,2.7368,170,350,520,2.0588,160,280,440,1.75,130,190,320,1.4615,120,140,260,1.1667,110,120,230,1.0909,106,59
890,220,630,190,530,720,2.7895,170,350,520,2.0588,160,280,440,1.75,140,190,330,1.3571,120,150,270,1.25,110,120,230,1.0909,106,59
850,260,620,220,630,850,2.8636,200,430,630,2.15,190,330,520,1.7368,160,200,360,1.25,140,150,290,1.0714,120,110,230,0.91667,106,59
900,230,690,250,530,780,2.12,190,370,560,1.9474,170,310,480,1.8235,150,210,360,1.4,130,160,290,1.2308,120,130,250,1.0833,106,59
840,330,610,210,620,830,2.9524,180,420,600,2.3333,170,290,460,1.7059,150,180,330,1.2,130,130,260,1.0,120,110,230,0.91667,107,59
880,230,670,250,530,780,2.12,180,370,550,2.0556,170,290,460,1.7059,140,200,340,1.4286,130,150,280,1.1538,110,130,240,1.1818,107,59
880,210,660,230,490,720,2.1304,180,300,480,1.6667,170,250,420,1.4706,140,170,310,1.2143,130,110,240,0.84615,110,80,190,0.72727,107,59
880,220,640,190,490,680,2.5789,170,340,510,2.0,150,280,430,1.8667,130,190,320,1.4615,110,130,240,1.1818,100,110,210,1.1,107,59
860,230,640,200,620,820,3.1,170,400,570,2.3529,160,320,480,2.0,140,210,350,1.5,120,160,280,1.3333,100,130,230,1.3,107,59
920,220,700,240,610,850,2.5417,210,440,650,2.0952,180,360,540,2.0,150,230,380,1.5333,130,160,290,1.2308,110,140,250,1.2727,107,60
870,220,650,190,500,690,2.6316,170,330,500,1.9412,160,270,430,1.6875,140,190,330,1.3571,120,140,260,1.1667,100,120,220,1.2,107,60
890,220,630,190,530,720,2.7895,170,370,540,2.1765,160,290,450,1.8125,140,190,330,1.3571,120,140,260,1.1667,110,120,230,1.0909,106,59
850,260,620,220,630,850,2.8636,190,400,590,2.1053,180,310,490,1.7222,150,190,340,1.2667,140,130,270,0.92857,120,120,240,1.0,106,59
870,230,650,180,610,790,3.3889,170,390,560,2.2941,160,320,480,2.0,140,210,350,1.5,120,150,270,1.25,110,130,240,1.1818,106,59
880,220,670,240,490,730,2.0417,240,340,580,1.4167,190,320,510,1.6842,150,240,390,1.6,130,160,290,1.2308,120,140,260,1.1667,107,60
890,210,680,180,520,700,2.8889,160,350,510,2.1875,140,280,420,2.0,130,200,330,1.5385,110,150,260,1.3636,100,120,220,1.2,106,60
890,210,570,190,550,740,2.8947,160,370,530,2.3125,150,290,440,1.9333,130,200,330,1.5385,110,150,260,1.3636,100,120,220,1.2,106,60
850,240,640,200,560,760,2.8,180,380,560,2.1111,170,300,470,1.7647,150,200,350,1.3333,130,150,280,1.1538,110,120,230,1.0909,107,60
880,210,660,230,480,710,2.087,200,310,510,1.55,180,250,430,1.3889,150,170,320,1.1333,120,110,230,0.91667,110,80,190,0.72727,107,60
870,220,640,190,500,690,2.6316,170,330,500,1.9412,150,270,420,1.8,140,200,340,1.4286,120,140,260,1.1667,110,110,220,1.0,107,60
870,230,630,190,640,830,3.3684,170,420,590,2.4706,160,290,450,1.8125,140,200,340,1.4286,110,150,260,1.3636,100,120,220,1.2,107,60
860,240,610,200,620,820,3.1,170,370,540,2.1765,170,290,460,1.7059,150,190,340,1.2667,130,140,270,1.0769,120,120,240,1.0,107,60
860,250,660,200,520,720,2.6,180,360,540,2.0,170,290,460,1.7059,150,200,350,1.3333,120,150,270,1.25,110,120,230,1.0909,107,60
890,200,680,220,510,730,2.3182,190,360,550,1.8947,170,290,460,1.7059,150,210,360,1.4,130,160,290,1.2308,110,140,250,1.2727,108,60
880,210,660,170,520,690,3.0588,160,350,510,2.1875,150,280,430,1.8667,140,200,340,1.4286,110,150,260,1.3636,100,120,220,1.2,108,60
860,230,630,200,640,840,3.2,170,400,570,2.3529,170,300,470,1.7647,140,210,350,1.5,130,150,280,1.1538,110,130,240,1.1818,108,60
860,230,650,220,500,720,2.2727,180,390,570,2.1667,170,330,500,1.9412,150,220,370,1.4667,120,160,280,1.3333,110,130,240,1.1818,109,61
890,210,680,230,520,750,2.2609,180,370,550,2.0556,170,290,460,1.7059,140,210,350,1.5,120,160,280,1.3333,110,130,240,1.1818,109,61
890,210,670,180,560,740,3.1111,160,360,520,2.25,130,290,420,2.2308,130,200,330,1.5385,110,160,270,1.4545,100,120,220,1.2,109,61
870,220,630,200,640,840,3.2,170,430,600,2.5294,160,340,500,2.125,140,210,350,1.5,110,150,260,1.3636,110,130,240,1.1818,109,61
850,240,620,190,630,820,3.3158,170,400,570,2.3529,160,320,480,2.0,140,200,340,1.4286,120,160,280,1.3333,100,120,220,1.2,109,61
870,230,650,220,500,720,2.2727,180,350,530,1.9444,160,280,440,1.75,140,190,330,1.3571,120,150,270,1.25,110,130,240,1.1818,110,61
880,220,670,240,520,760,2.1667,180,360,540,2.0,170,280,450,1.6471,140,200,340,1.4286,130,150,280,1.1538,110,120,230,1.0909,110,61
860,210,640,180,600,780,3.3333,160,340,500,2.125,150,280,430,1.8667,140,190,330,1.3571,110,140,250,1.2727,100,120,220,1.2,109,61
860,220,640,180,560,740,3.1111,160,370,530,2.3125,150,290,440,1.9333,130,200,330,1.5385,110,150,260,1.3636,100,130,230,1.3,109,61
840,220,620,190,630,820,3.3158,170,400,570,2.3529,160,320,480,2.0,140,200,340,1.4286,120,150,270,1.25,100,120,220,1.2,110,61
870,220,660,200,520,720,2.6,170,370,540,2.1765,160,310,470,1.9375,140,210,350,1.5,120,160,280,1.3333,100,130,230,1.3,110,61
870,210,650,230,500,730,2.1739,180,350,530,1.9444,170,290,460,1.7059,140,200,340,1.4286,130,150,280,1.1538,110,120,230,1.0909,110,61
870,220,640,190,490,680,2.5789,160,300,460,1.875,150,230,380,1.5333,130,180,310,1.3846,120,140,260,1.1667,100,110,210,1.1,110,61
860,230,630,190,560,750,2.9474,170,360,530,2.1176,160,280,440,1.75,140,190,330,1.3571,110,150,260,1.3636,100,120,220,1.2,109,61
850,230,630,190,640,830,3.3684,170,410,580,2.4118,160,330,490,2.0625,130,210,340,1.6154,120,150,270,1.25,100,130,230,1.3,109,61
860,220,660,190,520,710,2.7368,170,380,550,2.2353,160,320,480,2.0,140,210,350,1.5,110,160,270,1.4545,100,130,230,1.3,109,61
840,200,640,220,500,720,2.2727,170,340,510,2.0,160,280,440,1.75,130,200,330,1.5385,110,150,260,1.3636,100,140,240,1.4,109,61
880,200,660,170,500,670,2.9412,150,310,460,2.0667,140,250,390,1.7857,120,180,300,1.5,100,130,230,1.3,90,100,190,1.1111,109,61
860,210,640,230,500,730,2.1739,180,340,520,1.8889,170,280,450,1.6471,140,200,340,1.4286,120,150,270,1.25,110,120,230,1.0909,109,61
850,220,640,190,530,720,2.7895,160,340,500,2.125,160,270,430,1.6875,130,180,310,1.3846,110,140,250,1.2727,100,120,220,1.2,109,61
850,210,630,180,540,720,3.0,160,350,510,2.1875,140,290,430,2.0714,130,200,330,1.5385,110,150,260,1.3636,90,130,220,1.4444,108,61
840,220,600,180,610,790,3.3889,170,440,610,2.5882,150,360,510,2.4,140,240,380,1.7143,110,180,290,1.6364,90,140,230,1.5556,108,61
840,240,630,200,500,700,2.5,180,360,540,2.0,170,300,470,1.7647,140,200,340,1.4286,120,150,270,1.25,110,120,230,1.0909,108,61
860,210,650,230,520,750,2.2609,190,400,590,2.1053,170,330,500,1.9412,140,210,350,1.5,120,160,280,1.3333,110,140,250,1.2727,109,61
850,210,640,170,490,660,2.8824,160,330,490,2.0625,150,260,410,1.7333,130,190,320,1.4615,110,140,250,1.2727,100,120,220,1.2,109,61
870,210,630,180,580,760,3.2222,160,370,530,2.3125,150,290,440,1.9333,130,200,330,1.5385,110,150,260,1.3636,90,140,230,1.5556,108,61
850,220,640,180,520,700,2.8889,160,390,550,2.4375,150,330,480,2.2,130,230,360,1.7692,110,170,280,1.5455,100,140,240,1.4,109,61
860,210,650,230,490,720,2.1304,230,360,590,1.5652,180,350,530,1.9444,150,230,380,1.5333,120,170,290,1.4167,110,140,250,1.2727,109,61
860,210,640,170,510,680,3.0,160,340,500,2.125,150,270,420,1.8,130,180,310,1.3846,110,140,250,1.2727,90,120,210,1.3333,109,61
860,220,630,190,550,740,2.8947,160,360,520,2.25,150,280,430,1.8667,120,190,310,1.5833,110,160,270,1.4545,110,130,240,1.1818,109,61
840,220,630,190,500,690,2.6316,170,360,530,2.1176,160,290,450,1.8125,130,200,330,1.5385,120,150,270,1.25,100,130,230,1.3,109,61
870,210,660,230,470,700,2.0435,230,290,520,1.2609,180,230,410,1.2778,150,190,340,1.2667,120,160,280,1.3333,100,130,230,1.3,110,61
880,210,660,180,550,730,3.0556,160,360,520,2.25,150,290,440,1.9333,130,190,320,1.4615,110,140,250,1.2727,90,120,210,1.3333,109,61
890,220,470,190,480,670,2.5263,160,380,540,2.375,160,290,450,1.8125,130,190,320,1.4615,120,150,270,1.25,100,120,220,1.2,109,61
870,230,650,200,520,720,2.6,170,360,530,2.1176,160,300,460,1.875,140,210,350,1.5,120,150,270,1.25,110,130,240,1.1818,109,61
890,220,680,240,510,750,2.125,240,360,600,1.5,200,280,480,1.4,170,190,360,1.1176,150,150,300,1.0,140,120,260,0.85714,109,61
890,210,670,180,530,710,2.9444,150,350,500,2.3333,150,280,430,1.8667,120,190,310,1.5833,110,150,260,1.3636,90,130,220,1.4444,109,61
870,230,640,190,650,840,3.4211,170,410,580,2.4118,160,320,480,2.0,130,210,340,1.6154,120,160,280,1.3333,100,130,230,1.3,109,61
860,230,660,250,510,760,2.04,190,420,610,2.2105,180,350,530,1.9444,150,220,370,1.4667,130,160,290,1.2308,120,140,260,1.1667,109,61
880,200,670,220,520,740,2.3636,160,360,520,2.25,150,290,440,1.9333,130,210,340,1.6154,100,160,260,1.6,100,140,240,1.4,109,61
880,210,660,180,520,700,2.8889,150,360,510,2.4,140,280,420,2.0,130,200,330,1.5385,100,160,260,1.6,90,120,210,1.3333,109,61
850,220,620,180,630,810,3.5,160,400,560,2.5,150,320,470,2.1333,130,200,330,1.5385,110,150,260,1.3636,100,120,220,1.2,108,61
860,230,520,190,530,720,2.7895,150,450,600,3.0,150,330,480,2.2,140,210,350,1.5,110,150,260,1.3636,100,130,230,1.3,108,60
850,210,640,190,500,690,2.6316,170,330,500,1.9412,160,270,430,1.6875,140,190,330,1.3571,120,140,260,1.1667,110,120,230,1.0909,109,61
870,210,560,170,560,730,3.2941,160,370,530,2.3125,140,290,430,2.0714,120,200,320,1.6667,100,150,250,1.5,90,130,220,1.4444,108,61
850,310,630,200,640,840,3.2,170,390,560,2.2941,160,310,470,1.9375,140,200,340,1.4286,120,150,270,1.25,110,120,230,1.0909,109,61
860,220,640,190,650,840,3.4211,160,420,580,2.625,160,330,490,2.0625,140,220,360,1.5714,120,150,270,1.25,100,130,230,1.3,109,61
860,210,660,230,530,760,2.3043,170,350,520,2.0588,160,290,450,1.8125,140,200,340,1.4286,120,150,270,1.25,110,130,240,1.1818,109,61
880,200,660,170,620,790,3.6471,140,420,560,3.0,140,290,430,2.0714,110,200,310,1.8182,100,160,260,1.6,80,140,220,1.75,109,61
860,220,630,190,560,750,2.9474,170,360,530,2.1176,160,280,440,1.75,140,190,330,1.3571,120,140,260,1.1667,100,120,220,1.2,109,61
850,230,630,200,640,840,3.2,170,420,590,2.4706,160,310,470,1.9375,140,200,340,1.4286,120,140,260,1.1667,110,120,230,1.0909,110,61
870,220,650,240,520,760,2.1667,170,390,560,2.2941,160,340,500,2.125,130,220,350,1.6923,120,170,290,1.4167,100,150,250,1.5,110,61
890,220,680,240,500,740,2.0833,170,350,520,2.0588,160,280,440,1.75,140,190,330,1.3571,120,140,260,1.1667,110,120,230,1.0909,110,61
880,210,650,180,520,700,2.8889,160,310,470,1.9375,150,240,390,1.6,130,170,300,1.3077,110,130,240,1.1818,100,120,220,1.2,109,61
850,230,640,190,550,740,2.8947,160,340,500,2.125,160,270,430,1.6875,140,180,320,1.2857,120,130,250,1.0833,110,110,220,1.0,109,61
870,220,670,220,520,740,2.3636,180,380,560,2.1111,150,320,470,2.1333,140,220,360,1.5714,120,160,280,1.3333,110,130,240,1.1818,110,61
900,200,490,220,300,520,1.3636,170,300,470,1.7647,160,280,440,1.75,130,200,330,1.5385,120,140,260,1.1667,100,130,230,1.3,109,61
860,220,640,190,570,760,3.0,170,370,540,2.1765,150,290,440,1.9333,130,200,330,1.5385,120,140,260,1.1667,100,130,230,1.3,109,61
880,220,650,190,660,850,3.4737,160,400,560,2.5,150,330,480,2.2,130,230,360,1.7692,110,170,280,1.5455,100,150,250,1.5,109,61
870,230,660,200,510,710,2.55,170,380,550,2.2353,160,310,470,1.9375,150,190,340,1.2667,120,150,270,1.25,110,130,240,1.1818,109,61
880,210,670,230,510,740,2.2174,230,430,660,1.8696,190,390,580,2.0526,150,240,390,1.6,130,170,300,1.3077,110,140,250,1.2727,109,61
860,210,640,180,520,700,2.8889,170,330,500,1.9412,150,260,410,1.7333,140,180,320,1.2857,120,130,250,1.0833,100,110,210,1.1,109,61
850,220,630,190,620,810,3.2632,160,380,540,2.375,160,300,460,1.875,130,200,330,1.5385,120,150,270,1.25,100,130,230,1.3,108,61
870,210,660,230,520,750,2.2609,170,380,550,2.2353,170,320,490,1.8824,130,230,360,1.7692,110,170,280,1.5455,90,150,240,1.6667,109,61
850,210,630,230,470,700,2.0435,170,290,460,1.7059,160,240,400,1.5,130,200,330,1.5385,120,150,270,1.25,100,130,230,1.3,109,61
850,220,640,170,520,690,3.0588,160,340,500,2.125,140,260,400,1.8571,130,190,320,1.4615,110,140,250,1.2727,90,130,220,1.4444,109,61
860,210,560,170,570,740,3.3529,160,360,520,2.25,140,280,420,2.0,130,200,330,1.5385,110,150,260,1.3636,100,120,220,1.2,109,61
830,300,610,200,620,820,3.1,180,430,610,2.3889,160,330,490,2.0625,150,220,370,1.4667,120,150,270,1.25,110,120,230,1.0909,109,61
860,220,650,240,510,750,2.125,190,370,560,1.9474,170,310,480,1.8235,150,210,360,1.4,120,160,280,1.3333,110,130,240,1.1818,109,61
860,210,650,230,460,690,2.0,180,290,470,1.6111,170,230,400,1.3529,140,170,310,1.2143,120,120,240,1.0,110,90,200,0.81818,109,61
870,210,650,180,500,680,2.7778,150,310,460,2.0667,150,250,400,1.6667,120,190,310,1.5833,110,150,260,1.3636,100,120,220,1.2,109,61
860,230,630,200,640,840,3.2,170,410,580,2.4118,160,310,470,1.9375,150,200,350,1.3333,120,140,260,1.1667,110,120,230,1.0909,109,61
890,230,680,250,530,780,2.12,190,390,580,2.0526,170,320,490,1.8824,150,210,360,1.4,130,160,290,1.2308,120,130,250,1.0833,109,61
910,210,690,220,530,750,2.4091,170,360,530,2.1176,150,300,450,2.0,140,200,340,1.4286,110,150,260,1.3636,110,120,230,1.0909,110,62
870,220,650,180,570,750,3.1667,160,360,520,2.25,150,300,450,2.0,140,200,340,1.4286,110,160,270,1.4545,100,130,230,1.3,110,62
880,230,660,190,670,860,3.5263,170,410,580,2.4118,160,320,480,2.0,140,210,350,1.5,120,160,280,1.3333,110,120,230,1.0909,110,62
930,220,710,240,510,750,2.125,240,380,620,1.5833,190,360,550,1.8947,160,240,400,1.5,130,170,300,1.3077,120,140,260,1.1667,110,62
900,220,670,190,510,700,2.6842,160,350,510,2.1875,150,280,430,1.8667,130,190,320,1.4615,110,150,260,1.3636,100,120,220,1.2,110,62
890,230,570,190,550,740,2.8947,170,360,530,2.1176,160,280,440,1.75,140,190,330,1.3571,120,140,260,1.1667,110,120,230,1.0909,110,62
850,230,670,190,610,800,3.2105,170,400,570,2.3529,150,320,470,2.1333,140,210,350,1.5,110,160,270,1.4545,100,130,230,1.3,110,61
950,180,740,200,540,740,2.7,180,360,540,2.0,150,300,450,2.0,120,210,330,1.75,100,160,260,1.6,80,120,200,1.5,110,61
880,210,670,180,540,720,3.0,160,360,520,2.25,140,280,420,2.0,130,200,330,1.5385,110,150,260,1.3636,100,120,220,1.2,110,61
870,210,650,180,660,840,3.6667,160,430,590,2.6875,150,350,500,2.3333,130,200,330,1.5385,110,150,260,1.3636,100,130,230,1.3,110,61
880,220,650,180,660,840,3.6667,160,410,570,2.5625,150,320,470,2.1333,130,210,340,1.6154,110,160,270,1.4545,80,130,210,1.625,109,61
870,230,650,210,550,760,2.619,180,400,580,2.2222,170,320,490,1.8824,150,210,360,1.4,130,150,280,1.1538,120,130,250,1.0833,109,61
890,220,680,240,510,750,2.125,200,350,550,1.75,180,290,470,1.6111,150,200,350,1.3333,130,140,270,1.0769,120,120,240,1.0,109,61
880,210,650,180,530,710,2.9444,160,350,510,2.1875,150,280,430,1.8667,130,190,320,1.4615,110,140,250,1.2727,100,120,220,1.2,109,61
880,230,650,180,660,840,3.6667,160,430,590,2.6875,150,340,490,2.2667,130,210,340,1.6154,100,160,260,1.6,90,140,230,1.5556,109,60
880,230,650,190,660,850,3.4737,160,410,570,2.5625,160,320,480,2.0,140,210,350,1.5,120,150,270,1.25,100,130,230,1.3,108,60
890,230,680,250,520,770,2.08,180,350,530,1.9444,170,280,450,1.6471,150,230,380,1.5333,130,170,300,1.3077,110,130,240,1.1818,108,60
910,210,690,230,520,750,2.2609,180,360,540,2.0,170,290,460,1.7059,140,200,340,1.4286,120,160,280,1.3333,110,130,240,1.1818,109,60
890,220,680,180,690,870,3.8333,160,370,530,2.3125,150,290,440,1.9333,130,200,330,1.5385,120,150,270,1.25,100,130,230,1.3,109,61
890,210,660,180,590,770,3.2778,150,370,520,2.4667,140,300,440,2.1429,130,220,350,1.6923,100,160,260,1.6,90,140,230,1.5556,108,61
870,230,640,190,650,840,3.4211,160,420,580,2.625,160,320,480,2.0,140,210,350,1.5,120,150,270,1.25,110,130,240,1.1818,108,61
880,230,670,250,520,770,2.08,200,380,580,1.9,180,320,500,1.7778,150,210,360,1.4,130,160,290,1.2308,110,140,250,1.2727,109,61
890,210,670,220,510,730,2.3182,180,350,530,1.9444,160,280,440,1.75,140,200,340,1.4286,120,160,280,1.3333,100,130,230,1.3,109,61
880,240,670,260,530,790,2.0385,190,380,570,2.0,170,310,480,1.8235,150,220,370,1.4667,120,160,280,1.3333,110,140,250,1.2727,110,61
900,210,680,190,520,710,2.7368,170,350,520,2.0588,150,280,430,1.8667,140,190,330,1.3571,110,150,260,1.3636,100,130,230,1.3,110,61
880,220,650,190,600,790,3.1579,170,390,560,2.2941,160,300,460,1.875,140,200,340,1.4286,120,140,260,1.1667,100,120,220,1.2,110,61
870,230,640,200,560,760,2.8,170,350,520,2.0588,170,290,460,1.7059,140,180,320,1.2857,130,140,270,1.0769,110,120,230,1.0909,110,61
850,230,600,200,610,810,3.05,170,450,620,2.6471,160,340,500,2.125,140,230,370,1.6429,120,150,270,1.25,110,130,240,1.1818,110,61
870,250,650,270,520,790,1.9259,170,390,560,2.2941,150,330,480,2.2,130,210,340,1.6154,120,160,280,1.3333,100,130,230,1.3,110,61
880,220,660,240,510,750,2.125,180,410,590,2.2778,160,320,480,2.0,140,220,360,1.5714,120,160,280,1.3333,110,130,240,1.1818,110,61
870,220,650,180,540,720,3.0,160,360,520,2.25,150,270,420,1.8,130,190,320,1.4615,120,140,260,1.1667,100,120,220,1.2,111,61
880,220,630,190,590,780,3.1053,160,370,530,2.3125,150,280,430,1.8667,130,190,320,1.4615,110,150,260,1.3636,110,120,230,1.0909,110,61
890,210,680,230,530,760,2.3043,180,380,560,2.1111,160,320,480,2.0,140,220,360,1.5714,120,170,290,1.4167,100,140,240,1.4,110,61
890,210,680,230,540,770,2.3478,170,390,560,2.2941,170,320,490,1.8824,140,210,350,1.5,120,170,290,1.4167,100,130,230,1.3,110,61
880,210,660,180,670,850,3.7222,160,450,610,2.8125,150,340,490,2.2667,130,210,340,1.6154,110,160,270,1.4545,100,120,220,1.2,110,61
860,220,470,190,480,670,2.5263,170,410,580,2.4118,160,310,470,1.9375,140,200,340,1.4286,120,150,270,1.25,110,120,230,1.0909,110,61
880,230,670,250,510,760,2.04,190,360,550,1.8947,180,300,480,1.6667,150,200,350,1.3333,130,160,290,1.2308,120,120,240,1.0,110,61
890,210,670,230,520,750,2.2609,190,350,540,1.8421,180,280,460,1.5556,150,190,340,1.2667,140,150,290,1.0714,130,120,250,0.92308,110,61
880,220,660,180,570,750,3.1667,150,380,530,2.5333,150,300,450,2.0,130,200,330,1.5385,110,150,260,1.3636,100,130,230,1.3,110,61
880,220,640,190,650,840,3.4211,160,450,610,2.8125,150,360,510,2.4,130,230,360,1.7692,110,150,260,1.3636,110,120,230,1.0909,109,61
860,240,640,200,650,850,3.25,180,400,580,2.2222,160,310,470,1.9375,150,210,360,1.4,120,150,270,1.25,100,120,220,1.2,109,61
880,220,660,240,520,760,2.1667,240,410,650,1.7083,190,340,530,1.7895,160,220,380,1.375,130,160,290,1.2308,120,130,250,1.0833,109,61
890,220,680,180,510,690,2.8333,160,330,490,2.0625,150,260,410,1.7333,130,190,320,1.4615,120,140,260,1.1667,100,120,220,1.2,109,61
880,210,660,180,570,750,3.1667,160,380,540,2.375,150,290,440,1.9333,130,200,330,1.5385,110,150,260,1.3636,100,120,220,1.2,109,61
870,220,660,180,610,790,3.3889,150,390,540,2.6,150,310,460,2.0667,130,220,350,1.6923,110,170,280,1.5455,90,150,240,1.6667,109,61
910,210,690,230,500,730,2.1739,230,320,550,1.3913,210,270,480,1.2857,150,240,390,1.6,130,180,310,1.3846,100,150,250,1.5,109,61
890,220,670,180,540,720,3.0,170,360,530,2.1176,150,300,450,2.0,130,200,330,1.5385,120,150,270,1.25,100,120,220,1.2,110,61
880,220,470,190,480,670,2.5263,170,360,530,2.1176,160,290,450,1.8125,140,200,340,1.4286,120,140,260,1.1667,110,120,230,1.0909,109,61
860,240,650,200,520,720,2.6,180,360,540,2.0,170,300,470,1.7647,140,200,340,1.4286,120,150,270,1.25,110,120,230,1.0909,109,61
890,210,680,230,520,750,2.2609,230,360,590,1.5652,200,290,490,1.45,150,210,360,1.4,140,150,290,1.0714,130,130,260,1.0,110,61
880,210,660,180,530,710,2.9444,160,350,510,2.1875,150,280,430,1.8667,130,190,320,1.4615,110,150,260,1.3636,90,130,220,1.4444,110,62
890,220,650,180,660,840,3.6667,160,450,610,2.8125,150,360,510,2.4,130,230,360,1.7692,110,150,260,1.3636,100,130,230,1.3,110,62
870,240,630,200,640,840,3.2,180,420,600,2.3333,170,320,490,1.8824,140,200,340,1.4286,130,150,280,1.1538,110,120,230,1.0909,110,61
850,240,650,230,500,730,2.1739,190,410,600,2.1579,170,330,500,1.9412,150,210,360,1.4,130,150,280,1.1538,120,130,250,1.0833,110,61
900,200,680,220,520,740,2.3636,180,360,540,2.0,160,300,460,1.875,130,210,340,1.6154,110,160,270,1.4545,100,130,230,1.3,110,61
890,220,670,180,540,720,3.0,160,350,510,2.1875,150,280,430,1.8667,130,190,320,1.4615,120,140,260,1.1667,100,120,220,1.2,110,61
890,220,650,180,660,840,3.6667,160,440,600,2.75,140,330,470,2.3571,130,210,340,1.6154,100,160,260,1.6,100,130,230,1.3,110,61
890,240,670,200,680,880,3.4,180,410,590,2.2778,170,310,480,1.8235,140,200,340,1.4286,130,150,280,1.1538,110,120,230,1.0909,109,61
920,220,700,240,520,760,2.1667,190,360,550,1.8947,170,290,460,1.7059,150,190,340,1.2667,130,160,290,1.2308,100,140,240,1.4,109,61
890,220,670,240,510,750,2.125,180,350,530,1.9444,160,280,440,1.75,150,200,350,1.3333,120,150,270,1.25,110,120,230,1.0909,110,61
900,220,680,190,660,850,3.4737,160,370,530,2.3125,160,270,430,1.6875,130,180,310,1.3846,120,140,260,1.1667,110,110,220,1.0,109,61
910,220,680,190,610,800,3.2105,160,390,550,2.4375,150,300,450,2.0,130,210,340,1.6154,110,160,270,1.4545,100,130,230,1.3,109,61
890,230,670,200,680,880,3.4,170,430,600,2.5294,160,330,490,2.0625,140,210,350,1.5,130,160,290,1.2308,110,130,240,1.1818,109,61
870,230,650,180,660,840,3.6667,170,440,610,2.5882,150,340,490,2.2667,140,220,360,1.5714,110,160,270,1.4545,100,130,230,1.3,110,61
900,220,660,180,600,780,3.3333,160,370,530,2.3125,150,300,450,2.0,130,210,340,1.6154,100,170,270,1.7,90,140,230,1.5556,109,61
870,240,660,190,610,800,3.2105,170,360,530,2.1176,160,290,450,1.8125,140,210,350,1.5,120,150,270,1.25,110,130,240,1.1818,109,61
950,210,720,230,520,750,2.2609,200,380,580,1.9,180,320,500,1.7778,140,220,360,1.5714,120,160,280,1.3333,110,140,250,1.2727,110,61
880,230,650,200,470,670,2.35,170,320,490,1.8824,160,260,420,1.625,140,180,320,1.2857,120,140,260,1.1667,110,110,220,1.0,110,61
870,230,640,200,650,850,3.25,170,380,550,2.2353,160,300,460,1.875,150,200,350,1.3333,120,150,270,1.25,120,120,240,1.0,109,61
870,230,660,190,490,680,2.5789,160,320,480,2.0,150,270,420,1.8,130,190,320,1.4615,110,150,260,1.3636,110,120,230,1.0909,109,61
920,210,700,230,520,750,2.2609,180,360,540,2.0,170,310,480,1.8235,140,220,360,1.5714,110,160,270,1.4545,100,140,240,1.4,110,61
870,220,650,180,570,750,3.1667,170,360,530,2.1176,150,280,430,1.8667,140,200,340,1.4286,110,140,250,1.2727,100,120,220,1.2,110,61
870,220,650,190,550,740,2.8947,170,360,530,2.1176,150,290,440,1.9333,130,200,330,1.5385,110,150,260,1.3636,100,130,230,1.3,110,61
870,220,630,190,640,830,3.3684,160,380,540,2.375,160,300,460,1.875,130,200,330,1.5385,120,150,270,1.25,100,130,230,1.3,110,61
870,240,650,200,560,760,2.8,180,380,560,2.1111,160,310,470,1.9375,150,200,350,1.3333,120,150,270,1.25,110,120,230,1.0909,110,61
870,220,660,240,510,750,2.125,190,360,550,1.8947,180,290,470,1.6111,150,200,350,1.3333,130,150,280,1.1538,110,120,230,1.0909,110,61
870,210,650,180,490,670,2.7222,160,330,490,2.0625,150,260,410,1.7333,130,190,320,1.4615,110,150,260,1.3636,90,130,220,1.4444,110,61
870,220,620,180,570,750,3.1667,160,380,540,2.375,150,300,450,2.0,130,190,320,1.4615,120,140,260,1.1667,100,120,220,1.2,110,61
850,250,620,190,630,820,3.3158,170,410,580,2.4118,160,330,490,2.0625,140,190,330,1.3571,120,150,270,1.25,110,120,230,1.0909,110,61
850,230,610,240,460,700,1.9167,180,350,530,1.9444,170,300,470,1.7647,150,220,370,1.4667,130,150,280,1.1538,120,130,250,1.0833,110,61
840,240,630,210,570,780,2.7143,180,400,580,2.2222,170,310,480,1.8235,150,200,350,1.3333,130,140,270,1.0769,110,120,230,1.0909,110,61
850,210,610,210,450,660,2.1429,170,290,460,1.7059,160,250,410,1.5625,130,180,310,1.3846,110,130,240,1.1818,100,110,210,1.1,110,61
830,240,610,190,560,750,2.9474,170,370,540,2.1765,160,290,450,1.8125,140,200,340,1.4286,120,140,260,1.1667,100,120,220,1.2,110,61
820,220,620,180,550,730,3.0556,160,370,530,2.3125,150,300,450,2.0,130,200,330,1.5385,110,150,260,1.3636,100,130,230,1.3,110,61
840,200,630,220,500,720,2.2727,220,430,650,1.9545,180,350,530,1.9444,150,230,380,1.5333,120,170,290,1.4167,100,140,240,1.4,110,62
860,210,640,180,490,670,2.7222,160,330,490,2.0625,150,270,420,1.8,130,190,320,1.4615,110,140,250,1.2727,100,120,220,1.2,110,62
870,220,630,190,540,730,2.8421,160,350,510,2.1875,150,280,430,1.8667,140,190,330,1.3571,110,140,250,1.2727,110,110,220,1.0,110,62
830,260,620,200,590,790,2.95,180,380,560,2.1111,170,300,470,1.7647,150,190,340,1.2667,130,140,270,1.0769,120,120,240,1.0,110,62
880,210,670,230,500,730,2.1739,230,350,580,1.5217,190,340,530,1.7895,150,250,400,1.6667,120,180,300,1.5,110,160,270,1.4545,110,62
870,210,660,180,500,680,2.7778,150,340,490,2.2667,150,270,420,1.8,130,190,320,1.4615,110,150,260,1.3636,100,120,220,1.2,110,62
880,210,610,180,540,720,3.0,160,370,530,2.3125,140,290,430,2.0714,130,200,330,1.5385,110,150,260,1.3636,100,120,220,1.2,110,62
880,230,660,190,580,770,3.0526,160,370,530,2.3125,160,300,460,1.875,140,200,340,1.4286,120,150,270,1.25,100,130,230,1.3,110,62
900,210,670,180,540,720,3.0,150,360,510,2.4,150,280,430,1.8667,130,190,320,1.4615,110,150,260,1.3636,100,130,230,1.3,111,62
880,230,640,200,650,850,3.25,170,450,620,2.6471,160,360,520,2.25,140,190,330,1.3571,130,140,270,1.0769,110,120,230,1.0909,111,62
870,240,640,200,650,850,3.25,170,400,570,2.3529,170,310,480,1.8235,140,200,340,1.4286,130,140,270,1.0769,110,120,230,1.0909,110,62
860,230,650,220,590,810,2.6818,180,410,590,2.2778,170,340,510,2.0,150,220,370,1.4667,120,160,280,1.3333,120,130,250,1.0833,111,62
880,210,670,230,500,730,2.1739,180,360,540,2.0,170,280,450,1.6471,140,200,340,1.4286,120,160,280,1.3333,110,130,240,1.1818,111,62
920,210,670,180,520,700,2.8889,150,350,500,2.3333,140,280,420,2.0,130,200,330,1.5385,110,150,260,1.3636,100,120,220,1.2,111,62
880,250,640,210,650,860,3.0952,180,430,610,2.3889,180,330,510,1.8333,150,200,350,1.3333,130,140,270,1.0769,110,110,220,1.0,111,62
880,240,640,200,650,850,3.25,180,440,620,2.4444,170,340,510,2.0,140,200,340,1.4286,130,150,280,1.1538,110,120,230,1.0909,111,62
900,240,680,260,520,780,2.0,190,360,550,1.8947,180,290,470,1.6111,140,240,380,1.7143,130,170,300,1.3077,110,150,260,1.3636,111,62
890,220,670,240,500,740,2.0833,180,350,530,1.9444,160,290,450,1.8125,150,200,350,1.3333,120,140,260,1.1667,110,120,230,1.0909,112,62
590,220,520,190,530,720,2.7895,170,350,520,2.0588,160,280,440,1.75,130,190,320,1.4615,120,140,260,1.1667,100,120,220,1.2,111,62
820,220,640,190,650,840,3.4211,160,430,590,2.6875,150,330,480,2.2,140,220,360,1.5714,110,160,270,1.4545,100,140,240,1.4,111,62
880,210,660,230,510,740,2.2174,170,350,520,2.0588,170,290,460,1.7059,140,200,340,1.4286,120,150,270,1.25,110,130,240,1.1818,111,62
870,220,640,190,540,730,2.8421,170,370,540,2.1765,160,290,450,1.8125,130,190,320,1.4615,120,140,260,1.1667,100,120,220,1.2,111,62
850,230,610,190,580,770,3.0526,160,380,540,2.375,160,300,460,1.875,140,190,330,1.3571,120,140,260,1.1667,110,120,230,1.0909,111,62
850,240,580,190,590,780,3.1053,170,410,580,2.4118,160,330,490,2.0625,130,210,340,1.6154,120,160,280,1.3333,100,140,240,1.4,111,62
860,270,640,290,500,790,1.7241,180,370,550,2.0556,170,310,480,1.8235,150,210,360,1.4,130,160,290,1.2308,100,130,230,1.3,111,62
870,220,650,210,500,710,2.381,170,340,510,2.0,150,280,430,1.8667,140,190,330,1.3571,120,140,260,1.1667,110,120,230,1.0909,111,62
870,220,650,190,540,730,2.8421,160,330,490,2.0625,150,260,410,1.7333,130,180,310,1.3846,110,130,240,1.1818,100,100,200,1.0,111,62
870,220,640,180,570,750,3.1667,160,370,530,2.3125,150,290,440,1.9333,130,200,330,1.5385,110,160,270,1.4545,100,130,230,1.3,111,62
860,230,620,200,630,830,3.15,170,410,580,2.4118,150,320,470,2.1333,140,210,350,1.5,120,150,270,1.25,110,130,240,1.1818,111,62
860,240,650,260,510,770,1.9615,190,380,570,2.0,180,310,490,1.7222,150,220,370,1.4667,130,160,290,1.2308,110,130,240,1.1818,110,62
870,210,650,210,500,710,2.381,170,340,510,2.0,160,280,440,1.75,130,200,330,1.5385,120,160,280,1.3333,100,130,230,1.3,111,62
870,220,640,190,590,780,3.1053,150,380,530,2.5333,150,300,450,2.0,130,200,330,1.5385,120,150,270,1.25,100,130,230,1.3,111,62
860,230,630,190,550,740,2.8947,170,350,520,2.0588,160,280,440,1.75,140,190,330,1.3571,110,150,260,1.3636,110,120,230,1.0909,111,62
840,230,630,190,640,830,3.3684,170,410,580,2.4118,160,330,490,2.0625,140,220,360,1.5714,120,170,290,1.4167,100,130,230,1.3,110,62
850,210,630,230,490,720,2.1304,170,350,520,2.0588,170,290,460,1.7059,130,190,320,1.4615,120,140,260,1.1667,110,120,230,1.0909,110,62
880,220,670,210,510,720,2.4286,170,360,530,2.1176,160,290,450,1.8125,140,210,350,1.5,120,150,270,1.25,100,120,220,1.2,111,62
880,210,650,180,540,720,3.0,160,360,520,2.25,150,280,430,1.8667,130,210,340,1.6154,110,150,260,1.3636,90,130,220,1.4444,111,62
860,230,610,190,550,740,2.8947,170,360,530,2.1176,160,280,440,1.75,140,190,330,1.3571,120,140,260,1.1667,110,120,230,1.0909,111,62
870,230,650,250,500,750,2.0,190,350,540,1.8421,170,300,470,1.7647,150,210,360,1.4,120,150,270,1.25,120,130,250,1.0833,111,62
850,220,630,240,470,710,1.9583,190,300,490,1.5789,170,260,430,1.5294,150,200,350,1.3333,130,150,280,1.1538,110,130,240,1.1818,112,63
860,220,650,180,540,720,3.0,160,350,510,2.1875,140,280,420,2.0,120,190,310,1.5833,110,140,250,1.2727,90,130,220,1.4444,112,63
870,210,570,180,560,740,3.1111,160,370,530,2.3125,150,290,440,1.9333,130,200,330,1.5385,110,150,260,1.3636,100,120,220,1.2,112,63
860,220,650,240,500,740,2.0833,180,370,550,2.0556,170,310,480,1.8235,150,210,360,1.4,130,160,290,1.2308,110,130,240,1.1818,111,62
860,230,640,190,540,730,2.8421,170,350,520,2.0588,160,280,440,1.75,140,190,330,1.3571,120,140,260,1.1667,100,120,220,1.2,112,62
840,240,610,200,620,820,3.1,180,420,600,2.3333,170,320,490,1.8824,150,200,350,1.3333,130,140,270,1.0769,120,120,240,1.0,111,62
880,230,660,250,530,780,2.12,190,380,570,2.0,170,330,500,1.9412,150,220,370,1.4667,130,160,290,1.2308,120,140,260,1.1667,111,62
890,220,680,240,500,740,2.0833,170,340,510,2.0,150,270,420,1.8,140,190,330,1.3571,100,140,240,1.4,100,120,220,1.2,111,62
890,210,670,180,550,730,3.0556,160,370,530,2.3125,150,290,440,1.9333,130,200,330,1.5385,110,150,260,1.3636,90,130,220,1.4444,111,62
880,230,650,190,660,850,3.4737,170,450,620,2.6471,160,350,510,2.1875,140,210,350,1.5,120,150,270,1.25,110,130,240,1.1818,110,62
890,230,670,250,500,750,2.0,250,380,630,1.52,190,350,540,1.8421,160,230,390,1.4375,140,170,310,1.2143,120,140,260,1.1667,111,62
910,220,690,190,520,710,2.7368,160,350,510,2.1875,160,290,450,1.8125,130,210,340,1.6154,120,140,260,1.1667,100,130,230,1.3,111,62
890,220,610,190,560,750,2.9474,160,370,530,2.3125,150,290,440,1.9333,140,190,330,1.3571,100,140,240,1.4,100,110,210,1.1,110,62
890,280,640,210,650,860,3.0952,180,440,620,2.4444,160,340,500,2.125,140,220,360,1.5714,120,150,270,1.25,110,130,240,1.1818,110,62
860,250,650,210,660,870,3.1429,180,410,590,2.2778,170,320,490,1.8824,150,210,360,1.4,130,150,280,1.1538,120,130,250,1.0833,110,62
900,210,680,230,490,720,2.1304,190,330,520,1.7368,170,270,440,1.5882,140,180,320,1.2857,120,120,240,1.0,110,80,190,0.72727,110,62
900,220,680,190,530,720,2.7895,170,350,520,2.0588,150,280,430,1.8667,130,200,330,1.5385,110,150,260,1.3636,100,130,230,1.3,111,62
890,220,660,190,670,860,3.5263,160,440,600,2.75,150,350,500,2.3333,140,200,340,1.4286,110,150,260,1.3636,100,120,220,1.2,110,62
880,230,640,190,650,840,3.4211,170,390,560,2.2941,160,300,460,1.875,140,200,340,1.4286,120,150,270,1.25,110,120,230,1.0909,110,61
890,230,670,250,520,770,2.08,190,360,550,1.8947,160,300,460,1.875,140,210,350,1.5,120,160,280,1.3333,110,130,240,1.1818,110,62
880,220,650,190,480,670,2.5263,170,330,500,1.9412,150,270,420,1.8,140,190,330,1.3571,110,140,250,1.2727,100,120,220,1.2,110,62
870,230,640,190,640,830,3.3684,170,400,570,2.3529,160,320,480,2.0,140,200,340,1.4286,120,150,270,1.25,100,120,220,1.2,110,62
890,240,660,210,490,700,2.3333,180,320,500,1.7778,170,290,460,1.7059,140,200,340,1.4286,120,150,270,1.25,110,120,230,1.0909,110,61
900,230,680,250,510,760,2.04,200,350,550,1.75,180,290,470,1.6111,160,200,360,1.25,130,150,280,1.1538,120,130,250,1.0833,110,61
900,220,660,190,650,840,3.4211,170,390,560,2.2941,150,310,460,2.0667,130,190,320,1.4615,110,150,260,1.3636,100,130,230,1.3,110,61
870,240,650,200,560,760,2.8,170,370,540,2.1765,170,290,460,1.7059,140,190,330,1.3571,120,140,260,1.1667,110,120,230,1.0909,110,61
880,220,650,180,660,840,3.6667,160,420,580,2.625,150,330,480,2.2,130,220,350,1.6923,110,160,270,1.4545,90,140,230,1.5556,110,61
870,230,650,210,510,720,2.4286,180,370,550,2.0556,160,300,460,1.875,150,210,360,1.4,120,160,280,1.3333,120,130,250,1.0833,110,61
880,220,660,240,500,740,2.0833,190,350,540,1.8421,170,290,460,1.7059,150,200,350,1.3333,120,150,270,1.25,110,120,230,1.0909,110,61
880,220,650,190,530,720,2.7895,160,350,510,2.1875,150,270,420,1.8,130,190,320,1.4615,100,140,240,1.4,100,110,210,1.1,110,61
870,230,650,190,560,750,2.9474,170,370,540,2.1765,160,300,460,1.875,140,200,340,1.4286,110,150,260,1.3636,110,130,240,1.1818,110,61
870,220,610,190,620,810,3.2632,160,420,580,2.625,160,330,490,2.0625,140,220,360,1.5714,120,160,280,1.3333,100,130,230,1.3,109,61
870,260,650,220,510,730,2.3182,190,370,560,1.9474,170,300,470,1.7647,150,210,360,1.4,130,150,280,1.1538,120,120,240,1.0,109,61
850,220,650,240,480,720,2.0,180,340,520,1.8889,170,270,440,1.5882,150,190,340,1.2667,120,140,260,1.1667,120,120,240,1.0,110,61
900,200,690,170,530,700,3.1176,140,340,480,2.4286,130,270,400,2.0769,110,200,310,1.8182,90,150,240,1.6667,80,130,210,1.625,110,61
880,210,650,180,550,730,3.0556,150,360,510,2.4,150,290,440,1.9333,130,200,330,1.5385,100,150,250,1.5,100,130,230,1.3,109,61
860,230,620,200,630,830,3.15,180,450,630,2.5,170,350,520,2.0588,150,200,350,1.3333,120,150,270,1.25,110,120,230,1.0909,109,61
850,240,640,240,520,760,2.1667,190,370,560,1.9474,180,310,490,1.7222,160,210,370,1.3125,130,150,280,1.1538,120,130,250,1.0833,109,61
900,210,680,230,510,740,2.2174,170,360,530,2.1176,150,290,440,1.9333,140,200,340,1.4286,110,160,270,1.4545,90,130,220,1.4444,110,61
880,220,650,190,540,730,2.8421,160,360,520,2.25,160,280,440,1.75,140,190,330,1.3571,120,140,260,1.1667,110,120,230,1.0909,110,61
900,230,630,200,520,720,2.6,170,340,510,2.0,160,270,430,1.6875,140,190,330,1.3571,120,140,260,1.1667,100,120,220,1.2,109,61
830,270,610,220,620,840,2.8182,200,450,650,2.25,190,340,530,1.7895,170,200,370,1.1765,140,130,270,0.92857,130,110,240,0.84615,109,61
890,220,670,240,530,770,2.2083,170,390,560,2.2941,170,330,500,1.9412,140,230,370,1.6429,120,170,290,1.4167,100,140,240,1.4,109,61
890,220,680,240,480,720,2.0,180,330,510,1.8333,170,310,480,1.8235,140,210,350,1.5,130,160,290,1.2308,110,130,240,1.1818,110,61
910,210,680,190,500,690,2.6316,160,350,510,2.1875,150,280,430,1.8667,130,200,330,1.5385,110,150,260,1.3636,100,140,240,1.4,110,61
880,230,550,190,560,750,2.9474,170,400,570,2.3529,150,320,470,2.1333,140,200,340,1.4286,120,160,280,1.3333,100,130,230,1.3,110,61
890,330,640,200,650,850,3.25,170,400,570,2.3529,160,320,480,2.0,140,200,340,1.4286,120,160,280,1.3333,110,120,230,1.0909,110,61
820,250,650,240,450,690,1.875,190,340,530,1.7895,180,280,460,1.5556,150,200,350,1.3333,130,160,290,1.2308,120,120,240,1.0,110,61
860,220,650,200,520,720,2.6,170,350,520,2.0588,160,290,450,1.8125,140,190,330,1.3571,120,140,260,1.1667,110,120,230,1.0909,110,62
890,220,660,170,670,840,3.9412,160,400,560,2.5,150,320,470,2.1333,140,220,360,1.5714,110,160,270,1.4545,100,130,230,1.3,110,61
910,230,700,250,560,810,2.24,200,410,610,2.05,190,340,530,1.7895,150,220,370,1.4667,130,160,290,1.2308,120,140,260,1.1667,110,62
900,210,680,180,540,720,3.0,160,360,520,2.25,140,280,420,2.0,130,200,330,1.5385,110,160,270,1.4545,100,130,230,1.3,110,62
900,220,690,180,590,770,3.2778,160,370,530,2.3125,150,300,450,2.0,120,200,320,1.6667,110,150,260,1.3636,90,130,220,1.4444,110,62
890,230,680,190,690,880,3.6316,170,440,610,2.5882,150,360,510,2.4,140,220,360,1.5714,110,170,280,1.5455,100,140,240,1.4,110,61
930,210,700,230,480,710,2.087,230,320,550,1.3913,180,250,430,1.3889,150,170,320,1.1333,120,140,260,1.1667,120,140,260,1.1667,110,61
880,230,660,180,470,650,2.6111,170,320,490,1.8824,140,250,390,1.7857,130,180,310,1.3846,120,130,250,1.0833,100,110,210,1.1,110,61
900,220,660,170,640,810,3.7647,150,310,460,2.0667,140,250,390,1.7857,120,180,300,1.5,100,140,240,1.4,90,130,220,1.4444,109,61
890,200,710,170,530,700,3.1176,160,380,540,2.375,150,300,450,2.0,130,210,340,1.6154,110,160,270,1.4545,90,130,220,1.4444,109,61
870,240,630,200,590,790,2.95,180,380,560,2.1111,160,300,460,1.875,140,200,340,1.4286,130,140,270,1.0769,110,120,230,1.0909,108,60
880,240,670,260,520,780,2.0,220,360,580,1.6364,200,310,510,1.55,170,250,420,1.4706,140,170,310,1.2143,130,140,270,1.0769,108,60
890,210,660,210,490,700,2.3333,170,330,500,1.9412,160,270,430,1.6875,140,190,330,1.3571,120,150,270,1.25,100,130,230,1.3,108,60
880,230,550,170,550,720,3.2353,160,360,520,2.25,150,280,430,1.8667,130,200,330,1.5385,110,150,260,1.3636,100,120,220,1.2,108,60
890,330,660,190,620,810,3.2632,160,390,550,2.4375,150,300,450,2.0,130,200,330,1.5385,110,160,270,1.4545,100,130,230,1.3,107,60
830,230,630,190,540,730,2.8421,170,350,520,2.0588,160,280,440,1.75,150,190,340,1.2667,120,150,270,1.25,110,120,230,1.0909,107,60
880,200,670,220,520,740,2.3636,150,360,510,2.4,140,310,450,2.2143,120,220,340,1.8333,100,160,260,1.6,90,130,220,1.4444,107,60
880,210,670,190,490,680,2.5789,160,340,500,2.125,150,280,430,1.8667,130,200,330,1.5385,110,170,280,1.5455,100,130,230,1.3,108,60
870,210,640,180,600,780,3.3333,160,380,540,2.375,150,270,420,1.8,130,190,320,1.4615,110,150,260,1.3636,100,130,230,1.3,108,61
860,230,640,190,510,700,2.6842,170,330,500,1.9412,160,260,420,1.625,140,180,320,1.2857,120,130,250,1.0833,110,120,230,1.0909,108,61
870,220,650,190,550,740,2.8947,160,350,510,2.1875,150,280,430,1.8667,140,200,340,1.4286,110,150,260,1.3636,100,130,230,1.3,108,61
880,220,670,220,510,730,2.3182,180,370,550,2.0556,160,310,470,1.9375,140,210,350,1.5,120,160,280,1.3333,100,130,230,1.3,109,61
900,210,680,180,500,680,2.7778,160,350,510,2.1875,150,280,430,1.8667,130,200,330,1.5385,110,160,270,1.4545,100,130,230,1.3,109,61
900,220,680,180,620,800,3.4444,160,380,540,2.375,150,290,440,1.9333,130,190,320,1.4615,110,140,250,1.2727,100,110,210,1.1,109,61
910,220,670,180,560,740,3.1111,160,360,520,2.25,150,280,430,1.8667,140,200,340,1.4286,110,150,260,1.3636,100,120,220,1.2,109,61
890,240,660,210,530,740,2.5238,170,350,520,2.0588,170,280,450,1.6471,150,190,340,1.2667,130,140,270,1.0769,120,120,240,1.0,109,61
950,230,710,250,520,770,2.08,180,370,550,2.0556,170,310,480,1.8235,140,210,350,1.5,130,160,290,1.2308,110,130,240,1.1818,109,61
900,240,680,190,660,850,3.4737,170,360,530,2.1176,150,290,440,1.9333,130,200,330,1.5385,110,140,250,1.2727,100,120,220,1.2,110,62
900,220,660,190,490,680,2.5789,170,320,490,1.8824,150,260,410,1.7333,140,190,330,1.3571,110,140,250,1.2727,110,120,230,1.0909,110,62
900,240,660,200,610,810,3.05,170,380,550,2.2353,170,290,460,1.7059,140,200,340,1.4286,130,150,280,1.1538,110,130,240,1.1818,110,62
890,240,670,190,550,740,2.8947,170,360,530,2.1176,160,300,460,1.875,140,200,340,1.4286,110,150,260,1.3636,110,130,240,1.1818,110,62
900,220,670,240,510,750,2.125,180,360,540,2.0,160,300,460,1.875,140,210,350,1.5,120,150,270,1.25,110,130,240,1.1818,110,62
910,230,680,180,600,780,3.3333,160,370,530,2.3125,150,280,430,1.8667,130,180,310,1.3846,110,130,240,1.1818,100,110,210,1.1,110,62
890,230,660,190,510,700,2.6842,170,330,500,1.9412,160,260,420,1.625,130,180,310,1.3846,120,130,250,1.0833,110,120,230,1.0909,110,62
870,230,660,180,520,700,2.8889,170,370,540,2.1765,140,290,430,2.0714,140,200,340,1.4286,110,150,260,1.3636,100,120,220,1.2,110,62
890,210,670,190,510,700,2.6842,170,350,520,2.0588,160,290,450,1.8125,140,200,340,1.4286,120,140,260,1.1667,110,120,230,1.0909,109,61
880,220,670,240,510,750,2.125,180,350,530,1.9444,170,280,450,1.6471,140,200,340,1.4286,120,150,270,1.25,110,120,230,1.0909,109,61
880,210,660,180,530,710,2.9444,160,340,500,2.125,150,270,420,1.8,130,190,320,1.4615,110,150,260,1.3636,100,120,220,1.2,110,61
900,220,650,180,520,700,2.8889,160,340,500,2.125,150,270,420,1.8,140,190,330,1.3571,110,140,250,1.2727,100,120,220,1.2,109,61
850,250,620,200,630,830,3.15,180,380,560,2.1111,170,290,460,1.7059,150,180,330,1.2,130,140,270,1.0769,120,110,230,0.91667,109,61
850,230,640,210,490,700,2.3333,170,350,520,2.0588,170,290,460,1.7059,130,210,340,1.6154,130,150,280,1.1538,110,130,240,1.1818,109,61
880,210,670,230,480,710,2.087,170,330,500,1.9412,170,310,480,1.8235,140,210,350,1.5,120,160,280,1.3333,100,130,230,1.3,109,61
880,210,660,180,600,780,3.3333,150,380,530,2.5333,140,300,440,2.1429,130,200,330,1.5385,100,170,270,1.7,100,130,230,1.3,109,61
870,220,590,180,500,680,2.7778,160,320,480,2.0,150,260,410,1.7333,130,190,320,1.4615,110,150,260,1.3636,100,120,220,1.2,109,61
850,280,620,210,630,840,3.0,170,390,560,2.2941,170,300,470,1.7647,140,210,350,1.5,130,150,280,1.1538,110,130,240,1.1818,109,61
880,230,660,200,510,710,2.55,170,360,530,2.1176,160,290,450,1.8125,140,210,350,1.5,120,160,280,1.3333,100,130,230,1.3,109,61
880,220,660,240,490,730,2.0417,180,310,490,1.7222,170,240,410,1.4118,140,170,310,1.2143,130,130,260,1.0,110,90,200,0.81818,109,61
880,220,640,180,530,710,2.9444,160,340,500,2.125,150,270,420,1.8,140,190,330,1.3571,110,140,250,1.2727,100,120,220,1.2,109,61
880,240,640,190,650,840,3.4211,170,440,610,2.5882,150,260,410,1.7333,140,190,330,1.3571,120,140,260,1.1667,100,120,220,1.2,109,61
880,240,640,190,560,750,2.9474,180,350,530,1.9444,160,280,440,1.75,140,200,340,1.4286,120,150,270,1.25,100,120,220,1.2,109,61
880,240,670,240,560,800,2.3333,180,370,550,2.0556,170,310,480,1.8235,150,200,350,1.3333,130,160,290,1.2308,110,130,240,1.1818,110,62
910,210,690,210,500,710,2.381,170,340,510,2.0,160,280,440,1.75,140,190,330,1.3571,120,140,260,1.1667,110,130,240,1.1818,110,62
910,220,680,180,540,720,3.0,160,350,510,2.1875,150,280,430,1.8667,130,190,320,1.4615,110,150,260,1.3636,90,130,220,1.4444,110,62
870,220,660,190,470,660,2.4737,160,320,480,2.0,160,250,410,1.5625,140,180,320,1.2857,120,140,260,1.1667,100,120,220,1.2,110,62
860,210,570,180,540,720,3.0,160,340,500,2.125,150,260,410,1.7333,130,180,310,1.3846,120,140,260,1.1667,100,120,220,1.2,110,62
840,290,620,190,580,770,3.0526,170,360,530,2.1176,160,290,450,1.8125,140,200,340,1.4286,120,150,270,1.25,100,120,220,1.2,109,61
840,220,610,180,520,700,2.8889,160,340,500,2.125,150,270,420,1.8,140,200,340,1.4286,120,150,270,1.25,100,120,220,1.2,109,61
840,230,630,250,460,710,1.84,170,310,480,1.8235,170,240,410,1.4118,140,180,320,1.2857,120,120,240,1.0,110,110,220,1.0,109,61
830,210,620,190,470,660,2.4737,160,300,460,1.875,150,240,390,1.6,140,170,310,1.2143,120,130,250,1.0833,100,110,210,1.1,110,62
850,210,630,170,570,740,3.3529,160,330,490,2.0625,140,250,390,1.7857,130,180,310,1.3846,110,140,250,1.2727,90,120,210,1.3333,109,62
830,220,610,190,490,680,2.5789,170,330,500,1.9412,160,250,410,1.5625,140,180,320,1.2857,120,130,250,1.0833,110,110,220,1.0,109,61
830,220,600,190,530,720,2.7895,170,320,490,1.8824,160,250,410,1.5625,140,180,320,1.2857,120,130,250,1.0833,110,110,220,1.0,109,62
840,220,620,190,470,660,2.4737,170,300,470,1.7647,160,250,410,1.5625,140,170,310,1.2143,120,130,250,1.0833,110,110,220,1.0,110,62
850,220,640,170,530,700,3.1176,160,330,490,2.0625,140,260,400,1.8571,130,190,320,1.4615,100,140,240,1.4,90,130,220,1.4444,110,62
850,210,630,180,490,670,2.7222,150,320,470,2.1333,140,260,400,1.8571,130,190,320,1.4615,110,140,250,1.2727,100,120,220,1.2,109,62
840,220,620,190,510,700,2.6842,170,330,500,1.9412,150,270,420,1.8,140,190,330,1.3571,110,140,250,1.2727,110,120,230,1.0909,109,62
870,220,650,210,510,720,2.4286,170,360,530,2.1176,150,290,440,1.9333,140,200,340,1.4286,110,150,260,1.3636,110,130,240,1.1818,110,62
870,220,650,190,480,670,2.5263,170,320,490,1.8824,150,250,400,1.6667,140,190,330,1.3571,110,140,250,1.2727,100,120,220,1.2,110,62
850,220,640,180,570,750,3.1667,160,350,510,2.1875,150,270,420,1.8,120,180,300,1.5,120,140,260,1.1667,100,120,220,1.2,110,62
880,210,640,170,520,690,3.0588,150,330,480,2.2,140,270,410,1.9286,130,200,330,1.5385,100,150,250,1.5,100,120,220,1.2,110,62
860,240,630,190,520,710,2.7368,180,330,510,1.8333,150,270,420,1.8,140,190,330,1.3571,120,140,260,1.1667,110,120,230,1.0909,110,62
880,230,660,210,500,710,2.381,180,350,530,1.9444,160,290,450,1.8125,150,200,350,1.3333,120,150,270,1.25,120,130,250,1.0833,110,62
890,220,670,200,500,700,2.5,160,330,490,2.0625,160,260,420,1.625,140,180,320,1.2857,120,140,260,1.1667,110,120,230,1.0909,110,63
890,220,670,180,680,860,3.7778,160,410,570,2.5625,150,300,450,2.0,130,190,320,1.4615,120,140,260,1.1667,110,120,230,1.0909,111,63
880,220,640,190,520,710,2.7368,170,330,500,1.9412,150,270,420,1.8,140,190,330,1.3571,110,140,250,1.2727,100,120,220,1.2,110,63
870,240,650,200,470,670,2.35,170,320,490,1.8824,160,270,430,1.6875,140,200,340,1.4286,120,150,270,1.25,100,120,220,1.2,110,63
890,220,680,220,510,730,2.3182,170,360,530,2.1176,160,300,460,1.875,140,210,350,1.5,110,160,270,1.4545,100,130,230,1.3,110,63
920,210,690,180,630,810,3.5,150,340,490,2.2667,140,270,410,1.9286,130,200,330,1.5385,100,160,260,1.6,90,130,220,1.4444,111,63
890,230,660,190,480,670,2.5263,170,320,490,1.8824,160,260,420,1.625,140,190,330,1.3571,110,140,250,1.2727,100,120,220,1.2,111,63
870,230,640,190,650,840,3.4211,170,410,580,2.4118,160,310,470,1.9375,150,190,340,1.2667,120,150,270,1.25,110,120,230,1.0909,111,63
890,230,670,190,540,730,2.8421,170,360,530,2.1176,150,280,430,1.8667,140,200,340,1.4286,120,150,270,1.25,100,120,220,1.2,110,62
910,220,700,240,510,750,2.125,180,350,530,1.9444,170,290,460,1.7059,150,210,360,1.4,130,150,280,1.1538,110,130,240,1.1818,110,62
900,210,680,180,500,680,2.7778,150,320,470,2.1333,140,260,400,1.8571,120,180,300,1.5,100,140,240,1.4,90,120,210,1.3333,111,62
890,220,670,180,520,700,2.8889,160,340,500,2.125,150,270,420,1.8,130,190,320,1.4615,110,140,250,1.2727,90,130,220,1.4444,110,62
890,220,650,180,530,710,2.9444,160,350,510,2.1875,150,280,430,1.8667,130,190,320,1.4615,110,150,260,1.3636,80,130,210,1.625,110,62
850,240,630,200,530,730,2.65,180,340,520,1.8889,150,280,430,1.8667,140,190,330,1.3571,120,140,260,1.1667,110,120,230,1.0909,110,62
890,220,670,240,510,750,2.125,180,340,520,1.8889,160,280,440,1.75,140,200,340,1.4286,120,150,270,1.25,110,120,230,1.0909,110,62
890,220,660,170,540,710,3.1765,160,340,500,2.125,150,270,420,1.8,120,190,310,1.5833,110,140,250,1.2727,90,130,220,1.4444,110,62
880,230,660,180,520,700,2.8889,160,330,490,2.0625,150,260,410,1.7333,130,190,320,1.4615,110,140,250,1.2727,100,120,220,1.2,110,62
890,220,670,240,570,810,2.375,180,400,580,2.2222,170,340,510,2.0,140,230,370,1.6429,120,170,290,1.4167,90,150,240,1.6667,109,62
900,220,680,240,560,800,2.3333,170,370,540,2.1765,170,300,470,1.7647,140,210,350,1.5,90,160,250,1.7778,90,130,220,1.4444,109,61
900,220,660,240,590,830,2.4583,180,350,530,1.9444,160,270,430,1.6875,150,190,340,1.2667,120,140,260,1.1667,110,110,220,1.0,109,61
890,240,650,210,660,870,3.1429,170,440,610,2.5882,170,340,510,2.0,150,210,360,1.4,130,150,280,1.1538,120,130,250,1.0833,109,61
910,240,690,210,560,770,2.6667,180,400,580,2.2222,170,330,500,1.9412,150,210,360,1.4,130,160,290,1.2308,120,120,240,1.0,109,61
900,220,670,190,550,740,2.8947,170,370,540,2.1765,160,280,440,1.75,140,190,330,1.3571,120,150,270,1.25,110,120,230,1.0909,109,61
890,230,660,190,670,860,3.5263,170,430,600,2.5294,160,350,510,2.1875,130,230,360,1.7692,120,150,270,1.25,100,130,230,1.3,108,61
880,230,650,190,660,850,3.4737,170,390,560,2.2941,160,310,470,1.9375,140,200,340,1.4286,120,160,280,1.3333,100,130,230,1.3,108,61
890,230,670,250,510,760,2.04,200,440,640,2.2,180,370,550,2.0556,150,240,390,1.6,130,170,300,1.3077,110,140,250,1.2727,109,61
900,220,670,200,510,710,2.55,170,350,520,2.0588,150,290,440,1.9333,140,200,340,1.4286,110,150,260,1.3636,110,130,240,1.1818,109,61
890,230,660,190,530,720,2.7895,170,360,530,2.1176,160,280,440,1.75,140,200,340,1.4286,120,140,260,1.1667,110,120,230,1.0909,108,61
880,230,640,190,650,840,3.4211,180,450,630,2.5,170,360,530,2.1176,140,210,350,1.5,130,160,290,1.2308,110,120,230,1.0909,108,61
880,240,650,200,660,860,3.3,180,420,600,2.3333,170,330,500,1.9412,140,210,350,1.5,130,160,290,1.2308,110,120,230,1.0909,108,61
910,230,680,250,560,810,2.24,250,440,690,1.76,200,360,560,1.8,170,210,380,1.2353,140,140,280,1.0,120,120,240,1.0,108,61
900,230,670,200,540,740,2.7,180,370,550,2.0556,170,290,460,1.7059,150,200,350,1.3333,130,140,270,1.0769,110,120,230,1.0909,109,61
890,230,650,200,570,770,2.85,160,370,530,2.3125,160,290,450,1.8125,150,200,350,1.3333,130,140,270,1.0769,110,120,230,1.0909,108,61
890,240,670,210,630,840,3.0,180,440,620,2.4444,180,350,530,1.9444,150,210,360,1.4,130,160,290,1.2308,110,120,230,1.0909,108,61
910,220,690,240,530,770,2.2083,190,380,570,2.0,170,320,490,1.8824,150,220,370,1.4667,130,160,290,1.2308,110,140,250,1.2727,109,61
910,220,670,170,510,680,3.0,160,360,520,2.25,140,280,420,2.0,130,200,330,1.5385,110,150,260,1.3636,100,120,220,1.2,108,61
890,240,650,200,610,810,3.05,170,390,560,2.2941,170,310,480,1.8235,150,200,350,1.3333,130,140,270,1.0769,110,120,230,1.0909,108,61
900,240,660,190,670,860,3.5263,180,430,610,2.3889,160,330,490,2.0625,140,210,350,1.5,120,160,280,1.3333,100,120,220,1.2,108,61
900,240,670,200,540,740,2.7,180,390,570,2.1667,160,310,470,1.9375,150,210,360,1.4,120,150,270,1.25,110,130,240,1.1818,108,61
920,230,710,250,530,780,2.12,200,370,570,1.85,180,310,490,1.7222,160,200,360,1.25,140,150,290,1.0714,120,120,240,1.0,108,61
890,210,670,180,620,800,3.4444,160,370,530,2.3125,150,300,450,2.0,130,200,330,1.5385,110,150,260,1.3636,90,120,210,1.3333,108,61
880,220,650,190,540,730,2.8421,170,360,530,2.1176,150,290,440,1.9333,140,190,330,1.3571,110,150,260,1.3636,110,120,230,1.0909,108,60
870,230,650,190,660,850,3.4737,170,440,610,2.5882,160,350,510,2.1875,140,220,360,1.5714,110,160,270,1.4545,110,130,240,1.1818,107,60
890,220,670,190,540,730,2.8421,160,380,540,2.375,150,320,470,2.1333,140,220,360,1.5714,110,160,270,1.4545,100,140,240,1.4,107,60
890,220,670,240,520,760,2.1667,190,360,550,1.8947,170,300,470,1.7647,150,200,350,1.3333,130,150,280,1.1538,110,130,240,1.1818,107,60
890,220,660,190,550,740,2.8947,160,340,500,2.125,150,260,410,1.7333,130,180,310,1.3846,120,140,260,1.1667,100,120,220,1.2,107,60
870,230,620,200,570,770,2.85,170,370,540,2.1765,160,290,450,1.8125,140,200,340,1.4286,120,150,270,1.25,110,120,230,1.0909,107,60
920,230,680,220,530,750,2.4091,180,390,570,2.1667,160,320,480,2.0,150,220,370,1.4667,120,160,280,1.3333,110,140,250,1.2727,106,60
870,240,680,230,530,760,2.3043,190,390,580,2.0526,190,330,520,1.7368,160,220,380,1.375,140,150,290,1.0714,120,130,250,1.0833,107,60
890,190,680,190,520,710,2.7368,160,370,530,2.3125,150,300,450,2.0,140,200,340,1.4286,110,160,270,1.4545,100,130,230,1.3,107,60
890,210,650,180,500,680,2.7778,150,330,480,2.2,150,270,420,1.8,130,200,330,1.5385,110,150,260,1.3636,90,130,220,1.4444,106,60
910,220,680,240,520,760,2.1667,170,390,560,2.2941,170,320,490,1.8824,140,220,360,1.5714,120,160,280,1.3333,100,140,240,1.4,107,60
880,230,650,250,490,740,1.96,200,360,560,1.8,180,300,480,1.6667,160,200,360,1.25,130,140,270,1.0769,120,120,240,1.0,107,60
880,230,650,190,540,730,2.8421,170,360,530,2.1176,160,290,450,1.8125,130,200,330,1.5385,120,140,260,1.1667,100,120,220,1.2,107,60
840,230,600,200,570,770,2.85,170,360,530,2.1176,170,300,470,1.7647,140,200,340,1.4286,130,140,270,1.0769,110,120,230,1.0909,107,60
870,220,660,240,510,750,2.125,190,370,560,1.9474,180,310,490,1.7222,150,210,360,1.4,130,150,280,1.1538,110,130,240,1.1818,107,60
880,210,660,210,490,700,2.3333,170,310,480,1.8235,160,240,400,1.5,140,170,310,1.2143,120,120,240,1.0,100,100,200,1.0,107,60
870,220,660,180,550,730,3.0556,160,360,520,2.25,150,290,440,1.9333,130,200,330,1.5385,110,150,260,1.3636,100,120,220,1.2,107,60
870,240,650,200,660,860,3.3,170,430,600,2.5294,170,340,510,2.0,130,210,340,1.6154,130,150,280,1.1538,110,130,240,1.1818,106,60
900,220,690,240,570,810,2.375,200,410,610,2.05,180,340,520,1.8889,150,230,380,1.5333,120,170,290,1.4167,120,140,260,1.1667,107,60
890,210,670,200,510,710,2.55,170,360,530,2.1176,160,290,450,1.8125,140,200,340,1.4286,120,140,260,1.1667,100,120,220,1.2,107,60
600,220,580,190,570,760,3.0,160,380,540,2.375,150,300,450,2.0,130,190,320,1.4615,100,150,250,1.5,100,120,220,1.2,107,60
870,230,660,200,620,820,3.1,170,420,590,2.4706,160,340,500,2.125,140,220,360,1.5714,120,150,270,1.25,110,130,240,1.1818,107,60
910,210,700,230,530,760,2.3043,230,370,600,1.6087,190,350,540,1.8421,150,270,420,1.8,120,190,310,1.5833,110,160,270,1.4545,107,61
900,210,670,180,520,700,2.8889,160,360,520,2.25,150,280,430,1.8667,130,200,330,1.5385,110,150,260,1.3636,100,130,230,1.3,107,61
890,230,560,190,570,760,3.0,160,380,540,2.375,160,300,460,1.875,140,200,340,1.4286,120,140,260,1.1667,100,120,220,1.2,106,60
850,230,630,200,520,720,2.6,180,370,550,2.0556,160,300,460,1.875,150,200,350,1.3333,120,150,270,1.25,110,120,230,1.0909,106,60
880,220,660,180,500,680,2.7778,160,340,500,2.125,150,270,420,1.8,130,190,320,1.4615,120,140,260,1.1667,100,120,220,1.2,107,61
870,240,630,210,640,850,3.0476,180,410,590,2.2778,170,310,480,1.8235,150,200,350,1.3333,130,140,270,1.0769,120,120,240,1.0,107,61
860,240,650,210,590,800,2.8095,170,400,570,2.3529,170,330,500,1.9412,150,220,370,1.4667,120,150,270,1.25,120,130,250,1.0833,107,61
900,210,680,230,490,720,2.1304,180,350,530,1.9444,170,280,450,1.6471,140,200,340,1.4286,110,160,270,1.4545,100,130,230,1.3,107,61
920,220,650,200,480,680,2.4,170,340,510,2.0,160,260,420,1.625,140,180,320,1.2857,120,140,260,1.1667,110,110,220,1.0,107,61
890,210,640,190,610,800,3.2105,160,340,500,2.125,150,280,430,1.8667,130,190,320,1.4615,110,150,260,1.3636,110,120,230,1.0909,107,61
850,250,640,240,520,760,2.1667,200,360,560,1.8,180,310,490,1.7222,160,230,390,1.4375,130,160,290,1.2308,120,130,250,1.0833,108,61
890,210,670,230,510,740,2.2174,180,360,540,2.0,170,290,460,1.7059,140,210,350,1.5,120,160,280,1.3333,100,130,230,1.3,108,61
880,220,600,180,490,670,2.7222,160,330,490,2.0625,150,270,420,1.8,140,180,320,1.2857,120,140,260,1.1667,100,120,220,1.2,108,61
900,280,670,200,680,880,3.4,170,440,610,2.5882,150,360,510,2.4,140,220,360,1.5714,110,160,270,1.4545,100,130,230,1.3,108,61
870,230,630,200,640,840,3.2,170,400,570,2.3529,160,310,470,1.9375,150,200,350,1.3333,120,140,260,1.1667,110,120,230,1.0909,108,61
860,240,650,210,500,710,2.381,180,340,520,1.8889,170,270,440,1.5882,150,180,330,1.2,130,120,250,0.92308,110,100,210,0.90909,108,61
890,210,680,230,530,760,2.3043,170,370,540,2.1765,160,290,450,1.8125,130,210,340,1.6154,120,160,280,1.3333,100,130,230,1.3,108,61
880,210,660,180,520,700,2.8889,160,360,520,2.25,150,280,430,1.8667,140,200,340,1.4286,110,150,260,1.3636,100,120,220,1.2,108,61
890,250,650,200,620,820,3.1,170,390,560,2.2941,170,310,480,1.8235,140,200,340,1.4286,130,140,270,1.0769,110,120,230,1.0909,107,61
880,240,650,210,610,820,2.9048,180,390,570,2.1667,180,320,500,1.7778,150,210,360,1.4,130,160,290,1.2308,110,120,230,1.0909,107,60
930,230,700,250,540,790,2.16,190,400,590,2.1053,180,330,510,1.8333,150,230,380,1.5333,130,170,300,1.3077,110,140,250,1.2727,107,61
870,230,640,210,490,700,2.3333,180,360,540,2.0,170,290,460,1.7059,150,200,350,1.3333,120,150,270,1.25,100,120,220,1.2,107,61
880,230,660,180,510,690,2.8333,170,350,520,2.0588,160,290,450,1.8125,130,200,330,1.5385,120,140,260,1.1667,100,120,220,1.2,107,60
880,220,640,190,650,840,3.4211,170,400,570,2.3529,150,320,470,2.1333,140,210,350,1.5,110,160,270,1.4545,100,130,230,1.3,107,60
880,240,650,180,640,820,3.5556,170,420,590,2.4706,160,330,490,2.0625,140,210,350,1.5,120,160,280,1.3333,110,130,240,1.1818,107,60
900,230,680,250,520,770,2.08,200,360,560,1.8,180,310,490,1.7222,150,210,360,1.4,140,160,300,1.1429,120,120,240,1.0,107,60
900,220,690,190,500,690,2.6316,170,330,500,1.9412,160,260,420,1.625,140,180,320,1.2857,120,140,260,1.1667,110,120,230,1.0909,106,60
910,210,680,190,560,750,2.9474,170,390,560,2.2941,150,310,460,2.0667,140,200,340,1.4286,120,150,270,1.25,100,120,220,1.2,106,60
920,240,700,210,540,750,2.5714,180,360,540,2.0,170,290,460,1.7059,150,190,340,1.2667,130,150,280,1.1538,110,120,230,1.0909,107,60
950,220,720,240,600,840,2.5,200,420,620,2.1,180,350,530,1.9444,150,230,380,1.5333,130,160,290,1.2308,110,140,250,1.2727,107,60
900,230,670,190,520,710,2.7368,170,360,530,2.1176,160,290,450,1.8125,140,200,340,1.4286,120,150,270,1.25,100,120,220,1.2,107,60
910,230,680,200,570,770,2.85,170,360,530,2.1176,160,290,450,1.8125,130,190,320,1.4615,120,150,270,1.25,110,120,230,1.0909,107,60
910,220,680,240,500,740,2.0833,190,320,510,1.6842,180,250,430,1.3889,150,180,330,1.2,130,130,260,1.0,110,120,230,1.0909,106,59
900,230,670,190,530,720,2.7895,170,350,520,2.0588,160,280,440,1.75,140,190,330,1.3571,120,140,260,1.1667,100,120,220,1.2,106,59
880,240,660,200,670,870,3.35,180,440,620,2.4444,160,340,500,2.125,150,220,370,1.4667,120,150,270,1.25,110,130,240,1.1818,106,59
910,220,700,240,630,870,2.625,190,450,640,2.3684,170,380,550,2.2353,150,250,400,1.6667,120,180,300,1.5,110,150,260,1.3636,106,59
910,210,680,200,540,740,2.7,170,380,550,2.2353,140,310,450,2.2143,140,210,350,1.5,110,150,260,1.3636,100,130,230,1.3,106,59
910,230,670,180,560,740,3.1111,170,370,540,2.1765,150,310,460,2.0667,140,200,340,1.4286,110,150,260,1.3636,100,120,220,1.2,106,59
880,240,640,200,650,850,3.25,170,450,620,2.6471,160,340,500,2.125,130,210,340,1.6154,100,150,250,1.5,80,120,200,1.5,105,59
880,240,670,200,670,870,3.35,170,430,600,2.5294,170,340,510,2.0,150,210,360,1.4,130,150,280,1.1538,110,130,240,1.1818,106,59
920,210,690,230,520,750,2.2609,210,360,570,1.7143,170,290,460,1.7059,150,240,390,1.6,130,180,310,1.3846,110,150,260,1.3636,106,59
900,230,680,190,500,690,2.6316,170,340,510,2.0,160,280,440,1.75,140,190,330,1.3571,120,140,260,1.1667,100,120,220,1.2,105,59
890,220,660,190,670,860,3.5263,160,350,510,2.1875,150,280,430,1.8667,130,190,320,1.4615,110,150,260,1.3636,100,120,220,1.2,105,59
870,230,640,190,650,840,3.4211,160,430,590,2.6875,160,330,490,2.0625,130,210,340,1.6154,120,160,280,1.3333,100,130,230,1.3,105,59
860,230,640,190,550,740,2.8947,170,370,540,2.1765,160,290,450,1.8125,140,200,340,1.4286,110,150,260,1.3636,110,130,240,1.1818,105,59
870,220,650,240,510,750,2.125,210,370,580,1.7619,190,310,500,1.6316,170,210,380,1.2353,140,160,300,1.1429,130,130,260,1.0,105,59
860,220,640,190,470,660,2.4737,160,320,480,2.0,160,260,420,1.625,130,180,310,1.3846,120,140,260,1.1667,100,120,220,1.2,105,59
850,220,620,190,530,720,2.7895,170,360,530,2.1176,160,290,450,1.8125,140,200,340,1.4286,120,140,260,1.1667,100,120,220,1.2,104,58
850,230,610,190,570,760,3.0,170,350,520,2.0588,160,280,440,1.75,140,190,330,1.3571,120,150,270,1.25,110,120,230,1.0909,104,59
850,240,610,200,560,760,2.8,180,380,560,2.1111,170,300,470,1.7647,150,200,350,1.3333,130,140,270,1.0769,120,120,240,1.0,105,59
860,240,630,260,470,730,1.8077,210,340,550,1.619,190,290,480,1.5263,170,210,380,1.2353,130,150,280,1.1538,130,130,260,1.0,105,59
870,230,630,190,440,630,2.3158,170,290,460,1.7059,160,240,400,1.5,140,190,330,1.3571,120,140,260,1.1667,110,110,220,1.0,105,59
870,240,630,200,600,800,3.0,180,400,580,2.2222,160,310,470,1.9375,140,200,340,1.4286,120,150,270,1.25,110,120,230,1.0909,104,59
850,240,610,210,620,830,2.9524,180,390,570,2.1667,170,290,460,1.7059,150,190,340,1.2667,130,130,260,1.0,120,110,230,0.91667,105,59
850,240,630,200,530,730,2.65,180,370,550,2.0556,170,310,480,1.8235,130,200,330,1.5385,130,150,280,1.1538,110,120,230,1.0909,105,59
870,220,660,240,490,730,2.0417,190,350,540,1.8421,180,300,480,1.6667,150,210,360,1.4,130,150,280,1.1538,110,130,240,1.1818,106,60
890,210,670,180,520,700,2.8889,160,360,520,2.25,150,280,430,1.8667,130,200,330,1.5385,110,160,270,1.4545,100,130,230,1.3,106,60
880,220,640,200,650,850,3.25,180,400,580,2.2222,160,320,480,2.0,150,200,350,1.3333,120,150,270,1.25,110,120,230,1.0909,106,60
870,240,620,200,630,830,3.15,180,390,570,2.1667,170,310,480,1.8235,150,190,340,1.2667,130,150,280,1.1538,110,110,220,1.0,106,60
870,250,640,220,490,710,2.2273,190,330,520,1.7368,180,270,450,1.5,150,180,330,1.2,140,130,270,0.92857,120,110,230,0.91667,106,60
880,230,660,250,510,760,2.04,210,360,570,1.7143,190,300,490,1.5789,170,210,380,1.2353,130,160,290,1.2308,130,130,260,1.0,107,60
880,220,650,190,610,800,3.2105,170,360,530,2.1176,160,280,440,1.75,130,190,320,1.4615,110,150,260,1.3636,100,130,230,1.3,107,60
890,230,650,190,570,760,3.0,170,370,540,2.1765,150,290,440,1.9333,130,200,330,1.5385,110,150,260,1.3636,100,130,230,1.3,106,60
880,240,620,210,630,840,3.0,180,400,580,2.2222,170,320,490,1.8824,140,200,340,1.4286,130,150,280,1.1538,110,120,230,1.0909,106,60
860,260,640,220,500,720,2.2727,190,350,540,1.8421,180,280,460,1.5556,160,190,350,1.1875,140,150,290,1.0714,130,110,240,0.84615,107,60
900,220,670,240,520,760,2.1667,200,360,560,1.8,180,300,480,1.6667,160,210,370,1.3125,120,150,270,1.25,120,130,250,1.0833,107,60
890,230,660,200,520,720,2.6,180,320,500,1.7778,170,250,420,1.4706,140,170,310,1.2143,120,120,240,1.0,110,100,210,0.90909,107,60
880,230,650,190,550,740,2.8947,170,370,540,2.1765,160,300,460,1.875,150,200,350,1.3333,120,150,270,1.25,110,120,230,1.0909,107,60
880,230,640,200,650,850,3.25,180,430,610,2.3889,160,330,490,2.0625,150,210,360,1.4,120,150,270,1.25,110,130,240,1.1818,107,60
900,240,670,220,530,750,2.4091,180,380,560,2.1111,170,310,480,1.8235,150,220,370,1.4667,130,160,290,1.2308,110,130,240,1.1818,107,61
910,230,690,250,550,800,2.2,190,380,570,2.0,170,320,490,1.8824,150,210,360,1.4,130,160,290,1.2308,120,130,250,1.0833,108,61
900,220,670,190,520,710,2.7368,160,350,510,2.1875,160,280,440,1.75,130,190,320,1.4615,120,150,270,1.25,100,130,230,1.3,108,61
900,230,650,190,580,770,3.0526,170,380,550,2.2353,150,310,460,2.0667,140,210,350,1.5,110,160,270,1.4545,100,130,230,1.3,107,61
850,250,610,210,620,830,2.9524,190,430,620,2.2632,180,340,520,1.8889,160,210,370,1.3125,130,140,270,1.0769,120,120,240,1.0,108,61
880,240,640,260,500,760,1.9231,180,360,540,2.0,170,300,470,1.7647,140,210,350,1.5,130,150,280,1.1538,120,130,250,1.0833,108,61
880,240,640,260,490,750,1.8846,200,330,530,1.65,190,290,480,1.5263,150,210,360,1.4,130,160,290,1.2308,120,130,250,1.0833,108,61
850,230,550,190,510,700,2.6842,180,330,510,1.8333,160,270,430,1.6875,150,190,340,1.2667,120,150,270,1.25,110,120,230,1.0909,108,61
850,300,610,220,620,840,2.8182,200,450,650,2.25,190,340,530,1.7895,160,220,380,1.375,140,150,290,1.0714,120,120,240,1.0,108,61
880,240,650,260,530,790,2.0385,200,390,590,1.95,180,330,510,1.8333,160,220,380,1.375,130,160,290,1.2308,120,130,250,1.0833,109,61
880,230,640,250,460,710,1.84,190,290,480,1.5263,170,240,410,1.4118,160,170,330,1.0625,130,110,240,0.84615,120,90,210,0.75,109,61
860,240,610,210,500,710,2.381,180,340,520,1.8889,170,280,450,1.6471,150,190,340,1.2667,130,140,270,1.0769,120,110,230,0.91667,109,61
860,250,620,190,630,820,3.3158,170,450,620,2.6471,160,330,490,2.0625,140,200,340,1.4286,120,150,270,1.25,110,120,230,1.0909,110,62
860,240,630,200,640,840,3.2,160,390,550,2.4375,160,340,500,2.125,140,210,350,1.5,130,160,290,1.2308,110,130,240,1.1818,110,62
870,230,670,250,520,770,2.08,190,370,560,1.9474,180,310,490,1.7222,150,220,370,1.4667,130,160,290,1.2308,110,130,240,1.1818,110,62
860,200,640,210,490,700,2.3333,180,340,520,1.8889,160,280,440,1.75,140,200,340,1.4286,120,140,260,1.1667,100,120,220,1.2,110,62
880,220,640,190,530,720,2.7895,160,350,510,2.1875,160,280,440,1.75,130,190,320,1.4615,120,140,260,1.1667,100,120,220,1.2,110,62
840,240,620,210,630,840,3.0,180,370,550,2.0556,170,290,460,1.7059,150,200,350,1.3333,130,140,270,1.0769,110,120,230,1.0909,111,62
870,220,650,240,490,730,2.0417,240,450,690,1.875,200,370,570,1.85,160,250,410,1.5625,130,170,300,1.3077,110,140,250,1.2727,111,62
880,220,650,200,480,680,2.4,180,330,510,1.8333,160,260,420,1.625,140,190,330,1.3571,120,140,260,1.1667,110,120,230,1.0909,111,62
880,230,650,190,550,740,2.8947,160,360,520,2.25,160,270,430,1.6875,130,190,320,1.4615,120,140,260,1.1667,100,120,220,1.2,111,62
870,240,630,200,640,840,3.2,180,390,570,2.1667,160,310,470,1.9375,150,200,350,1.3333,120,150,270,1.25,110,120,230,1.0909,111,62
880,240,650,260,490,750,1.8846,220,330,550,1.5,190,260,450,1.3684,160,200,360,1.25,140,160,300,1.1429,120,130,250,1.0833,111,63
890,230,660,210,520,730,2.4762,180,360,540,2.0,170,300,470,1.7647,140,200,340,1.4286,120,150,270,1.25,100,120,220,1.2,110,62
880,230,460,190,470,660,2.4737,170,360,530,2.1176,160,290,450,1.8125,140,190,330,1.3571,110,140,250,1.2727,110,120,230,1.0909,110,62
880,240,650,200,640,840,3.2,170,400,570,2.3529,160,330,490,2.0625,150,220,370,1.4667,120,150,270,1.25,110,130,240,1.1818,110,62
890,230,670,250,510,760,2.04,230,380,610,1.6522,200,310,510,1.55,170,210,380,1.2353,160,150,310,0.9375,120,130,250,1.0833,110,62
890,220,670,200,500,700,2.5,170,350,520,2.0588,160,280,440,1.75,130,190,320,1.4615,120,140,260,1.1667,100,120,220,1.2,110,62
890,220,660,190,570,760,3.0,160,370,530,2.3125,150,300,450,2.0,140,210,350,1.5,110,150,260,1.3636,100,120,220,1.2,109,62
870,240,640,260,510,770,1.9615,200,430,630,2.15,180,330,510,1.8333,160,210,370,1.3125,140,160,300,1.1429,120,130,250,1.0833,110,62
880,230,650,250,480,730,1.92,190,340,530,1.7895,170,290,460,1.7059,160,200,360,1.25,130,140,270,1.0769,120,120,240,1.0,110,62
870,230,650,200,650,850,3.25,170,450,620,2.6471,170,370,540,2.1765,140,240,380,1.7143,130,170,300,1.3077,110,130,240,1.1818,110,62
900,220,640,240,490,730,2.0417,200,340,540,1.7,170,270,440,1.5882,150,190,340,1.2667,120,140,260,1.1667,120,110,230,0.91667,110,62
860,240,640,190,570,760,3.0,170,370,540,2.1765,170,280,450,1.6471,140,190,330,1.3571,130,140,270,1.0769,110,120,230,1.0909,110,62
890,220,660,210,500,710,2.381,180,330,510,1.8333,170,270,440,1.5882,150,190,340,1.2667,120,140,260,1.1667,110,110,220,1.0,110,62
880,230,650,250,500,750,2.0,250,440,690,1.76,200,340,540,1.7,150,220,370,1.4667,140,150,290,1.0714,120,130,250,1.0833,110,62
890,230,650,200,660,860,3.3,170,370,540,2.1765,160,270,430,1.6875,140,190,330,1.3571,110,140,250,1.2727,100,120,220,1.2,110,62
870,240,600,200,610,810,3.05,180,410,590,2.2778,170,340,510,2.0,150,210,360,1.4,130,150,280,1.1538,110,130,240,1.1818,110,62
910,270,670,290,480,770,1.6552,240,380,620,1.5833,200,340,540,1.7,170,240,410,1.4118,150,160,310,1.0667,140,130,270,0.92857,110,62
890,230,660,200,570,770,2.85,170,320,490,1.8824,160,260,420,1.625,140,180,320,1.2857,120,130,250,1.0833,110,110,220,1.0,110,62
890,230,640,210,420,630,2.0,180,300,480,1.6667,160,250,410,1.5625,140,180,320,1.2857,120,130,250,1.0833,110,100,210,0.90909,110,62
880,240,590,260,410,670,1.5769,180,290,470,1.6111,170,260,430,1.5294,140,210,350,1.5,120,160,280,1.3333,100,130,230,1.3,110,62
890,290,670,190,640,830,3.3684,170,440,610,2.5882,150,350,500,2.3333,140,220,360,1.5714,110,160,270,1.4545,90,130,220,1.4444,110,62
890,240,650,260,450,710,1.7308,220,380,600,1.7273,190,290,480,1.5263,170,210,380,1.2353,140,170,310,1.2143,130,130,260,1.0,108,62
850,240,610,200,540,740,2.7,180,340,520,1.8889,170,270,440,1.5882,140,180,320,1.2857,130,130,260,1.0,110,110,220,1.0,108,62
860,240,640,260,400,660,1.5385,190,270,460,1.4211,170,230,400,1.3529,150,180,330,1.2,120,140,260,1.1667,110,110,220,1.0,108,62
880,290,660,210,500,710,2.381,160,350,510,2.1875,160,280,440,1.75,150,180,330,1.2,130,130,260,1.0,110,110,220,1.0,108,62
880,220,660,240,500,740,2.0833,210,330,540,1.5714,180,250,430,1.3889,160,180,340,1.125,130,160,290,1.2308,120,130,250,1.0833,108,62
880,220,660,210,570,780,2.7143,180,450,630,2.5,170,380,550,2.2353,140,210,350,1.5,130,150,280,1.1538,110,120,230,1.0909,107,62
880,220,450,190,460,650,2.4211,170,270,440,1.5882,160,220,380,1.375,130,170,300,1.3077,120,130,250,1.0833,100,110,210,1.1,107,62
850,250,630,220,480,700,2.1818,190,350,540,1.8421,180,290,470,1.6111,160,200,360,1.25,140,140,280,1.0,130,120,250,0.92308,108,62
890,220,650,190,430,620,2.2632,180,260,440,1.4444,170,230,400,1.3529,150,180,330,1.2,140,140,280,1.0,100,110,210,1.1,108,62
890,240,640,200,380,580,1.9,170,260,430,1.5294,160,220,380,1.375,140,160,300,1.1429,110,120,230,1.0909,110,100,210,0.90909,107,62
860,250,630,270,440,710,1.6296,210,320,530,1.5238,190,260,450,1.3684,170,200,370,1.1765,130,140,270,1.0769,120,120,240,1.0,107,62
860,230,630,190,590,780,3.1053,170,360,530,2.1176,160,290,450,1.8125,140,200,340,1.4286,120,150,270,1.25,110,130,240,1.1818,108,62
880,230,650,190,410,600,2.1579,170,290,460,1.7059,160,240,400,1.5,130,180,310,1.3846,120,140,260,1.1667,90,120,210,1.3333,108,62
870,230,650,200,500,700,2.5,170,330,500,1.9412,170,260,430,1.5294,140,190,330,1.3571,120,140,260,1.1667,110,120,230,1.0909,108,62
880,220,650,180,530,710,2.9444,160,320,480,2.0,150,260,410,1.7333,130,180,310,1.3846,110,140,250,1.2727,90,120,210,1.3333,108,62
860,230,620,200,600,800,3.0,170,350,520,2.0588,160,280,440,1.75,130,180,310,1.3846,120,140,260,1.1667,110,110,220,1.0,108,62
850,240,620,200,460,660,2.3,180,310,490,1.7222,170,250,420,1.4706,140,180,320,1.2857,120,140,260,1.1667,110,120,230,1.0909,109,63
870,230,650,250,470,720,1.88,190,310,500,1.6316,170,270,440,1.5882,150,220,370,1.4667,130,160,290,1.2308,110,140,250,1.2727,109,63
870,220,640,180,470,650,2.6111,160,300,460,1.875,150,250,400,1.6667,140,180,320,1.2857,110,140,250,1.2727,100,120,220,1.2,109,63
850,230,540,190,450,640,2.3684,170,300,470,1.7647,160,240,400,1.5,130,170,300,1.3077,120,130,250,1.0833,110,110,220,1.0,109,63
850,310,630,190,530,720,2.7895,170,380,550,2.2353,150,280,430,1.8667,140,200,340,1.4286,110,150,260,1.3636,100,120,220,1.2,109,63
890,230,670,210,420,630,2.0,160,290,450,1.8125,160,240,400,1.5,130,180,310,1.3846,110,130,240,1.1818,90,100,190,1.1111,109,63
860,240,680,210,570,780,2.7143,180,330,510,1.8333,170,270,440,1.5882,150,190,340,1.2667,120,140,260,1.1667,120,120,240,1.0,109,63
900,180,670,200,430,630,2.15,190,290,480,1.5263,180,240,420,1.3333,150,180,330,1.2,130,140,270,1.0769,110,110,220,1.0,109,63
880,230,650,200,660,860,3.3,170,400,570,2.3529,160,300,460,1.875,140,190,330,1.3571,120,140,260,1.1667,110,120,230,1.0909,109,63
850,230,630,190,640,830,3.3684,170,380,550,2.2353,160,300,460,1.875,140,210,350,1.5,120,150,270,1.25,110,130,240,1.1818,109,63
860,220,600,180,540,720,3.0,160,310,470,1.9375,150,260,410,1.7333,130,190,320,1.4615,110,150,260,1.3636,100,120,220,1.2,109,63
840,260,620,220,460,680,2.0909,190,380,570,2.0,170,300,470,1.7647,150,190,340,1.2667,130,140,270,1.0769,120,120,240,1.0,109,63
850,220,640,240,480,720,2.0,180,340,520,1.8889,160,270,430,1.6875,150,190,340,1.2667,120,140,260,1.1667,110,120,230,1.0909,109,63
850,210,630,180,470,650,2.6111,160,300,460,1.875,150,250,400,1.6667,120,190,310,1.5833,110,130,240,1.1818,100,120,220,1.2,109,63
860,220,630,180,560,740,3.1111,160,340,500,2.125,150,270,420,1.8,130,190,320,1.4615,100,140,240,1.4,100,120,220,1.2,108,63
840,230,620,210,490,700,2.3333,180,330,510,1.8333,160,260,420,1.625,150,180,330,1.2,120,140,260,1.1667,120,110,230,0.91667,108,63
840,230,630,230,460,690,2.0,190,300,490,1.5789,170,250,420,1.4706,150,170,320,1.1333,130,130,260,1.0,120,110,230,0.91667,109,63
890,210,660,180,550,730,3.0556,160,340,500,2.125,150,270,420,1.8,130,190,320,1.4615,110,150,260,1.3636,90,130,220,1.4444,109,63
840,230,600,200,500,700,2.5,180,310,490,1.7222,170,240,410,1.4118,150,170,320,1.1333,130,120,250,0.92308,120,100,220,0.8333299999999999,108,63
850,240,620,190,450,640,2.3684,170,280,450,1.6471,160,230,390,1.4375,140,170,310,1.2143,120,130,250,1.0833,100,120,220,1.2,108,63
860,230,620,190,530,720,2.7895,170,310,480,1.8235,160,250,410,1.5625,150,180,330,1.2,120,130,250,1.0833,110,110,220,1.0,109,63
850,240,630,260,460,720,1.7692,190,320,510,1.6842,170,250,420,1.4706,160,180,340,1.125,130,130,260,1.0,120,120,240,1.0,109,63
870,220,640,190,480,670,2.5263,170,290,460,1.7059,160,230,390,1.4375,130,170,300,1.3077,120,130,250,1.0833,100,110,210,1.1,109,63
850,230,620,200,600,800,3.0,170,330,500,1.9412,160,260,420,1.625,140,180,320,1.2857,120,140,260,1.1667,110,120,230,1.0909,109,63
850,230,640,190,540,730,2.8421,160,300,460,1.875,150,250,400,1.6667,130,180,310,1.3846,110,140,250,1.2727,100,120,220,1.2,109,63
880,240,650,200,420,620,2.1,170,280,450,1.6471,160,240,400,1.5,140,180,320,1.2857,120,140,260,1.1667,100,120,220,1.2,110,63
920,230,690,250,480,730,1.92,180,320,500,1.7778,180,270,450,1.5,140,190,330,1.3571,130,140,270,1.0769,110,120,230,1.0909,110,63
870,230,650,200,570,770,2.85,170,360,530,2.1176,160,280,440,1.75,140,190,330,1.3571,120,140,260,1.1667,110,120,230,1.0909,110,63
860,220,620,190,500,690,2.6316,160,300,460,1.875,150,250,400,1.6667,130,170,300,1.3077,120,130,250,1.0833,100,110,210,1.1,109,63
870,240,640,190,520,710,2.7368,170,380,550,2.2353,160,310,470,1.9375,140,220,360,1.5714,120,150,270,1.25,110,120,230,1.0909,110,63
880,230,660,220,510,730,2.3182,180,350,530,1.9444,170,280,450,1.6471,140,200,340,1.4286,130,150,280,1.1538,110,120,230,1.0909,110,63
900,220,680,220,500,720,2.2727,180,340,520,1.8889,170,280,450,1.6471,140,190,330,1.3571,110,150,260,1.3636,110,120,230,1.0909,110,63
880,220,660,190,550,740,2.8947,160,350,510,2.1875,160,280,440,1.75,130,200,330,1.5385,120,150,270,1.25,100,130,230,1.3,110,63
890,220,650,200,480,680,2.4,160,310,470,1.9375,160,250,410,1.5625,130,180,310,1.3846,120,140,260,1.1667,100,110,210,1.1,109,63
870,250,650,240,520,760,2.1667,180,390,570,2.1667,180,340,520,1.8889,160,220,380,1.375,130,160,290,1.2308,120,140,260,1.1667,109,62
890,220,660,190,500,690,2.6316,160,310,470,1.9375,160,240,400,1.5,140,160,300,1.1429,120,140,260,1.1667,110,130,240,1.1818,109,62
890,230,660,190,510,700,2.6842,160,330,490,2.0625,160,260,420,1.625,130,180,310,1.3846,120,140,260,1.1667,100,120,220,1.2,108,62
880,230,650,200,570,770,2.85,170,350,520,2.0588,160,280,440,1.75,140,190,330,1.3571,130,140,270,1.0769,110,120,230,1.0909,108,62
860,230,620,210,630,840,3.0,170,410,580,2.4118,170,330,500,1.9412,150,200,350,1.3333,130,140,270,1.0769,110,120,230,1.0909,108,62
860,240,630,220,480,700,2.1818,190,350,540,1.8421,170,300,470,1.7647,150,210,360,1.4,120,150,270,1.25,110,130,240,1.1818,108,62
890,230,670,250,520,770,2.08,190,370,560,1.9474,180,310,490,1.7222,150,210,360,1.4,130,160,290,1.2308,110,130,240,1.1818,108,62
880,220,660,180,580,760,3.2222,160,380,540,2.375,140,300,440,2.1429,140,190,330,1.3571,110,140,250,1.2727,100,120,220,1.2,108,62
870,220,630,190,560,750,2.9474,170,400,570,2.3529,160,340,500,2.125,140,230,370,1.6429,120,170,290,1.4167,100,120,220,1.2,107,61
860,240,630,200,450,650,2.25,170,340,510,2.0,170,270,440,1.5882,140,190,330,1.3571,120,150,270,1.25,100,120,220,1.2,107,61
860,230,650,220,520,740,2.3636,180,420,600,2.3333,170,350,520,2.0588,150,230,380,1.5333,130,150,280,1.1538,110,130,240,1.1818,107,61
880,210,630,230,480,710,2.087,170,340,510,2.0,160,280,440,1.75,140,200,340,1.4286,110,150,260,1.3636,100,130,230,1.3,107,61
870,250,650,180,600,780,3.3333,160,420,580,2.625,150,340,490,2.2667,130,210,340,1.6154,110,150,260,1.3636,100,130,230,1.3,106,61
870,220,650,180,540,720,3.0,150,360,510,2.4,150,300,450,2.0,120,220,340,1.8333,110,150,260,1.3636,100,130,230,1.3,106,61
880,230,600,200,430,630,2.15,180,260,440,1.4444,170,220,390,1.2941,140,200,340,1.4286,130,150,280,1.1538,110,120,230,1.0909,106,61
870,280,660,220,550,770,2.5,180,410,590,2.2778,180,330,510,1.8333,150,210,360,1.4,140,150,290,1.0714,120,120,240,1.0,106,61
900,200,580,220,330,550,1.5,160,230,390,1.4375,160,200,360,1.25,130,160,290,1.2308,120,120,240,1.0,100,100,200,1.0,105,60
890,220,680,240,540,780,2.25,180,370,550,2.0556,160,300,460,1.875,140,210,350,1.5,120,150,270,1.25,110,130,240,1.1818,105,60
900,210,660,200,460,660,2.3,170,300,470,1.7647,150,250,400,1.6667,130,170,300,1.3077,120,130,250,1.0833,100,110,210,1.1,105,60
880,200,660,170,470,640,2.7647,160,290,450,1.8125,140,250,390,1.7857,130,190,320,1.4615,110,150,260,1.3636,90,130,220,1.4444,105,60
880,220,630,200,450,650,2.25,170,320,490,1.8824,150,260,410,1.7333,130,190,320,1.4615,110,140,250,1.2727,100,120,220,1.2,105,60
870,230,640,250,480,730,1.92,180,340,520,1.8889,180,280,460,1.5556,150,200,350,1.3333,130,150,280,1.1538,100,120,220,1.2,105,60
870,230,640,250,510,760,2.04,180,390,570,2.1667,170,310,480,1.8235,140,200,340,1.4286,130,140,270,1.0769,110,120,230,1.0909,104,60
860,230,640,190,550,740,2.8947,160,300,460,1.875,160,250,410,1.5625,130,180,310,1.3846,120,140,260,1.1667,100,110,210,1.1,104,60
860,220,640,190,520,710,2.7368,170,350,520,2.0588,150,280,430,1.8667,140,200,340,1.4286,110,150,260,1.3636,100,120,220,1.2,103,59
840,220,630,190,620,810,3.2632,160,400,560,2.5,150,310,460,2.0667,130,200,330,1.5385,100,150,250,1.5,90,120,210,1.3333,104,59
930,210,670,230,540,770,2.3478,180,400,580,2.2222,160,340,500,2.125,130,220,350,1.6923,120,170,290,1.4167,100,140,240,1.4,104,60
870,210,660,220,520,740,2.3636,170,340,510,2.0,160,280,440,1.75,140,190,330,1.3571,120,140,260,1.1667,110,120,230,1.0909,103,60
860,220,630,180,640,820,3.5556,160,360,520,2.25,150,280,430,1.8667,140,200,340,1.4286,110,150,260,1.3636,100,130,230,1.3,103,59
880,230,630,250,470,720,1.88,180,330,510,1.8333,160,270,430,1.6875,140,190,330,1.3571,120,150,270,1.25,110,120,230,1.0909,103,59
870,250,660,190,620,810,3.2632,160,420,580,2.625,150,340,490,2.2667,130,220,350,1.6923,120,150,270,1.25,100,130,230,1.3,103,59
890,210,650,190,510,700,2.6842,160,310,470,1.9375,150,240,390,1.6,130,180,310,1.3846,110,140,250,1.2727,100,120,220,1.2,103,59
850,240,620,210,420,630,2.0,180,320,500,1.7778,160,260,420,1.625,150,180,330,1.2,120,140,260,1.1667,110,110,220,1.0,103,59
860,230,590,250,510,760,2.04,200,360,560,1.8,190,310,500,1.6316,160,210,370,1.3125,140,140,280,1.0,120,120,240,1.0,103,59
880,270,660,180,570,750,3.1667,160,360,520,2.25,150,280,430,1.8667,130,200,330,1.5385,110,150,260,1.3636,100,120,220,1.2,102,59
930,220,640,180,520,700,2.8889,160,360,520,2.25,150,280,430,1.8667,130,200,330,1.5385,110,140,250,1.2727,100,120,220,1.2,102,59
840,220,640,180,550,730,3.0556,160,350,510,2.1875,150,280,430,1.8667,140,200,340,1.4286,110,150,260,1.3636,100,120,220,1.2,102,59
880,200,650,220,500,720,2.2727,220,410,630,1.8636,220,380,600,1.7273,160,240,400,1.5,130,170,300,1.3077,110,150,260,1.3636,102,59
850,220,620,180,500,680,2.7778,150,310,460,2.0667,150,260,410,1.7333,130,190,320,1.4615,110,140,250,1.2727,100,110,210,1.1,102,59
860,230,630,250,460,710,1.84,160,350,510,2.1875,150,300,450,2.0,140,210,350,1.5,120,150,270,1.25,110,130,240,1.1818,101,59
850,230,630,200,620,820,3.1,170,390,560,2.2941,160,320,480,2.0,140,200,340,1.4286,120,150,270,1.25,110,120,230,1.0909,102,59
860,220,650,190,490,680,2.5789,160,330,490,2.0625,150,260,410,1.7333,130,190,320,1.4615,110,140,250,1.2727,90,120,210,1.3333,101,59
830,240,610,200,620,820,3.1,170,400,570,2.3529,170,320,490,1.8824,140,200,340,1.4286,130,140,270,1.0769,110,110,220,1.0,101,59
850,220,640,240,450,690,1.875,170,310,480,1.8235,160,260,420,1.625,140,180,320,1.2857,110,140,250,1.2727,110,110,220,1.0,100,58
870,210,650,180,530,710,2.9444,160,380,540,2.375,150,280,430,1.8667,130,200,330,1.5385,110,160,270,1.4545,90,130,220,1.4444,100,58
850,220,610,190,620,810,3.2632,160,450,610,2.8125,160,330,490,2.0625,140,200,340,1.4286,120,150,270,1.25,110,120,230,1.0909,100,58
830,240,620,200,530,730,2.65,170,360,530,2.1176,170,290,460,1.7059,140,200,340,1.4286,120,140,260,1.1667,110,120,230,1.0909,100,58
850,210,640,200,510,710,2.55,160,340,500,2.125,160,280,440,1.75,130,200,330,1.5385,120,150,270,1.25,100,130,230,1.3,100,58
860,210,630,230,460,690,2.0,180,330,510,1.8333,170,270,440,1.5882,140,200,340,1.4286,120,140,260,1.1667,100,120,220,1.2,100,58
830,230,610,200,620,820,3.1,170,430,600,2.5294,150,350,500,2.3333,150,210,360,1.4,120,150,270,1.25,100,110,210,1.1,100,58
830,220,600,180,610,790,3.3889,150,400,550,2.6667,150,320,470,2.1333,130,200,330,1.5385,100,150,250,1.5,100,120,220,1.2,99,58
830,230,620,190,540,730,2.8421,170,360,530,2.1176,160,280,440,1.75,130,180,310,1.3846,110,140,250,1.2727,100,120,220,1.2,100,58
840,210,620,230,460,690,2.0,170,320,490,1.8824,160,260,420,1.625,140,190,330,1.3571,120,140,260,1.1667,100,120,220,1.2,100,58
840,220,610,240,460,700,1.9167,170,300,470,1.7647,160,250,410,1.5625,140,180,320,1.2857,120,140,260,1.1667,100,110,210,1.1,100,58
830,230,620,190,610,800,3.2105,160,430,590,2.6875,160,330,490,2.0625,130,190,320,1.4615,110,140,250,1.2727,100,120,220,1.2,100,58
860,210,610,180,490,670,2.7222,150,350,500,2.3333,150,280,430,1.8667,120,190,310,1.5833,110,150,260,1.3636,90,120,210,1.3333,100,58
810,250,610,200,620,820,3.1,170,420,590,2.4706,170,340,510,2.0,140,200,340,1.4286,130,130,260,1.0,110,110,220,1.0,100,58
860,210,640,190,430,620,2.2632,150,310,460,2.0667,150,270,420,1.8,130,190,320,1.4615,110,150,260,1.3636,90,130,220,1.4444,101,57
850,220,630,240,520,760,2.1667,170,310,480,1.8235,160,250,410,1.5625,130,190,320,1.4615,120,140,260,1.1667,100,120,220,1.2,100,57
840,220,630,200,440,640,2.2,170,270,440,1.5882,160,230,390,1.4375,140,170,310,1.2143,110,130,240,1.1818,100,120,220,1.2,100,57
860,210,640,180,570,750,3.1667,150,320,470,2.1333,140,260,400,1.8571,130,190,320,1.4615,90,140,230,1.5556,90,120,210,1.3333,100,57
850,220,620,180,630,810,3.5,160,430,590,2.6875,150,340,490,2.2667,130,220,350,1.6923,110,170,280,1.5455,90,140,230,1.5556,101,58
830,230,630,200,500,700,2.5,170,330,500,1.9412,160,260,420,1.625,140,180,320,1.2857,120,130,250,1.0833,110,110,220,1.0,101,58
870,200,650,220,460,680,2.0909,170,360,530,2.1176,160,290,450,1.8125,130,190,320,1.4615,110,140,250,1.2727,90,120,210,1.3333,101,58
840,220,620,190,460,650,2.4211,160,310,470,1.9375,150,250,400,1.6667,130,180,310,1.3846,110,140,250,1.2727,100,110,210,1.1,101,58
860,220,590,180,450,630,2.5,150,340,490,2.2667,150,270,420,1.8,130,190,320,1.4615,110,150,260,1.3636,90,120,210,1.3333,101,58
840,270,620,190,630,820,3.3158,160,440,600,2.75,160,350,510,2.1875,130,200,330,1.5385,110,140,250,1.2727,90,120,210,1.3333,101,58
850,220,640,190,480,670,2.5263,170,340,510,2.0,160,280,440,1.75,130,190,320,1.4615,120,140,260,1.1667,100,120,220,1.2,101,58
850,210,640,230,440,670,1.913,180,300,480,1.6667,160,280,440,1.75,140,190,330,1.3571,120,140,260,1.1667,100,120,220,1.2,101,58
840,210,630,170,470,640,2.7647,150,300,450,2.0,140,240,380,1.7143,110,180,290,1.6364,100,140,240,1.4,80,110,190,1.375,101,58
860,210,600,180,500,680,2.7778,160,310,470,1.9375,150,250,400,1.6667,130,180,310,1.3846,110,140,250,1.2727,100,110,210,1.1,101,58
840,260,610,210,620,830,2.9524,180,350,530,1.9444,170,260,430,1.5294,150,180,330,1.2,120,130,250,1.0833,110,110,220,1.0,101,58
860,230,630,190,450,640,2.3684,170,300,470,1.7647,150,250,400,1.6667,130,190,320,1.4615,120,140,260,1.1667,100,120,220,1.2,101,58
860,230,650,250,460,710,1.84,180,280,460,1.5556,160,230,390,1.4375,140,160,300,1.1429,120,120,240,1.0,110,110,220,1.0,101,58
890,210,670,180,530,710,2.9444,150,330,480,2.2,140,260,400,1.8571,120,180,300,1.5,100,140,240,1.4,90,120,210,1.3333,100,58
850,220,620,190,630,820,3.3158,170,400,570,2.3529,160,280,440,1.75,140,180,320,1.2857,120,130,250,1.0833,100,110,210,1.1,100,58
860,230,630,190,500,690,2.6316,160,320,480,2.0,150,260,410,1.7333,140,180,320,1.2857,110,140,250,1.2727,110,110,220,1.0,101,58
860,230,640,190,460,650,2.4211,170,290,460,1.7059,160,250,410,1.5625,140,180,320,1.2857,110,140,250,1.2727,100,120,220,1.2,101,58
880,220,670,240,460,700,1.9167,190,300,490,1.5789,170,250,420,1.4706,150,190,340,1.2667,110,140,250,1.2727,100,110,210,1.1,101,58
860,210,630,180,470,650,2.6111,150,290,440,1.9333,150,230,380,1.5333,130,180,310,1.3846,110,130,240,1.1818,100,110,210,1.1,101,58
860,230,630,180,550,730,3.0556,160,340,500,2.125,150,280,430,1.8667,130,180,310,1.3846,100,140,240,1.4,90,120,210,1.3333,101,58
870,230,640,190,520,710,2.7368,160,310,470,1.9375,150,250,400,1.6667,130,190,320,1.4615,110,140,250,1.2727,100,110,210,1.1,101,58
850,230,640,210,510,720,2.4286,180,330,510,1.8333,160,280,440,1.75,140,200,340,1.4286,120,140,260,1.1667,100,120,220,1.2,101,58
870,210,650,190,460,650,2.4211,150,320,470,2.1333,150,270,420,1.8,120,190,310,1.5833,100,150,250,1.5,90,130,220,1.4444,101,58
870,220,620,180,420,600,2.3333,160,280,440,1.75,150,230,380,1.5333,130,170,300,1.3077,110,120,230,1.0909,100,110,210,1.1,101,58
830,250,610,200,540,740,2.7,170,290,460,1.7059,170,240,410,1.4118,140,170,310,1.2143,120,120,240,1.0,100,90,190,0.9,101,58
850,220,620,190,510,700,2.6842,160,310,470,1.9375,150,260,410,1.7333,130,180,310,1.3846,120,140,260,1.1667,100,120,220,1.2,101,58
860,230,640,210,440,650,2.0952,170,330,500,1.9412,170,260,430,1.5294,140,190,330,1.3571,120,140,260,1.1667,100,120,220,1.2,101,58
860,220,650,210,460,670,2.1905,170,290,460,1.7059,160,240,400,1.5,140,180,320,1.2857,120,130,250,1.0833,110,110,220,1.0,101,58
860,210,640,180,460,640,2.5556,150,290,440,1.9333,140,240,380,1.7143,130,170,300,1.3077,100,140,240,1.4,80,110,190,1.375,101,58
860,220,630,190,580,770,3.0526,160,320,480,2.0,150,260,410,1.7333,130,190,320,1.4615,110,140,250,1.2727,100,110,210,1.1,100,58
850,230,610,190,490,680,2.5789,170,290,460,1.7059,160,240,400,1.5,130,170,300,1.3077,120,130,250,1.0833,100,110,210,1.1,100,58
860,240,640,200,440,640,2.2,180,270,450,1.5,160,230,390,1.4375,140,160,300,1.1429,120,140,260,1.1667,100,120,220,1.2,100,58
860,220,650,200,460,660,2.3,160,300,460,1.875,160,250,410,1.5625,130,180,310,1.3846,120,140,260,1.1667,100,110,210,1.1,101,58
870,210,650,190,490,680,2.5789,160,330,490,2.0625,150,270,420,1.8,130,200,330,1.5385,110,150,260,1.3636,100,130,230,1.3,100,57
870,220,650,190,460,650,2.4211,170,310,480,1.8235,160,250,410,1.5625,140,170,310,1.2143,110,130,240,1.1818,100,120,220,1.2,100,57
870,220,650,180,530,710,2.9444,160,280,440,1.75,150,230,380,1.5333,130,170,300,1.3077,110,130,240,1.1818,90,110,200,1.2222,100,57
850,220,620,190,470,660,2.4737,160,290,450,1.8125,160,230,390,1.4375,130,180,310,1.3846,120,140,260,1.1667,100,110,210,1.1,99,57
850,230,630,190,490,680,2.5789,170,300,470,1.7647,150,250,400,1.6667,130,180,310,1.3846,110,130,240,1.1818,90,120,210,1.3333,99,57
880,220,650,190,440,630,2.3158,170,320,490,1.8824,160,260,420,1.625,140,200,340,1.4286,110,150,260,1.3636,100,130,230,1.3,100,57
870,230,650,210,450,660,2.1429,180,310,490,1.7222,160,250,410,1.5625,140,180,320,1.2857,120,140,260,1.1667,100,120,220,1.2,100,57
880,220,650,180,450,630,2.5,160,290,450,1.8125,150,250,400,1.6667,130,170,300,1.3077,110,130,240,1.1818,90,110,200,1.2222,99,57
860,230,620,190,510,700,2.6842,170,320,490,1.8824,160,250,410,1.5625,130,180,310,1.3846,120,130,250,1.0833,110,110,220,1.0,99,57
830,240,620,190,540,730,2.8421,170,320,490,1.8824,160,260,420,1.625,140,190,330,1.3571,120,140,260,1.1667,110,110,220,1.0,99,57
870,210,650,180,440,620,2.4444,160,320,480,2.0,150,260,410,1.7333,130,190,320,1.4615,110,140,250,1.2727,100,120,220,1.2,99,57
850,220,640,210,450,660,2.1429,170,290,460,1.7059,170,240,410,1.4118,140,170,310,1.2143,120,130,250,1.0833,110,110,220,1.0,100,57
880,210,660,180,480,660,2.6667,150,330,480,2.2,140,250,390,1.7857,120,190,310,1.5833,100,140,240,1.4,90,120,210,1.3333,99,57
860,220,630,190,470,660,2.4737,170,280,450,1.6471,150,240,390,1.6,140,170,310,1.2143,120,130,250,1.0833,100,110,210,1.1,99,57
850,230,620,190,480,670,2.5263,160,300,460,1.875,160,240,400,1.5,130,180,310,1.3846,120,130,250,1.0833,100,110,210,1.1,100,57
850,230,630,200,450,650,2.25,170,290,460,1.7059,160,250,410,1.5625,130,180,310,1.3846,120,130,250,1.0833,100,110,210,1.1,100,57
850,220,640,240,500,740,2.0833,180,320,500,1.7778,170,260,430,1.5294,140,190,330,1.3571,120,140,260,1.1667,100,120,220,1.2,100,57
860,210,640,170,460,630,2.7059,150,290,440,1.9333,140,240,380,1.7143,120,180,300,1.5,100,140,240,1.4,80,120,200,1.5,99,57
850,220,610,180,480,660,2.6667,160,290,450,1.8125,150,230,380,1.5333,130,170,300,1.3077,110,140,250,1.2727,90,110,200,1.2222,99,57
840,240,610,190,620,810,3.2632,170,330,500,1.9412,160,260,420,1.625,140,180,320,1.2857,110,130,240,1.1818,100,120,220,1.2,99,56
830,230,630,200,430,630,2.15,170,280,450,1.6471,160,240,400,1.5,140,180,320,1.2857,120,140,260,1.1667,100,120,220,1.2,99,57
870,200,660,220,460,680,2.0909,170,360,530,2.1176,150,290,440,1.9333,130,210,340,1.6154,110,160,270,1.4545,90,140,230,1.5556,98,56
850,210,630,180,460,640,2.5556,150,300,450,2.0,140,240,380,1.7143,120,180,300,1.5,100,140,240,1.4,90,110,200,1.2222,98,56
860,220,640,180,480,660,2.6667,160,290,450,1.8125,150,240,390,1.6,130,170,300,1.3077,100,140,240,1.4,90,120,210,1.3333,98,56
860,220,620,190,630,820,3.3158,170,350,520,2.0588,160,270,430,1.6875,140,190,330,1.3571,120,140,260,1.1667,110,110,220,1.0,98,56
850,240,640,200,450,650,2.25,170,290,460,1.7059,170,240,410,1.4118,140,170,310,1.2143,120,130,250,1.0833,110,110,220,1.0,98,56
880,210,670,230,440,670,1.913,170,280,450,1.6471,150,240,390,1.6,130,190,320,1.4615,110,160,270,1.4545,100,130,230,1.3,98,56
880,210,650,180,460,640,2.5556,150,280,430,1.8667,140,240,380,1.7143,130,180,310,1.3846,100,130,230,1.3,100,120,220,1.2,98,56
840,230,560,190,570,760,3.0,170,290,460,1.7059,160,240,400,1.5,140,170,310,1.2143,120,120,240,1.0,100,110,210,1.1,98,56
870,220,640,190,440,630,2.3158,170,270,440,1.5882,160,230,390,1.4375,140,180,320,1.2857,120,140,260,1.1667,110,110,220,1.0,98,56
860,230,630,180,500,680,2.7778,160,280,440,1.75,150,230,380,1.5333,140,170,310,1.2143,100,120,220,1.2,100,90,190,0.9,97,56
850,230,630,200,440,640,2.2,170,290,460,1.7059,160,230,390,1.4375,140,170,310,1.2143,110,130,240,1.1818,110,110,220,1.0,97,56
850,220,620,190,480,670,2.5263,170,290,460,1.7059,160,240,400,1.5,130,170,300,1.3077,110,130,240,1.1818,100,110,210,1.1,98,56
840,230,640,210,520,730,2.4762,180,320,500,1.7778,160,260,420,1.625,140,190,330,1.3571,120,140,260,1.1667,100,120,220,1.2,98,56
880,200,660,180,450,630,2.5,150,310,460,2.0667,140,260,400,1.8571,120,200,320,1.6667,100,160,260,1.6,90,130,220,1.4444,97,56
880,220,640,240,560,800,2.3333,180,380,560,2.1111,170,280,450,1.6471,140,210,350,1.5,120,160,280,1.3333,110,120,230,1.0909,97,56
850,220,620,180,470,650,2.6111,160,300,460,1.875,150,250,400,1.6667,130,190,320,1.4615,110,140,250,1.2727,90,120,210,1.3333,97,55
840,230,630,250,440,690,1.76,190,420,610,2.2105,180,330,510,1.8333,150,210,360,1.4,130,150,280,1.1538,110,120,230,1.0909,97,56
860,210,640,200,440,640,2.2,170,290,460,1.7059,150,240,390,1.6,140,180,320,1.2857,110,140,250,1.2727,100,120,220,1.2,97,56
850,220,630,180,440,620,2.4444,160,270,430,1.6875,150,230,380,1.5333,130,170,300,1.3077,110,130,240,1.1818,100,100,200,1.0,97,55
850,220,620,180,490,670,2.7222,160,290,450,1.8125,140,240,380,1.7143,130,170,300,1.3077,100,130,230,1.3,90,110,200,1.2222,97,55
830,230,620,190,540,730,2.8421,170,300,470,1.7647,150,240,390,1.6,140,180,320,1.2857,110,130,240,1.1818,100,110,210,1.1,97,55
860,210,650,190,460,650,2.4211,150,300,450,2.0,150,250,400,1.6667,120,190,310,1.5833,100,140,240,1.4,90,110,200,1.2222,97,55
870,210,610,170,430,600,2.5294,150,280,430,1.8667,140,240,380,1.7143,120,180,300,1.5,100,140,240,1.4,90,120,210,1.3333,97,55
850,260,620,190,570,760,3.0,160,300,460,1.875,150,240,390,1.6,130,170,300,1.3077,110,130,240,1.1818,100,100,200,1.0,96,55
850,230,360,250,320,570,1.28,180,270,450,1.5,170,250,420,1.4706,150,210,360,1.4,120,150,270,1.25,110,130,240,1.1818,96,55
860,220,640,240,470,710,1.9583,170,310,480,1.8235,160,260,420,1.625,140,190,330,1.3571,110,140,250,1.2727,110,110,220,1.0,96,55
850,220,640,240,480,720,2.0,200,440,640,2.2,170,360,530,2.1176,140,210,350,1.5,130,150,280,1.1538,110,130,240,1.1818,96,55
850,210,630,170,480,650,2.8235,150,300,450,2.0,140,250,390,1.7857,120,190,310,1.5833,100,140,240,1.4,100,120,220,1.2,95,55
840,220,610,180,520,700,2.8889,150,310,460,2.0667,150,260,410,1.7333,130,190,320,1.4615,110,150,260,1.3636,90,120,210,1.3333,95,54
840,230,620,190,510,700,2.6842,160,340,500,2.125,150,270,420,1.8,130,190,320,1.4615,110,150,260,1.3636,90,120,210,1.3333,95,54
850,220,630,240,470,710,1.9583,170,320,490,1.8824,160,270,430,1.6875,140,190,330,1.3571,110,150,260,1.3636,110,120,230,1.0909,94,54
840,220,620,180,460,640,2.5556,160,290,450,1.8125,150,240,390,1.6,120,180,300,1.5,110,140,250,1.2727,100,110,210,1.1,94,54
830,220,610,180,460,640,2.5556,160,300,460,1.875,150,250,400,1.6667,130,180,310,1.3846,110,140,250,1.2727,100,120,220,1.2,94,54
860,220,630,180,540,720,3.0,150,330,480,2.2,140,270,410,1.9286,120,190,310,1.5833,100,150,250,1.5,80,130,210,1.625,94,54
830,230,620,190,490,680,2.5789,170,320,490,1.8824,160,250,410,1.5625,130,180,310,1.3846,120,130,250,1.0833,100,100,200,1.0,94,54
860,210,650,200,480,680,2.4,160,340,500,2.125,150,270,420,1.8,120,200,320,1.6667,100,150,250,1.5,90,130,220,1.4444,95,54
860,210,630,180,440,620,2.4444,160,260,420,1.625,140,220,360,1.5714,130,170,300,1.3077,100,130,230,1.3,100,120,220,1.2,94,54
850,230,620,180,460,640,2.5556,160,300,460,1.875,150,250,400,1.6667,130,180,310,1.3846,110,140,250,1.2727,100,110,210,1.1,94,54
840,230,610,190,590,780,3.1053,170,300,470,1.7647,150,250,400,1.6667,130,170,300,1.3077,110,130,240,1.1818,100,110,210,1.1,94,54
850,230,640,180,520,700,2.8889,160,330,490,2.0625,150,260,410,1.7333,130,190,320,1.4615,110,140,250,1.2727,90,130,220,1.4444,94,54
860,210,660,210,480,690,2.2857,160,320,480,2.0,150,270,420,1.8,130,200,330,1.5385,110,150,260,1.3636,90,120,210,1.3333,94,54
870,200,650,180,450,630,2.5,160,290,450,1.8125,140,240,380,1.7143,120,180,300,1.5,100,130,230,1.3,90,100,190,1.1111,94,53
870,220,640,180,480,660,2.6667,150,300,450,2.0,150,250,400,1.6667,120,190,310,1.5833,100,140,240,1.4,90,120,210,1.3333,93,53
840,230,610,190,600,790,3.1579,160,310,470,1.9375,150,250,400,1.6667,140,180,320,1.2857,110,130,240,1.1818,100,110,210,1.1,93,53
850,230,640,180,520,700,2.8889,160,320,480,2.0,140,260,400,1.8571,130,210,340,1.6154,100,150,250,1.5,100,120,220,1.2,94,53
870,210,660,230,480,710,2.087,170,320,490,1.8824,150,270,420,1.8,130,190,320,1.4615,110,150,260,1.3636,100,120,220,1.2,94,53
860,210,640,180,440,620,2.4444,160,280,440,1.75,140,240,380,1.7143,120,180,300,1.5,100,140,240,1.4,100,120,220,1.2,93,53
860,220,630,180,490,670,2.7222,160,300,460,1.875,150,260,410,1.7333,120,180,300,1.5,110,140,250,1.2727,90,110,200,1.2222,93,53
840,230,620,190,490,680,2.5789,170,300,470,1.7647,150,250,400,1.6667,140,190,330,1.3571,120,130,250,1.0833,100,110,210,1.1,93,53
850,220,640,180,500,680,2.7778,160,340,500,2.125,150,270,420,1.8,130,200,330,1.5385,100,150,250,1.5,100,130,230,1.3,93,53
850,210,640,230,510,740,2.2174,180,370,550,2.0556,160,300,460,1.875,140,200,340,1.4286,110,150,260,1.3636,110,120,230,1.0909,93,53
830,210,610,170,430,600,2.5294,160,290,450,1.8125,150,240,390,1.6,120,180,300,1.5,110,140,250,1.2727,90,120,210,1.3333,92,53
860,220,620,180,470,650,2.6111,150,300,450,2.0,150,250,400,1.6667,120,180,300,1.5,110,140,250,1.2727,90,110,200,1.2222,92,53
830,240,600,190,610,800,3.2105,170,360,530,2.1176,160,270,430,1.6875,130,180,310,1.3846,110,130,240,1.1818,90,110,200,1.2222,92,53
830,230,620,200,490,690,2.45,160,310,470,1.9375,160,250,410,1.5625,130,180,310,1.3846,120,140,260,1.1667,100,110,210,1.1,93,53
870,210,650,230,460,690,2.0,160,360,520,2.25,150,300,450,2.0,130,230,360,1.7692,110,160,270,1.4545,90,140,230,1.5556,92,53
840,220,630,200,460,660,2.3,170,300,470,1.7647,160,240,400,1.5,140,180,320,1.2857,120,130,250,1.0833,100,110,210,1.1,92,53
860,210,630,180,480,660,2.6667,150,300,450,2.0,140,250,390,1.7857,130,180,310,1.3846,100,140,240,1.4,90,130,220,1.4444,92,52
850,230,620,180,630,810,3.5,160,380,540,2.375,160,290,450,1.8125,140,200,340,1.4286,120,140,260,1.1667,100,120,220,1.2,92,52
840,230,620,190,510,700,2.6842,170,330,500,1.9412,160,250,410,1.5625,130,190,320,1.4615,110,140,250,1.2727,100,120,220,1.2,93,53
850,220,640,240,460,700,1.9167,190,290,480,1.5263,170,250,420,1.4706,140,200,340,1.4286,120,150,270,1.25,110,130,240,1.1818,93,53
850,210,630,180,450,630,2.5,150,300,450,2.0,140,250,390,1.7857,120,190,310,1.5833,100,150,250,1.5,90,120,210,1.3333,92,53
860,220,540,180,470,650,2.6111,150,300,450,2.0,150,240,390,1.6,130,180,310,1.3846,110,140,250,1.2727,100,110,210,1.1,92,53
840,320,600,210,550,760,2.619,170,330,500,1.9412,170,250,420,1.4706,130,180,310,1.3846,120,130,250,1.0833,100,120,220,1.2,92,53
830,240,600,190,600,790,3.1579,170,310,480,1.8235,160,250,410,1.5625,130,180,310,1.3846,120,140,260,1.1667,100,120,220,1.2,93,53
850,230,630,250,460,710,1.84,180,300,480,1.6667,160,230,390,1.4375,140,160,300,1.1429,120,110,230,0.91667,110,90,200,0.81818,93,53
840,240,620,180,490,670,2.7222,170,280,450,1.6471,150,240,390,1.6,130,170,300,1.3077,110,130,240,1.1818,100,110,210,1.1,92,53
780,220,620,180,630,810,3.5,160,440,600,2.75,150,310,460,2.0667,130,200,330,1.5385,110,160,270,1.4545,100,120,220,1.2,93,53
880,210,610,200,430,630,2.15,160,290,450,1.8125,150,250,400,1.6667,130,180,310,1.3846,100,140,240,1.4,80,110,190,1.375,93,53
860,270,630,190,500,690,2.6316,160,310,470,1.9375,160,260,420,1.625,130,180,310,1.3846,120,140,260,1.1667,100,110,210,1.1,92,53
850,230,630,180,520,700,2.8889,170,320,490,1.8824,150,250,400,1.6667,140,180,320,1.2857,100,140,240,1.4,100,120,220,1.2,92,53
870,220,640,190,610,800,3.2105,160,380,540,2.375,150,280,430,1.8667,130,200,330,1.5385,100,150,250,1.5,100,120,220,1.2,92,53
860,230,640,250,500,750,2.0,180,350,530,1.9444,180,290,470,1.6111,140,200,340,1.4286,130,150,280,1.1538,110,120,230,1.0909,93,53
870,220,650,200,460,660,2.3,170,330,500,1.9412,160,260,420,1.625,140,180,320,1.2857,120,140,260,1.1667,100,120,220,1.2,92,53
860,220,640,180,650,830,3.6111,160,370,530,2.3125,150,280,430,1.8667,130,190,320,1.4615,110,150,260,1.3636,100,120,220,1.2,92,52
840,220,620,190,460,650,2.4211,160,290,450,1.8125,150,240,390,1.6,130,170,300,1.3077,110,130,240,1.1818,100,110,210,1.1,92,52
850,220,640,180,490,670,2.7222,160,360,520,2.25,150,290,440,1.9333,130,200,330,1.5385,110,150,260,1.3636,90,130,220,1.4444,92,52
840,210,640,230,510,740,2.2174,180,340,520,1.8889,170,280,450,1.6471,140,200,340,1.4286,120,150,270,1.25,100,120,220,1.2,92,53
870,200,650,190,480,670,2.5263,160,320,480,2.0,140,280,420,2.0,130,200,330,1.5385,100,150,250,1.5,90,120,210,1.3333,92,53
850,220,630,180,590,770,3.2778,160,350,510,2.1875,150,270,420,1.8,130,190,320,1.4615,110,130,240,1.1818,100,110,210,1.1,92,53
850,220,620,180,550,730,3.0556,160,320,480,2.0,150,250,400,1.6667,140,180,320,1.2857,110,140,250,1.2727,100,120,220,1.2,92,52
830,230,620,190,560,750,2.9474,170,330,500,1.9412,150,270,420,1.8,130,190,320,1.4615,110,140,250,1.2727,100,110,210,1.1,92,53
860,210,650,200,480,680,2.4,170,330,500,1.9412,150,280,430,1.8667,140,200,340,1.4286,110,160,270,1.4545,100,130,230,1.3,92,53
860,210,650,230,560,790,2.4348,180,340,520,1.8889,160,280,440,1.75,140,200,340,1.4286,120,140,260,1.1667,100,120,220,1.2,92,53
850,210,630,180,630,810,3.5,160,340,500,2.125,150,270,420,1.8,130,200,330,1.5385,110,150,260,1.3636,100,120,220,1.2,92,53
830,220,620,190,450,640,2.3684,160,300,460,1.875,150,240,390,1.6,130,180,310,1.3846,110,140,250,1.2727,100,110,210,1.1,92,53
850,210,640,180,620,800,3.4444,140,400,540,2.8571,140,320,460,2.2857,120,230,350,1.9167,100,170,270,1.7,90,150,240,1.6667,93,53
850,210,630,190,440,630,2.3158,170,310,480,1.8235,150,260,410,1.7333,130,190,320,1.4615,110,150,260,1.3636,100,120,220,1.2,93,53
850,220,640,200,480,680,2.4,160,320,480,2.0,150,260,410,1.7333,130,180,310,1.3846,110,140,250,1.2727,90,120,210,1.3333,93,53
850,210,630,180,440,620,2.4444,160,280,440,1.75,150,230,380,1.5333,130,170,300,1.3077,110,130,240,1.1818,90,110,200,1.2222,93,53
840,220,630,180,560,740,3.1111,160,330,490,2.0625,140,250,390,1.7857,130,190,320,1.4615,100,140,240,1.4,100,130,230,1.3,93,53
850,210,630,180,610,790,3.3889,150,350,500,2.3333,140,290,430,2.0714,120,200,320,1.6667,100,150,250,1.5,80,120,200,1.5,93,53
860,220,640,190,480,670,2.5263,160,340,500,2.125,150,270,420,1.8,130,200,330,1.5385,110,150,260,1.3636,100,130,230,1.3,93,53
850,220,640,240,470,710,1.9583,190,300,490,1.5789,170,290,460,1.7059,130,200,330,1.5385,120,150,270,1.25,110,120,230,1.0909,92,53
870,210,640,180,470,650,2.6111,150,310,460,2.0667,140,250,390,1.7857,120,180,300,1.5,100,140,240,1.4,90,120,210,1.3333,92,53
850,230,600,190,510,700,2.6842,170,300,470,1.7647,160,250,410,1.5625,130,170,300,1.3077,120,130,250,1.0833,100,110,210,1.1,92,53
850,250,620,220,630,850,2.8636,180,420,600,2.3333,170,320,490,1.8824,140,200,340,1.4286,120,150,270,1.25,110,120,230,1.0909,92,53
860,230,640,210,490,700,2.3333,170,340,510,2.0,160,270,430,1.6875,140,190,330,1.3571,120,150,270,1.25,110,120,230,1.0909,93,53
850,220,640,240,470,710,1.9583,180,300,480,1.6667,170,240,410,1.4118,140,170,310,1.2143,120,130,250,1.0833,100,110,210,1.1,92,53
840,210,630,180,590,770,3.2778,160,360,520,2.25,140,280,420,2.0,130,210,340,1.6154,100,140,240,1.4,100,120,220,1.2,92,53
840,210,450,180,460,640,2.5556,160,310,470,1.9375,140,250,390,1.7857,130,190,320,1.4615,100,140,240,1.4,100,120,220,1.2,92,53
850,390,610,190,600,790,3.1579,160,330,490,2.0625,150,270,420,1.8,140,190,330,1.3571,110,150,260,1.3636,100,120,220,1.2,93,53
820,240,630,210,490,700,2.3333,180,330,510,1.8333,160,270,430,1.6875,140,190,330,1.3571,120,150,270,1.25,110,120,230,1.0909,93,53
900,190,680,210,510,720,2.4286,170,330,500,1.9412,140,280,420,2.0,120,210,330,1.75,100,150,250,1.5,90,130,220,1.4444,93,53
860,220,630,190,500,690,2.6316,160,310,470,1.9375,150,240,390,1.6,130,180,310,1.3846,110,130,240,1.1818,100,110,210,1.1,92,53
860,230,630,190,600,790,3.1579,170,350,520,2.0588,150,270,420,1.8,140,190,330,1.3571,110,150,260,1.3636,110,110,220,1.0,93,53
850,230,650,250,600,850,2.4,190,390,580,2.0526,170,320,490,1.8824,150,210,360,1.4,130,160,290,1.2308,110,130,240,1.1818,93,53
880,200,670,220,500,720,2.2727,170,340,510,2.0,150,280,430,1.8667,140,200,340,1.4286,110,160,270,1.4545,100,130,230,1.3,93,53
860,210,620,180,470,650,2.6111,160,300,460,1.875,150,250,400,1.6667,130,180,310,1.3846,110,140,250,1.2727,100,120,220,1.2,93,53
850,240,620,200,630,830,3.15,170,420,590,2.4706,160,320,480,2.0,140,220,360,1.5714,120,170,290,1.4167,110,140,250,1.2727,93,53
860,230,640,220,480,700,2.1818,180,380,560,2.1111,170,310,480,1.8235,140,210,350,1.5,120,160,280,1.3333,110,130,240,1.1818,93,53
860,220,640,240,480,720,2.0,180,330,510,1.8333,170,270,440,1.5882,150,190,340,1.2667,120,150,270,1.25,110,130,240,1.1818,93,53
850,220,630,190,450,640,2.3684,160,290,450,1.8125,150,250,400,1.6667,130,180,310,1.3846,110,130,240,1.1818,100,110,210,1.1,93,53
860,220,630,180,640,820,3.5556,150,380,530,2.5333,140,300,440,2.1429,120,200,320,1.6667,100,160,260,1.6,90,130,220,1.4444,93,53
830,230,610,200,620,820,3.1,170,350,520,2.0588,160,270,430,1.6875,140,190,330,1.3571,120,140,260,1.1667,110,110,220,1.0,93,53
860,220,640,220,470,690,2.1364,170,320,490,1.8824,160,280,440,1.75,140,220,360,1.5714,110,160,270,1.4545,100,140,240,1.4,94,53
850,220,630,240,490,730,2.0417,180,330,510,1.8333,170,270,440,1.5882,140,210,350,1.5,120,150,270,1.25,110,130,240,1.1818,94,53
860,220,600,180,450,630,2.5,160,300,460,1.875,140,250,390,1.7857,130,190,320,1.4615,100,140,240,1.4,100,120,220,1.2,94,53
840,260,610,200,600,800,3.0,170,340,510,2.0,160,270,430,1.6875,140,190,330,1.3571,120,140,260,1.1667,110,110,220,1.0,93,53
860,230,620,190,630,820,3.3158,160,360,520,2.25,160,280,440,1.75,130,200,330,1.5385,110,150,260,1.3636,90,130,220,1.4444,93,53
870,240,640,210,470,680,2.2381,180,310,490,1.7222,170,240,410,1.4118,140,170,310,1.2143,130,120,250,0.92308,110,110,220,1.0,94,53
870,230,640,250,490,740,1.96,180,330,510,1.8333,170,270,440,1.5882,150,190,340,1.2667,130,140,270,1.0769,110,120,230,1.0909,94,53
860,230,640,190,460,650,2.4211,160,300,460,1.875,160,250,410,1.5625,130,180,310,1.3846,120,140,260,1.1667,100,110,210,1.1,94,53
870,220,640,180,510,690,2.8333,160,320,480,2.0,150,260,410,1.7333,130,190,320,1.4615,110,150,260,1.3636,100,120,220,1.2,93,53
850,230,620,190,590,780,3.1053,170,350,520,2.0588,160,280,440,1.75,130,200,330,1.5385,120,150,270,1.25,100,120,220,1.2,93,53
870,230,650,190,480,670,2.5263,160,330,490,2.0625,150,280,430,1.8667,140,200,340,1.4286,110,160,270,1.4545,100,130,230,1.3,94,53
880,220,660,240,490,730,2.0417,170,340,510,2.0,160,280,440,1.75,130,200,330,1.5385,110,150,260,1.3636,100,130,230,1.3,93,53
860,220,640,190,440,630,2.3158,170,280,450,1.6471,140,230,370,1.6429,130,170,300,1.3077,120,130,250,1.0833,100,110,210,1.1,93,53
870,220,640,190,520,710,2.7368,160,330,490,2.0625,140,260,400,1.8571,130,190,320,1.4615,110,150,260,1.3636,100,120,220,1.2,93,53
870,230,640,190,650,840,3.4211,170,360,530,2.1176,160,280,440,1.75,140,190,330,1.3571,120,140,260,1.1667,100,120,220,1.2,93,53
870,230,650,210,480,690,2.2857,160,330,490,2.0625,160,280,440,1.75,140,200,340,1.4286,130,150,280,1.1538,110,120,230,1.0909,94,53
870,220,650,240,500,740,2.0833,180,330,510,1.8333,160,270,430,1.6875,140,190,330,1.3571,120,140,260,1.1667,110,120,230,1.0909,94,53
870,220,640,180,470,650,2.6111,160,310,470,1.9375,150,250,400,1.6667,130,190,320,1.4615,110,140,250,1.2727,100,120,220,1.2,93,53
860,230,630,190,510,700,2.6842,170,310,480,1.8235,150,250,400,1.6667,140,180,320,1.2857,120,140,260,1.1667,100,120,220,1.2,93,52
840,230,620,200,590,790,2.95,170,360,530,2.1176,160,290,450,1.8125,140,190,330,1.3571,120,140,260,1.1667,100,120,220,1.2,93,52
880,220,660,200,510,710,2.55,160,360,520,2.25,150,300,450,2.0,130,220,350,1.6923,110,170,280,1.5455,90,140,230,1.5556,93,52
870,220,650,230,480,710,2.087,170,320,490,1.8824,160,260,420,1.625,140,190,330,1.3571,120,140,260,1.1667,110,120,230,1.0909,93,52
870,220,650,190,470,660,2.4737,160,300,460,1.875,150,250,400,1.6667,130,190,320,1.4615,110,140,250,1.2727,100,110,210,1.1,93,52
900,220,640,180,540,720,3.0,160,320,480,2.0,150,260,410,1.7333,130,190,320,1.4615,110,140,250,1.2727,100,120,220,1.2,92,52
830,260,600,230,610,840,2.6522,200,340,540,1.7,190,260,450,1.3684,170,170,340,1.0,150,120,270,0.8,130,100,230,0.76923,93,52
910,230,680,200,500,700,2.5,170,340,510,2.0,160,280,440,1.75,140,200,340,1.4286,110,150,260,1.3636,110,120,230,1.0909,93,52
880,230,660,250,480,730,1.92,190,320,510,1.6842,180,300,480,1.6667,150,210,360,1.4,130,170,300,1.3077,110,120,230,1.0909,92,52
860,220,640,180,470,650,2.6111,160,310,470,1.9375,150,240,390,1.6,130,180,310,1.3846,110,130,240,1.1818,100,120,220,1.2,92,52
870,220,600,180,530,710,2.9444,160,330,490,2.0625,150,260,410,1.7333,120,190,310,1.5833,110,140,250,1.2727,90,120,210,1.3333,92,52
860,270,630,210,640,850,3.0476,170,390,560,2.2941,160,300,460,1.875,140,200,340,1.4286,120,150,270,1.25,110,120,230,1.0909,92,52
850,230,630,210,480,690,2.2857,170,330,500,1.9412,170,270,440,1.5882,140,190,330,1.3571,120,140,260,1.1667,110,120,230,1.0909,92,52
860,220,640,240,450,690,1.875,180,280,460,1.5556,160,240,400,1.5,140,160,300,1.1429,120,120,240,1.0,100,90,190,0.9,92,52
850,220,620,180,470,650,2.6111,160,300,460,1.875,150,240,390,1.6,130,180,310,1.3846,110,140,250,1.2727,100,110,210,1.1,91,52
840,230,600,190,610,800,3.2105,170,300,470,1.7647,160,250,410,1.5625,130,170,300,1.3077,120,140,260,1.1667,100,110,210,1.1,91,51
840,240,610,190,550,740,2.8947,170,330,500,1.9412,160,260,420,1.625,130,180,310,1.3846,120,130,250,1.0833,100,110,210,1.1,92,52
840,230,620,210,480,690,2.2857,170,320,490,1.8824,170,260,430,1.5294,140,190,330,1.3571,120,140,260,1.1667,110,120,230,1.0909,92,52
820,220,610,240,440,680,1.8333,180,290,470,1.6111,170,240,410,1.4118,140,170,310,1.2143,130,130,260,1.0,120,110,230,0.91667,92,52
830,210,620,170,470,640,2.7647,140,300,440,2.1429,140,240,380,1.7143,120,180,300,1.5,110,130,240,1.1818,100,110,210,1.1,91,51
850,210,620,180,630,810,3.5,150,410,560,2.7333,140,260,400,1.8571,120,190,310,1.5833,100,150,250,1.5,90,120,210,1.3333,91,51
840,230,620,190,550,740,2.8947,160,320,480,2.0,150,260,410,1.7333,130,190,320,1.4615,110,140,250,1.2727,100,110,210,1.1,91,52
860,220,670,190,500,690,2.6316,160,340,500,2.125,140,280,420,2.0,130,200,330,1.5385,110,150,260,1.3636,100,130,230,1.3,91,52
860,220,640,180,430,610,2.3889,150,280,430,1.8667,150,230,380,1.5333,120,170,290,1.4167,110,130,240,1.1818,100,110,210,1.1,91,52
860,220,630,180,640,820,3.5556,160,390,550,2.4375,150,310,460,2.0667,130,210,340,1.6154,110,170,280,1.5455,90,110,200,1.2222,90,51
840,230,620,180,510,690,2.8333,170,310,480,1.8235,150,250,400,1.6667,140,190,330,1.3571,110,140,250,1.2727,110,110,220,1.0,90,51
870,220,650,200,490,690,2.45,160,360,520,2.25,150,290,440,1.9333,130,210,340,1.6154,110,160,270,1.4545,90,130,220,1.4444,90,51
860,220,640,210,460,670,2.1905,180,310,490,1.7222,160,260,420,1.625,140,190,330,1.3571,120,140,260,1.1667,100,120,220,1.2,90,51
860,220,640,180,460,640,2.5556,160,300,460,1.875,150,250,400,1.6667,130,180,310,1.3846,110,140,250,1.2727,100,120,220,1.2,90,51
850,220,620,180,600,780,3.3333,160,340,500,2.125,140,270,410,1.9286,130,190,320,1.4615,100,140,240,1.4,80,120,200,1.5,89,51
850,230,630,190,510,700,2.6842,160,310,470,1.9375,150,250,400,1.6667,130,180,310,1.3846,110,140,250,1.2727,100,110,210,1.1,89,51
860,220,640,210,460,670,2.1905,170,310,480,1.8235,160,290,450,1.8125,140,200,340,1.4286,120,150,270,1.25,100,130,230,1.3,89,51
860,220,640,220,480,700,2.1818,180,320,500,1.7778,160,260,420,1.625,140,200,340,1.4286,110,150,260,1.3636,100,120,220,1.2,89,51
860,220,610,180,460,640,2.5556,160,300,460,1.875,150,250,400,1.6667,120,180,300,1.5,110,140,250,1.2727,90,120,210,1.3333,89,51
870,250,630,200,600,800,3.0,160,340,500,2.125,150,280,430,1.8667,130,200,330,1.5385,110,150,260,1.3636,100,130,230,1.3,89,51
850,240,630,190,530,720,2.7895,170,320,490,1.8824,160,260,420,1.625,130,190,320,1.4615,120,140,260,1.1667,100,120,220,1.2,89,51
870,220,650,190,460,650,2.4211,170,300,470,1.7647,150,250,400,1.6667,140,180,320,1.2857,110,130,240,1.1818,100,110,210,1.1,89,51
880,220,660,220,490,710,2.2273,170,330,500,1.9412,160,270,430,1.6875,140,190,330,1.3571,120,140,260,1.1667,100,120,220,1.2,89,51
860,220,640,180,530,710,2.9444,160,310,470,1.9375,150,260,410,1.7333,130,180,310,1.3846,110,130,240,1.1818,90,110,200,1.2222,89,51
880,220,650,180,470,650,2.6111,150,300,450,2.0,150,250,400,1.6667,130,200,330,1.5385,110,140,250,1.2727,90,120,210,1.3333,89,51
860,230,630,190,570,760,3.0,160,340,500,2.125,150,270,420,1.8,140,190,330,1.3571,110,150,260,1.3636,100,120,220,1.2,89,51
850,230,640,210,470,680,2.2381,170,310,480,1.8235,170,260,430,1.5294,140,190,330,1.3571,120,140,260,1.1667,110,120,230,1.0909,90,51
880,210,660,190,470,660,2.4737,160,320,480,2.0,150,270,420,1.8,130,210,340,1.6154,90,160,250,1.7778,90,130,220,1.4444,90,51
870,220,650,190,440,630,2.3158,160,280,440,1.75,150,230,380,1.5333,140,170,310,1.2143,110,130,240,1.1818,100,110,210,1.1,89,51
870,220,640,180,490,670,2.7222,160,300,460,1.875,150,260,410,1.7333,130,180,310,1.3846,110,130,240,1.1818,100,110,210,1.1,89,51
850,230,620,190,620,810,3.2632,170,330,500,1.9412,160,260,420,1.625,130,190,320,1.4615,120,140,260,1.1667,100,120,220,1.2,89,51
870,230,650,210,470,680,2.2381,170,310,480,1.8235,160,260,420,1.625,140,190,330,1.3571,120,140,260,1.1667,110,120,230,1.0909,90,51
870,220,640,200,460,660,2.3,170,300,470,1.7647,150,270,420,1.8,140,180,320,1.2857,120,140,260,1.1667,110,110,220,1.0,90,51
870,230,650,190,450,640,2.3684,160,290,450,1.8125,150,240,390,1.6,120,180,300,1.5,110,130,240,1.1818,110,110,220,1.0,89,51
860,220,640,180,480,660,2.6667,150,290,440,1.9333,140,240,380,1.7143,130,180,310,1.3846,100,140,240,1.4,90,120,210,1.3333,89,51
860,220,630,190,540,730,2.8421,160,340,500,2.125,150,270,420,1.8,130,190,320,1.4615,110,140,250,1.2727,100,120,220,1.2,90,51
870,230,660,190,480,670,2.5263,170,320,490,1.8824,150,260,410,1.7333,140,200,340,1.4286,110,150,260,1.3636,100,120,220,1.2,90,51
880,210,660,210,500,710,2.381,170,330,500,1.9412,150,270,420,1.8,130,190,320,1.4615,110,150,260,1.3636,90,130,220,1.4444,90,51
850,220,620,180,510,690,2.8333,160,300,460,1.875,150,250,400,1.6667,130,170,300,1.3077,110,130,240,1.1818,100,110,210,1.1,89,51
890,230,630,180,460,640,2.5556,150,310,460,2.0667,140,250,390,1.7857,110,190,300,1.7273,100,140,240,1.4,90,120,210,1.3333,89,51
820,260,600,210,610,820,2.9048,190,350,540,1.8421,180,280,460,1.5556,150,170,320,1.1333,140,120,260,0.85714,120,100,220,0.8333299999999999,89,50
850,220,640,200,490,690,2.45,170,330,500,1.9412,140,270,410,1.9286,120,200,320,1.6667,110,150,260,1.3636,90,130,220,1.4444,89,50
860,210,650,200,450,650,2.25,160,360,520,2.25,140,290,430,2.0714,130,200,330,1.5385,100,160,260,1.6,90,120,210,1.3333,88,50
850,210,630,180,430,610,2.3889,150,290,440,1.9333,140,230,370,1.6429,120,180,300,1.5,100,130,230,1.3,90,100,190,1.1111,88,50
850,220,630,170,490,660,2.8824,150,320,470,2.1333,140,250,390,1.7857,130,180,310,1.3846,100,140,240,1.4,90,120,210,1.3333,88,50
830,220,610,180,620,800,3.4444,160,330,490,2.0625,150,270,420,1.8,130,180,310,1.3846,110,140,250,1.2727,100,120,220,1.2,88,50
850,220,630,190,490,680,2.5789,160,330,490,2.0625,150,270,420,1.8,130,190,320,1.4615,110,140,250,1.2727,90,120,210,1.3333,88,50
840,220,630,240,430,670,1.7917,180,270,450,1.5,170,240,410,1.4118,140,200,340,1.4286,120,140,260,1.1667,90,130,220,1.4444,87,50
860,210,640,170,440,610,2.5882,140,280,420,2.0,140,240,380,1.7143,120,170,290,1.4167,100,130,230,1.3,90,110,200,1.2222,86,50
840,220,560,190,450,640,2.3684,160,290,450,1.8125,150,230,380,1.5333,130,170,300,1.3077,110,130,240,1.1818,100,100,200,1.0,86,49
840,280,610,200,500,700,2.5,160,320,480,2.0,160,260,420,1.625,130,190,320,1.4615,110,140,250,1.2727,100,120,220,1.2,86,49
840,230,630,190,500,690,2.6316,160,310,470,1.9375,160,260,420,1.625,130,180,310,1.3846,120,140,260,1.1667,100,120,220,1.2,86,49
830,210,620,200,440,640,2.2,160,270,430,1.6875,160,220,380,1.375,130,160,290,1.2308,120,120,240,1.0,100,100,200,1.0,86,49
840,210,630,180,460,640,2.5556,150,290,440,1.9333,140,240,380,1.7143,120,180,300,1.5,100,140,240,1.4,80,110,190,1.375,85,49
840,220,620,160,450,610,2.8125,150,310,460,2.0667,140,260,400,1.8571,120,200,320,1.6667,100,150,250,1.5,90,130,220,1.4444,85,49
840,220,630,210,430,640,2.0476,170,270,440,1.5882,160,220,380,1.375,130,160,290,1.2308,110,110,220,1.0,100,80,180,0.8,85,49
840,210,610,180,440,620,2.4444,160,280,440,1.75,140,240,380,1.7143,130,170,300,1.3077,100,130,230,1.3,90,110,200,1.2222,85,49
840,230,610,180,520,700,2.8889,160,290,450,1.8125,150,240,390,1.6,130,170,300,1.3077,100,130,230,1.3,80,110,190,1.375,85,49
820,230,610,190,570,760,3.0,160,330,490,2.0625,150,260,410,1.7333,130,180,310,1.3846,110,130,240,1.1818,90,110,200,1.2222,85,49
840,210,630,180,480,660,2.6667,140,300,440,2.1429,140,260,400,1.8571,120,190,310,1.5833,110,150,260,1.3636,90,120,210,1.3333,85,49
860,210,640,230,480,710,2.087,170,320,490,1.8824,160,270,430,1.6875,140,190,330,1.3571,110,150,260,1.3636,110,120,230,1.0909,85,49
840,220,610,180,450,630,2.5,160,270,430,1.6875,150,230,380,1.5333,130,180,310,1.3846,110,130,240,1.1818,90,100,190,1.1111,85,49
850,230,620,180,500,680,2.7778,160,280,440,1.75,150,240,390,1.6,130,170,300,1.3077,110,130,240,1.1818,80,110,190,1.375,85,49
840,230,630,180,640,820,3.5556,160,410,570,2.5625,150,320,470,2.1333,130,210,340,1.6154,110,150,260,1.3636,100,120,220,1.2,84,49
840,210,630,180,490,670,2.7222,170,320,490,1.8824,160,250,410,1.5625,140,180,320,1.2857,110,130,240,1.1818,100,110,210,1.1,85,49
850,210,640,230,500,730,2.1739,160,350,510,2.1875,150,290,440,1.9333,130,210,340,1.6154,110,160,270,1.4545,100,120,220,1.2,85,49
860,210,640,180,440,620,2.4444,150,280,430,1.8667,140,240,380,1.7143,110,190,300,1.7273,100,140,240,1.4,90,110,200,1.2222,84,49
840,220,610,180,550,730,3.0556,160,370,530,2.3125,140,290,430,2.0714,130,190,320,1.4615,110,130,240,1.1818,90,100,190,1.1111,84,49
830,230,610,180,530,710,2.9444,160,330,490,2.0625,150,260,410,1.7333,130,190,320,1.4615,110,140,250,1.2727,90,120,210,1.3333,83,48
820,220,610,190,490,680,2.5789,160,300,460,1.875,140,250,390,1.7857,120,180,300,1.5,110,140,250,1.2727,100,110,210,1.1,84,48
840,210,620,200,480,680,2.4,160,320,480,2.0,140,270,410,1.9286,130,200,330,1.5385,100,150,250,1.5,90,120,210,1.3333,84,48
840,220,630,180,440,620,2.4444,160,280,440,1.75,140,240,380,1.7143,120,170,290,1.4167,100,130,230,1.3,90,110,200,1.2222,83,48
830,210,610,180,480,660,2.6667,140,300,440,2.1429,140,240,380,1.7143,130,180,310,1.3846,100,130,230,1.3,100,110,210,1.1,82,48
840,220,610,170,500,670,2.9412,150,310,460,2.0667,140,250,390,1.7857,130,190,320,1.4615,100,140,240,1.4,90,120,210,1.3333,82,48
820,230,600,190,460,650,2.4211,170,300,470,1.7647,150,250,400,1.6667,130,180,310,1.3846,110,140,250,1.2727,90,120,210,1.3333,82,48
840,220,620,240,460,700,1.9167,170,320,490,1.8824,150,270,420,1.8,120,190,310,1.5833,110,150,260,1.3636,100,130,230,1.3,83,48
830,220,620,180,470,650,2.6111,150,300,450,2.0,150,250,400,1.6667,130,190,320,1.4615,110,140,250,1.2727,90,110,200,1.2222,82,48
840,210,620,180,550,730,3.0556,150,330,480,2.2,140,270,410,1.9286,120,200,320,1.6667,100,150,250,1.5,90,120,210,1.3333,82,48
830,220,600,180,470,650,2.6111,160,290,450,1.8125,140,240,380,1.7143,130,180,310,1.3846,110,130,240,1.1818,100,110,210,1.1,82,48
800,230,590,190,440,630,2.3158,170,300,470,1.7647,160,250,410,1.5625,130,170,300,1.3077,120,130,250,1.0833,100,110,210,1.1,82,48
850,210,630,180,460,640,2.5556,160,310,470,1.9375,140,260,400,1.8571,130,210,340,1.6154,100,150,250,1.5,90,130,220,1.4444,83,48
840,220,630,200,460,660,2.3,170,300,470,1.7647,160,240,400,1.5,140,180,320,1.2857,110,130,240,1.1818,100,120,220,1.2,83,48
840,210,620,180,480,660,2.6667,150,290,440,1.9333,140,240,380,1.7143,120,180,300,1.5,100,130,230,1.3,90,110,200,1.2222,82,48
840,220,610,180,480,660,2.6667,160,290,450,1.8125,140,240,380,1.7143,130,180,310,1.3846,100,130,230,1.3,100,110,210,1.1,82,48
820,230,600,190,490,680,2.5789,170,310,480,1.8235,150,250,400,1.6667,140,180,320,1.2857,110,130,240,1.1818,100,110,210,1.1,83,48
840,220,630,190,460,650,2.4211,160,310,470,1.9375,150,260,410,1.7333,120,190,310,1.5833,100,150,250,1.5,90,130,220,1.4444,83,48
830,210,620,200,460,660,2.3,160,300,460,1.875,150,240,390,1.6,130,180,310,1.3846,110,140,250,1.2727,100,110,210,1.1,83,48
830,210,610,170,440,610,2.5882,150,280,430,1.8667,140,230,370,1.6429,120,180,300,1.5,100,130,230,1.3,80,110,190,1.375,82,48
830,220,610,180,440,620,2.4444,150,290,440,1.9333,140,250,390,1.7857,110,180,290,1.6364,100,140,240,1.4,90,120,210,1.3333,82,48
840,220,610,180,510,690,2.8333,160,320,480,2.0,140,250,390,1.7857,130,180,310,1.3846,100,140,240,1.4,90,120,210,1.3333,83,48
840,230,610,180,450,630,2.5,170,300,470,1.7647,160,260,420,1.625,120,180,300,1.5,120,130,250,1.0833,100,110,210,1.1,83,48
840,230,620,200,450,650,2.25,170,290,460,1.7059,160,240,400,1.5,130,170,300,1.3077,120,130,250,1.0833,100,110,210,1.1,83,48
830,220,610,180,450,630,2.5,160,270,430,1.6875,150,220,370,1.4667,130,170,300,1.3077,110,130,240,1.1818,90,100,190,1.1111,82,48
840,220,600,180,450,630,2.5,160,290,450,1.8125,140,240,380,1.7143,120,180,300,1.5,100,140,240,1.4,90,110,200,1.2222,82,48
820,240,600,190,500,690,2.6316,160,300,460,1.875,160,250,410,1.5625,130,180,310,1.3846,120,130,250,1.0833,100,110,210,1.1,82,48
840,220,630,180,470,650,2.6111,160,310,470,1.9375,140,260,400,1.8571,130,200,330,1.5385,100,150,250,1.5,100,120,220,1.2,82,48
850,210,630,210,490,700,2.3333,170,330,500,1.9412,150,270,420,1.8,130,200,330,1.5385,100,150,250,1.5,100,120,220,1.2,81,48
840,220,620,190,430,620,2.2632,150,270,420,1.8,150,230,380,1.5333,120,170,290,1.4167,110,130,240,1.1818,90,110,200,1.2222,81,48
840,220,610,180,460,640,2.5556,150,280,430,1.8667,150,240,390,1.6,120,180,300,1.5,110,130,240,1.1818,90,110,200,1.2222,81,47
830,230,620,190,590,780,3.1053,160,350,510,2.1875,150,270,420,1.8,120,200,320,1.6667,110,150,260,1.3636,90,130,220,1.4444,81,47
840,210,620,180,440,620,2.4444,160,280,440,1.75,150,230,380,1.5333,130,170,300,1.3077,110,130,240,1.1818,100,110,210,1.1,81,47
850,220,600,170,440,610,2.5882,160,280,440,1.75,150,230,380,1.5333,130,170,300,1.3077,110,120,230,1.0909,100,100,200,1.0,81,47
810,250,580,200,590,790,2.95,180,330,510,1.8333,160,260,420,1.625,140,180,320,1.2857,110,130,240,1.1818,110,110,220,1.0,81,47
810,230,600,190,470,660,2.4737,160,300,460,1.875,160,240,400,1.5,130,180,310,1.3846,120,130,250,1.0833,100,110,210,1.1,81,47
810,210,600,230,440,670,1.913,170,340,510,2.0,160,280,440,1.75,130,200,330,1.5385,120,150,270,1.25,100,120,220,1.2,81,47
830,210,620,180,440,620,2.4444,160,280,440,1.75,150,240,390,1.6,130,170,300,1.3077,100,130,230,1.3,100,110,210,1.1,81,47
840,210,610,180,450,630,2.5,160,290,450,1.8125,140,240,380,1.7143,130,170,300,1.3077,100,130,230,1.3,90,110,200,1.2222,81,47
810,230,600,190,610,800,3.2105,160,340,500,2.125,150,260,410,1.7333,130,180,310,1.3846,100,130,230,1.3,80,110,190,1.375,81,47
830,210,600,180,500,680,2.7778,150,320,470,2.1333,140,260,400,1.8571,120,200,320,1.6667,100,150,250,1.5,90,120,210,1.3333,81,47
840,230,620,250,430,680,1.72,170,330,500,1.9412,160,270,430,1.6875,130,200,330,1.5385,110,150,260,1.3636,100,120,220,1.2,81,47
830,220,620,200,450,650,2.25,170,290,460,1.7059,160,240,400,1.5,130,170,300,1.3077,120,130,250,1.0833,100,100,200,1.0,81,47
830,210,600,170,430,600,2.5294,150,280,430,1.8667,140,240,380,1.7143,120,190,310,1.5833,100,140,240,1.4,80,110,190,1.375,81,47
840,230,620,180,550,730,3.0556,150,310,460,2.0667,140,250,390,1.7857,110,190,300,1.7273,110,140,250,1.2727,90,110,200,1.2222,81,47
820,220,600,190,500,690,2.6316,160,300,460,1.875,150,250,400,1.6667,140,180,320,1.2857,110,140,250,1.2727,110,110,220,1.0,81,47
850,220,630,200,450,650,2.25,170,290,460,1.7059,150,270,420,1.8,130,190,320,1.4615,110,150,260,1.3636,90,130,220,1.4444,81,47
840,220,630,200,440,640,2.2,160,290,450,1.8125,150,240,390,1.6,130,180,310,1.3846,110,130,240,1.1818,100,110,210,1.1,82,48
840,210,620,180,450,630,2.5,150,280,430,1.8667,140,240,380,1.7143,120,170,290,1.4167,100,130,230,1.3,90,110,200,1.2222,81,48
840,220,620,190,560,750,2.9474,160,320,480,2.0,150,260,410,1.7333,130,190,320,1.4615,100,140,240,1.4,100,120,220,1.2,81,47
840,220,620,180,500,680,2.7778,160,310,470,1.9375,140,260,400,1.8571,130,190,320,1.4615,110,140,250,1.2727,100,120,220,1.2,82,48
840,220,630,200,440,640,2.2,170,280,450,1.6471,150,230,380,1.5333,140,190,330,1.3571,110,150,260,1.3636,100,120,220,1.2,82,48
840,210,630,200,460,660,2.3,170,300,470,1.7647,150,250,400,1.6667,130,190,320,1.4615,110,140,250,1.2727,100,120,220,1.2,82,48
850,210,540,170,440,610,2.5882,140,280,420,2.0,140,240,380,1.7143,120,180,300,1.5,100,140,240,1.4,90,120,210,1.3333,82,48
840,310,620,180,480,660,2.6667,150,290,440,1.9333,150,240,390,1.6,120,180,300,1.5,110,130,240,1.1818,90,110,200,1.2222,82,48
820,220,610,190,500,690,2.6316,160,310,470,1.9375,150,250,400,1.6667,130,190,320,1.4615,110,140,250,1.2727,90,120,210,1.3333,82,48
850,210,640,180,450,630,2.5,160,290,450,1.8125,140,250,390,1.7857,130,170,300,1.3077,100,130,230,1.3,90,100,190,1.1111,82,48
840,210,630,200,450,650,2.25,170,300,470,1.7647,150,250,400,1.6667,140,190,330,1.3571,110,140,250,1.2727,100,120,220,1.2,82,48
850,210,640,180,450,630,2.5,150,280,430,1.8667,140,240,380,1.7143,120,180,300,1.5,100,130,230,1.3,90,120,210,1.3333,82,48
840,210,620,180,460,640,2.5556,150,300,450,2.0,150,240,390,1.6,120,180,300,1.5,110,140,250,1.2727,90,110,200,1.2222,82,48
840,220,610,180,520,700,2.8889,150,320,470,2.1333,140,270,410,1.9286,120,190,310,1.5833,100,150,250,1.5,90,120,210,1.3333,82,48
840,230,620,190,460,650,2.4211,170,310,480,1.8235,150,260,410,1.7333,140,190,330,1.3571,110,140,250,1.2727,110,110,220,1.0,83,48
840,220,610,200,450,650,2.25,170,300,470,1.7647,150,250,400,1.6667,140,180,320,1.2857,110,140,250,1.2727,100,110,210,1.1,83,48
850,230,620,190,420,610,2.2105,150,310,460,2.0667,150,250,400,1.6667,120,190,310,1.5833,110,140,250,1.2727,90,110,200,1.2222,82,48
830,230,610,190,470,660,2.4737,160,290,450,1.8125,160,240,400,1.5,130,170,300,1.3077,120,130,250,1.0833,100,100,200,1.0,82,48
840,220,620,180,470,650,2.6111,150,280,430,1.8667,150,240,390,1.6,120,190,310,1.5833,100,150,250,1.5,90,120,210,1.3333,82,48
830,220,620,190,500,690,2.6316,160,320,480,2.0,150,260,410,1.7333,130,190,320,1.4615,110,150,260,1.3636,100,120,220,1.2,83,48
860,210,650,200,460,660,2.3,160,310,470,1.9375,150,260,410,1.7333,130,210,340,1.6154,110,150,260,1.3636,100,120,220,1.2,83,49
840,210,620,180,430,610,2.3889,160,270,430,1.6875,150,230,380,1.5333,120,180,300,1.5,110,140,250,1.2727,90,110,200,1.2222,83,49
850,220,620,170,470,640,2.7647,150,290,440,1.9333,140,250,390,1.7857,120,180,300,1.5,100,140,240,1.4,80,110,190,1.375,83,49
840,230,560,180,490,670,2.7222,160,290,450,1.8125,150,240,390,1.6,130,180,310,1.3846,110,130,240,1.1818,90,110,200,1.2222,83,49
830,280,620,200,490,690,2.45,170,290,460,1.7059,160,250,410,1.5625,140,170,310,1.2143,120,130,250,1.0833,110,110,220,1.0,84,49
860,210,650,190,460,650,2.4211,160,300,460,1.875,150,260,410,1.7333,130,180,310,1.3846,110,140,250,1.2727,90,120,210,1.3333,84,49
870,210,650,180,420,600,2.3333,150,260,410,1.7333,140,220,360,1.5714,130,170,300,1.3077,100,120,220,1.2,100,100,200,1.0,84,49
850,220,630,190,430,620,2.2632,160,290,450,1.8125,150,250,400,1.6667,130,180,310,1.3846,110,130,240,1.1818,90,110,200,1.2222,84,49
850,220,620,180,500,680,2.7778,160,300,460,1.875,150,250,400,1.6667,130,180,310,1.3846,110,140,250,1.2727,100,120,220,1.2,84,49
850,230,640,190,550,740,2.8947,160,330,490,2.0625,150,280,430,1.8667,130,190,320,1.4615,110,150,260,1.3636,100,110,210,1.1,84,49
860,210,650,200,470,670,2.35,170,300,470,1.7647,160,260,420,1.625,140,180,320,1.2857,120,140,260,1.1667,100,110,210,1.1,84,49
780,210,630,200,450,650,2.25,170,290,460,1.7059,150,240,390,1.6,140,180,320,1.2857,110,130,240,1.1818,100,110,210,1.1,84,49
850,220,620,180,610,790,3.3889,160,340,500,2.125,150,270,420,1.8,130,180,310,1.3846,110,140,250,1.2727,100,120,220,1.2,84,49
840,230,630,190,490,680,2.5789,170,300,470,1.7647,150,250,400,1.6667,140,190,330,1.3571,110,140,250,1.2727,100,120,220,1.2,85,49
870,210,650,230,510,740,2.2174,170,350,520,2.0588,150,280,430,1.8667,130,200,330,1.5385,110,150,260,1.3636,100,120,220,1.2,85,49
850,220,630,190,440,630,2.3158,170,290,460,1.7059,150,240,390,1.6,130,170,300,1.3077,110,130,240,1.1818,100,110,210,1.1,84,49
840,220,610,180,470,650,2.6111,160,280,440,1.75,150,240,390,1.6,130,170,300,1.3077,110,130,240,1.1818,100,110,210,1.1,84,49
840,230,620,180,590,770,3.2778,160,360,520,2.25,140,280,420,2.0,120,200,320,1.6667,100,160,260,1.6,100,140,240,1.4,85,49
830,220,620,180,520,700,2.8889,160,320,480,2.0,140,260,400,1.8571,130,190,320,1.4615,100,150,250,1.5,100,120,220,1.2,85,49
870,210,650,230,490,720,2.1304,170,370,540,2.1765,160,300,460,1.875,130,210,340,1.6154,100,160,260,1.6,90,140,230,1.5556,85,49
880,220,650,190,460,650,2.4211,160,300,460,1.875,150,250,400,1.6667,130,190,320,1.4615,110,140,250,1.2727,100,110,210,1.1,85,49
850,230,630,190,460,650,2.4211,160,290,450,1.8125,150,230,380,1.5333,130,170,300,1.3077,120,130,250,1.0833,100,100,200,1.0,85,49
860,220,630,170,640,810,3.7647,150,380,530,2.5333,140,290,430,2.0714,120,210,330,1.75,90,150,240,1.6667,90,130,220,1.4444,85,49
830,230,620,190,510,700,2.6842,160,310,470,1.9375,150,250,400,1.6667,140,190,330,1.3571,110,140,250,1.2727,110,110,220,1.0,85,49
880,210,670,230,480,710,2.087,170,320,490,1.8824,150,290,440,1.9333,130,230,360,1.7692,100,170,270,1.7,90,150,240,1.6667,86,50
870,210,640,180,460,640,2.5556,160,290,450,1.8125,130,250,380,1.9231,130,190,320,1.4615,110,140,250,1.2727,100,120,220,1.2,86,50
840,230,570,190,490,680,2.5789,170,290,460,1.7059,150,240,390,1.6,130,170,300,1.3077,120,130,250,1.0833,100,110,210,1.1,86,50
850,270,620,190,620,810,3.2632,160,340,500,2.125,150,270,420,1.8,130,200,330,1.5385,110,150,260,1.3636,90,130,220,1.4444,86,50
830,230,620,190,510,700,2.6842,170,310,480,1.8235,160,250,410,1.5625,140,190,330,1.3571,120,140,260,1.1667,100,120,220,1.2,87,50
870,210,650,230,470,700,2.0435,170,300,470,1.7647,150,250,400,1.6667,130,180,310,1.3846,100,130,230,1.3,90,120,210,1.3333,87,50
850,220,640,190,460,650,2.4211,160,300,460,1.875,150,250,400,1.6667,130,180,310,1.3846,110,140,250,1.2727,100,120,220,1.2,87,50
850,210,630,170,550,720,3.2353,150,300,450,2.0,140,250,390,1.7857,130,190,320,1.4615,100,140,240,1.4,90,120,210,1.3333,87,50
840,220,630,180,520,700,2.8889,160,310,470,1.9375,140,250,390,1.7857,130,190,320,1.4615,100,140,240,1.4,100,120,220,1.2,87,50
860,210,640,180,560,740,3.1111,150,330,480,2.2,140,280,420,2.0,130,200,330,1.5385,100,160,260,1.6,90,130,220,1.4444,88,50
870,220,650,240,500,740,2.0833,180,340,520,1.8889,170,280,450,1.6471,150,200,350,1.3333,120,150,270,1.25,120,130,250,1.0833,89,51
860,220,630,190,510,700,2.6842,160,320,480,2.0,150,260,410,1.7333,130,190,320,1.4615,110,140,250,1.2727,100,120,220,1.2,89,51
840,230,620,210,500,710,2.381,170,330,500,1.9412,160,260,420,1.625,140,180,320,1.2857,120,130,250,1.0833,110,110,220,1.0,89,51
840,220,610,180,440,620,2.4444,160,290,450,1.8125,150,240,390,1.6,130,170,300,1.3077,110,130,240,1.1818,90,110,200,1.2222,89,51
830,230,610,190,600,790,3.1579,170,340,510,2.0,150,270,420,1.8,130,190,320,1.4615,120,140,260,1.1667,100,120,220,1.2,89,51
860,220,650,200,490,690,2.45,160,340,500,2.125,160,280,440,1.75,120,200,320,1.6667,110,160,270,1.4545,90,140,230,1.5556,90,52
830,210,630,180,480,660,2.6667,160,310,470,1.9375,150,260,410,1.7333,130,190,320,1.4615,110,140,250,1.2727,90,130,220,1.4444,90,52
860,200,640,170,470,640,2.7647,140,290,430,2.0714,130,250,380,1.9231,120,190,310,1.5833,90,150,240,1.6667,80,130,210,1.625,90,52
820,220,600,190,480,670,2.5263,160,300,460,1.875,150,240,390,1.6,130,180,310,1.3846,110,140,250,1.2727,100,110,210,1.1,91,52
840,220,610,170,510,680,3.0,150,310,460,2.0667,140,250,390,1.7857,120,190,310,1.5833,100,140,240,1.4,90,120,210,1.3333,91,52
840,230,620,200,460,660,2.3,170,320,490,1.8824,160,260,420,1.625,130,190,320,1.4615,120,140,260,1.1667,100,120,220,1.2,91,53
830,220,620,200,450,650,2.25,170,290,460,1.7059,160,250,410,1.5625,130,180,310,1.3846,120,130,250,1.0833,100,110,210,1.1,91,53
840,210,620,180,430,610,2.3889,160,270,430,1.6875,150,230,380,1.5333,120,170,290,1.4167,110,130,240,1.1818,90,100,190,1.1111,91,53
830,220,610,180,490,670,2.7222,160,300,460,1.875,150,250,400,1.6667,120,180,300,1.5,110,140,250,1.2727,90,120,210,1.3333,92,53
820,220,610,190,520,710,2.7368,160,310,470,1.9375,150,250,400,1.6667,130,190,320,1.4615,110,140,250,1.2727,100,110,210,1.1,92,53
850,210,640,180,470,650,2.6111,160,320,480,2.0,140,260,400,1.8571,130,200,330,1.5385,100,150,250,1.5,90,130,220,1.4444,92,53
810,210,620,190,440,630,2.3158,170,290,460,1.7059,160,240,400,1.5,140,180,320,1.2857,110,130,240,1.1818,100,110,210,1.1,93,54
870,190,660,160,520,680,3.25,140,330,470,2.3571,120,270,390,2.25,110,200,310,1.8182,90,150,240,1.6667,70,130,200,1.8571,92,54
840,210,620,180,460,640,2.5556,160,300,460,1.875,150,240,390,1.6,130,180,310,1.3846,110,130,240,1.1818,100,120,220,1.2,93,54
840,220,620,180,630,810,3.5,160,320,480,2.0,150,260,410,1.7333,130,190,320,1.4615,110,140,250,1.2727,100,120,220,1.2,93,54
850,220,630,180,470,650,2.6111,160,320,480,2.0,150,270,420,1.8,130,200,330,1.5385,110,150,260,1.3636,100,120,220,1.2,94,54
860,220,640,190,430,620,2.2632,160,300,460,1.875,150,260,410,1.7333,130,190,320,1.4615,100,150,250,1.5,100,120,220,1.2,94,54
830,220,630,220,450,670,2.0455,170,290,460,1.7059,160,250,410,1.5625,130,180,310,1.3846,110,130,240,1.1818,100,120,220,1.2,94,54
880,200,640,170,500,670,2.9412,140,320,460,2.2857,130,260,390,2.0,120,200,320,1.6667,90,160,250,1.7778,80,140,220,1.75,94,54
870,230,650,250,520,770,2.08,190,360,550,1.8947,180,290,470,1.6111,150,200,350,1.3333,130,140,270,1.0769,120,120,240,1.0,95,55
860,220,640,180,490,670,2.7222,150,310,460,2.0667,150,250,400,1.6667,130,180,310,1.3846,110,140,250,1.2727,90,120,210,1.3333,95,55
880,220,630,180,500,680,2.7778,160,310,470,1.9375,150,260,410,1.7333,130,190,320,1.4615,110,140,250,1.2727,100,120,220,1.2,95,55
850,250,630,190,640,830,3.3684,170,410,580,2.4118,150,310,460,2.0667,140,200,340,1.4286,110,150,260,1.3636,100,130,230,1.3,96,55
860,220,650,190,480,670,2.5263,160,340,500,2.125,150,270,420,1.8,130,200,330,1.5385,110,150,260,1.3636,100,130,230,1.3,97,56
880,210,660,230,480,710,2.087,210,330,540,1.5714,180,320,500,1.7778,140,230,370,1.6429,120,170,290,1.4167,100,140,240,1.4,96,56
860,220,640,180,450,630,2.5,170,290,460,1.7059,150,240,390,1.6,140,180,320,1.2857,110,130,240,1.1818,100,110,210,1.1,96,56
860,220,610,180,540,720,3.0,160,330,490,2.0625,150,260,410,1.7333,130,190,320,1.4615,110,140,250,1.2727,90,120,210,1.3333,97,56
870,250,630,230,640,870,2.7826,170,450,620,2.6471,160,350,510,2.1875,140,220,360,1.5714,110,160,270,1.4545,100,130,230,1.3,98,56
910,240,680,210,500,710,2.381,180,340,520,1.8889,170,280,450,1.6471,140,200,340,1.4286,130,140,270,1.0769,110,120,230,1.0909,98,56
880,210,660,170,490,660,2.8824,150,310,460,2.0667,140,250,390,1.7857,130,180,310,1.3846,100,140,240,1.4,90,120,210,1.3333,97,56
870,220,650,180,660,840,3.6667,160,350,510,2.1875,150,260,410,1.7333,130,180,310,1.3846,100,140,240,1.4,90,120,210,1.3333,97,56
870,220,640,180,520,700,2.8889,160,330,490,2.0625,150,260,410,1.7333,130,180,310,1.3846,120,140,260,1.1667,100,120,220,1.2,97,56
870,230,670,200,530,730,2.65,180,360,540,2.0,160,300,460,1.875,140,190,330,1.3571,120,150,270,1.25,110,120,230,1.0909,98,56
710,180,530,170,430,600,2.5294,150,290,440,1.9333,130,230,360,1.7692,110,170,280,1.5455,90,130,220,1.4444,90,110,200,1.2222,117,65
720,180,530,160,430,590,2.6875,140,270,410,1.9286,130,220,350,1.6923,110,160,270,1.4545,100,120,220,1.2,90,110,200,1.2222,117,65
710,190,520,160,440,600,2.75,140,270,410,1.9286,130,210,340,1.6154,110,160,270,1.4545,100,120,220,1.2,90,100,190,1.1111,117,65
720,190,530,160,450,610,2.8125,130,280,410,2.1538,130,220,350,1.6923,110,170,280,1.5455,90,130,220,1.4444,80,100,180,1.25,117,64
700,190,520,160,450,610,2.8125,150,280,430,1.8667,130,220,350,1.6923,120,170,290,1.4167,100,130,230,1.3,90,100,190,1.1111,117,64
710,180,510,160,440,600,2.75,140,290,430,2.0714,130,230,360,1.7692,110,170,280,1.5455,100,130,230,1.3,90,110,200,1.2222,117,65
700,200,520,180,430,610,2.3889,150,280,430,1.8667,140,220,360,1.5714,120,160,280,1.3333,100,120,220,1.2,100,100,200,1.0,117,65
720,180,530,160,440,600,2.75,130,270,400,2.0769,120,220,340,1.8333,110,170,280,1.5455,90,130,220,1.4444,80,100,180,1.25,117,65
710,190,530,160,420,580,2.625,130,260,390,2.0,120,210,330,1.75,110,160,270,1.4545,90,120,210,1.3333,80,100,180,1.25,117,65
710,180,530,150,460,610,3.0667,130,300,430,2.3077,120,230,350,1.9167,110,170,280,1.5455,90,130,220,1.4444,80,110,190,1.375,117,64
710,180,520,150,460,610,3.0667,140,280,420,2.0,120,230,350,1.9167,100,170,270,1.7,90,130,220,1.4444,80,120,200,1.5,117,64
690,190,510,160,450,610,2.8125,130,300,430,2.3077,130,240,370,1.8462,110,170,280,1.5455,90,130,220,1.4444,80,110,190,1.375,117,64
720,180,550,180,440,620,2.4444,140,280,420,2.0,140,230,370,1.6429,110,170,280,1.5455,100,130,230,1.3,80,110,190,1.375,117,64
740,170,560,160,450,610,2.8125,140,280,420,2.0,130,230,360,1.7692,100,170,270,1.7,90,140,230,1.5556,80,120,200,1.5,117,64
710,180,520,160,430,590,2.6875,130,250,380,1.9231,120,200,320,1.6667,110,160,270,1.4545,90,110,200,1.2222,80,100,180,1.25,117,64
720,190,540,150,430,580,2.8667,130,260,390,2.0,120,210,330,1.75,110,150,260,1.3636,90,120,210,1.3333,80,100,180,1.25,117,64
700,180,520,160,460,620,2.875,140,270,410,1.9286,120,220,340,1.8333,110,160,270,1.4545,100,120,220,1.2,90,100,190,1.1111,116,64
710,180,530,150,450,600,3.0,130,290,420,2.2308,130,220,350,1.6923,110,170,280,1.5455,90,130,220,1.4444,80,110,190,1.375,117,64
710,180,540,160,420,580,2.625,140,270,410,1.9286,120,220,340,1.8333,110,160,270,1.4545,90,120,210,1.3333,80,100,180,1.25,117,64
650,170,470,150,390,540,2.6,130,240,370,1.8462,120,200,320,1.6667,110,150,260,1.3636,90,120,210,1.3333,70,100,170,1.4286,117,64
750,180,570,200,440,640,2.2,140,260,400,1.8571,130,200,330,1.5385,110,150,260,1.3636,90,110,200,1.2222,80,100,180,1.25,116,64
740,180,550,150,490,640,3.2667,130,310,440,2.3846,120,230,350,1.9167,110,170,280,1.5455,90,130,220,1.4444,70,110,180,1.5714,116,64
700,190,520,170,520,690,3.0588,140,310,450,2.2143,130,210,340,1.6154,120,160,280,1.3333,100,120,220,1.2,90,100,190,1.1111,115,64
710,180,520,160,450,610,2.8125,140,290,430,2.0714,120,230,350,1.9167,110,170,280,1.5455,100,130,230,1.3,80,110,190,1.375,115,64
710,190,530,160,440,600,2.75,140,280,420,2.0,130,220,350,1.6923,110,160,270,1.4545,100,120,220,1.2,90,100,190,1.1111,115,64
720,180,530,200,430,630,2.15,150,260,410,1.7333,130,230,360,1.7692,120,170,290,1.4167,100,130,230,1.3,90,100,190,1.1111,115,64
710,190,530,160,430,590,2.6875,130,250,380,1.9231,130,210,340,1.6154,110,160,270,1.4545,90,120,210,1.3333,80,90,170,1.125,114,64
630,180,460,150,450,600,3.0,120,260,380,2.1667,110,220,330,2.0,100,170,270,1.7,80,130,210,1.625,80,100,180,1.25,114,63
750,170,560,170,460,630,2.7059,140,290,430,2.0714,130,190,320,1.4615,110,150,260,1.3636,90,110,200,1.2222,80,100,180,1.25,114,63
720,190,540,160,550,710,3.4375,140,360,500,2.5714,130,260,390,2.0,110,170,280,1.5455,100,130,230,1.3,80,110,190,1.375,114,63
710,180,550,170,450,620,2.6471,140,330,470,2.3571,130,240,370,1.8462,110,170,280,1.5455,100,130,230,1.3,80,110,190,1.375,115,63
730,160,560,150,440,590,2.9333,130,240,370,1.8462,120,200,320,1.6667,100,140,240,1.4,90,110,200,1.2222,80,100,180,1.25,114,63
720,180,530,150,480,630,3.2,140,280,420,2.0,130,210,340,1.6154,110,160,270,1.4545,100,120,220,1.2,80,100,180,1.25,114,63
680,190,500,160,440,600,2.75,140,270,410,1.9286,130,210,340,1.6154,100,160,260,1.6,80,120,200,1.5,60,90,150,1.5,114,63
720,180,540,160,450,610,2.8125,140,280,420,2.0,130,200,330,1.5385,110,160,270,1.4545,100,120,220,1.2,90,90,180,1.0,114,63
720,180,550,150,460,610,3.0667,130,330,460,2.5385,120,240,360,2.0,100,170,270,1.7,90,130,220,1.4444,80,100,180,1.25,114,63
720,170,550,190,440,630,2.3158,150,280,430,1.8667,140,210,350,1.5,100,160,260,1.6,90,120,210,1.3333,80,100,180,1.25,113,63
710,180,530,150,440,590,2.9333,130,260,390,2.0,120,200,320,1.6667,110,150,260,1.3636,90,110,200,1.2222,80,100,180,1.25,113,63
650,180,470,150,480,630,3.2,130,290,420,2.2308,120,220,340,1.8333,100,160,260,1.6,90,120,210,1.3333,80,100,180,1.25,112,63
740,180,550,180,440,620,2.4444,150,250,400,1.6667,120,200,320,1.6667,100,150,250,1.5,100,110,210,1.1,90,90,180,1.0,112,63
720,190,550,160,450,610,2.8125,130,350,480,2.6923,130,260,390,2.0,110,170,280,1.5455,90,130,220,1.4444,90,100,190,1.1111,112,63
720,170,550,170,450,620,2.6471,130,270,400,2.0769,130,210,340,1.6154,110,160,270,1.4545,90,120,210,1.3333,80,90,170,1.125,112,62
720,170,550,150,450,600,3.0,130,250,380,1.9231,120,190,310,1.5833,100,140,240,1.4,90,110,200,1.2222,80,90,170,1.125,110,62
720,170,540,150,480,630,3.2,130,250,380,1.9231,120,200,320,1.6667,100,150,250,1.5,90,110,200,1.2222,80,90,170,1.125,110,62
710,180,530,160,450,610,2.8125,130,240,370,1.8462,130,190,320,1.4615,110,140,250,1.2727,90,100,190,1.1111,90,90,180,1.0,110,62
630,180,460,150,470,620,3.1333,130,300,430,2.3077,120,220,340,1.8333,110,150,260,1.3636,90,110,200,1.2222,80,100,180,1.25,110,62
750,170,580,190,450,640,2.3684,140,300,440,2.1429,120,220,340,1.8333,110,150,260,1.3636,80,120,200,1.5,70,100,170,1.4286,110,62
730,170,550,160,450,610,2.8125,130,300,430,2.3077,120,200,320,1.6667,100,150,250,1.5,90,110,200,1.2222,80,90,170,1.125,110,62
710,180,540,150,420,570,2.8,130,240,370,1.8462,120,190,310,1.5833,110,150,260,1.3636,80,110,190,1.375,70,90,160,1.2857,109,62
710,180,520,150,440,590,2.9333,140,250,390,1.7857,130,200,330,1.5385,110,150,260,1.3636,100,120,220,1.2,80,100,180,1.25,108,61
700,190,520,160,450,610,2.8125,130,270,400,2.0769,130,210,340,1.6154,110,160,270,1.4545,90,120,210,1.3333,90,90,180,1.0,108,61
710,180,540,160,430,590,2.6875,140,270,410,1.9286,130,220,350,1.6923,110,150,260,1.3636,90,120,210,1.3333,80,100,180,1.25,107,61
720,170,540,170,420,590,2.4706,140,250,390,1.7857,130,210,340,1.6154,110,150,260,1.3636,100,120,220,1.2,80,90,170,1.125,107,61
720,180,530,150,410,560,2.7333,140,240,380,1.7143,130,200,330,1.5385,110,150,260,1.3636,100,110,210,1.1,90,90,180,1.0,107,61
700,190,520,160,440,600,2.75,140,270,410,1.9286,140,200,340,1.4286,120,150,270,1.25,100,110,210,1.1,90,90,180,1.0,106,60
700,180,520,160,470,630,2.9375,130,260,390,2.0,120,210,330,1.75,110,160,270,1.4545,90,120,210,1.3333,80,100,180,1.25,107,60
710,180,530,150,470,620,3.1333,130,280,410,2.1538,120,240,360,2.0,100,170,270,1.7,90,130,220,1.4444,70,110,180,1.5714,107,60
700,180,530,160,420,580,2.625,140,280,420,2.0,130,220,350,1.6923,120,170,290,1.4167,100,130,230,1.3,90,100,190,1.1111,107,60
720,170,540,170,440,610,2.5882,140,270,410,1.9286,130,230,360,1.7692,110,170,280,1.5455,90,130,220,1.4444,80,110,190,1.375,107,60
710,180,540,150,430,580,2.8667,130,240,370,1.8462,120,200,320,1.6667,110,150,260,1.3636,90,110,200,1.2222,80,100,180,1.25,107,60
720,170,540,150,460,610,3.0667,130,280,410,2.1538,120,230,350,1.9167,100,160,260,1.6,90,130,220,1.4444,80,110,190,1.375,107,60
710,180,520,150,450,600,3.0,140,270,410,1.9286,130,220,350,1.6923,110,160,270,1.4545,100,120,220,1.2,80,100,180,1.25,107,60
660,190,480,160,470,630,2.9375,140,290,430,2.0714,120,220,340,1.8333,120,170,290,1.4167,100,130,230,1.3,90,100,190,1.1111,108,60
700,180,510,170,430,600,2.5294,140,280,420,2.0,130,210,340,1.6154,110,150,260,1.3636,100,110,210,1.1,80,80,160,1.0,108,60
720,190,540,170,450,620,2.6471,140,290,430,2.0714,130,230,360,1.7692,120,170,290,1.4167,90,130,220,1.4444,90,100,190,1.1111,108,60
580,180,410,150,410,560,2.7333,130,250,380,1.9231,130,210,340,1.6154,110,160,270,1.4545,90,120,210,1.3333,80,90,170,1.125,108,60
710,170,530,190,420,610,2.2105,150,220,370,1.4667,130,190,320,1.4615,110,140,250,1.2727,90,110,200,1.2222,80,90,170,1.125,108,60
590,180,410,150,420,570,2.8,140,320,460,2.2857,120,240,360,2.0,100,170,270,1.7,90,130,220,1.4444,80,110,190,1.375,108,60
770,190,570,170,450,620,2.6471,130,250,380,1.9231,130,200,330,1.5385,110,150,260,1.3636,90,110,200,1.2222,80,90,170,1.125,109,60
730,200,560,160,480,640,3.0,140,330,470,2.3571,140,250,390,1.7857,120,180,300,1.5,100,130,230,1.3,90,110,200,1.2222,109,61
730,170,550,160,440,600,2.75,140,270,410,1.9286,120,230,350,1.9167,100,170,270,1.7,90,130,220,1.4444,70,110,180,1.5714,110,61
730,180,540,160,430,590,2.6875,130,250,380,1.9231,120,210,330,1.75,110,170,280,1.5455,90,120,210,1.3333,80,100,180,1.25,110,61
710,190,520,170,450,620,2.6471,140,250,390,1.7857,120,210,330,1.75,120,160,280,1.3333,100,120,220,1.2,90,90,180,1.0,108,61
700,190,510,160,460,620,2.875,140,270,410,1.9286,130,220,350,1.6923,120,160,280,1.3333,100,120,220,1.2,90,100,190,1.1111,108,61
710,190,520,160,440,600,2.75,140,290,430,2.0714,130,230,360,1.7692,110,170,280,1.5455,100,130,230,1.3,90,110,200,1.2222,109,62
700,190,530,160,430,590,2.6875,150,290,440,1.9333,130,230,360,1.7692,120,170,290,1.4167,100,130,230,1.3,80,100,180,1.25,109,62
720,170,540,180,430,610,2.3889,140,290,430,2.0714,130,240,370,1.8462,110,170,280,1.5455,90,130,220,1.4444,80,110,190,1.375,110,62
710,180,540,150,430,580,2.8667,130,250,380,1.9231,110,210,320,1.9091,110,160,270,1.4545,90,120,210,1.3333,70,100,170,1.4286,110,62
710,180,530,150,520,670,3.4667,130,290,420,2.2308,120,220,340,1.8333,100,170,270,1.7,90,130,220,1.4444,80,110,190,1.375,110,61
700,180,520,160,460,620,2.875,140,280,420,2.0,130,220,350,1.6923,100,170,270,1.7,90,130,220,1.4444,80,110,190,1.375,111,62
710,180,530,170,440,610,2.5882,140,290,430,2.0714,130,250,380,1.9231,110,170,280,1.5455,100,130,230,1.3,70,120,190,1.7143,111,62
720,180,540,200,430,630,2.15,140,260,400,1.8571,130,240,370,1.8462,120,170,290,1.4167,90,130,220,1.4444,90,110,200,1.2222,111,62
710,180,530,150,480,630,3.2,140,320,460,2.2857,130,240,370,1.8462,110,180,290,1.6364,90,140,230,1.5556,80,110,190,1.375,111,62
720,180,540,160,440,600,2.75,140,310,450,2.2143,130,240,370,1.8462,110,180,290,1.6364,100,130,230,1.3,80,120,200,1.5,112,62
720,180,540,200,440,640,2.2,160,280,440,1.75,140,220,360,1.5714,120,160,280,1.3333,100,130,230,1.3,100,110,210,1.1,112,62
710,180,530,150,450,600,3.0,140,260,400,1.8571,130,200,330,1.5385,110,160,270,1.4545,100,120,220,1.2,80,90,170,1.125,112,62
710,180,530,150,450,600,3.0,130,260,390,2.0,130,210,340,1.6154,100,160,260,1.6,90,130,220,1.4444,80,100,180,1.25,110,62
700,180,530,160,520,680,3.25,130,360,490,2.7692,120,260,380,2.1667,110,180,290,1.6364,90,140,230,1.5556,80,130,210,1.625,111,62
670,170,490,150,460,610,3.0667,130,280,410,2.1538,120,230,350,1.9167,90,170,260,1.8889,90,130,220,1.4444,70,120,190,1.7143,111,62
720,180,550,170,450,620,2.6471,140,300,440,2.1429,130,230,360,1.7692,110,170,280,1.5455,90,130,220,1.4444,90,100,190,1.1111,112,62
730,170,550,170,440,610,2.5882,130,270,400,2.0769,130,220,350,1.6923,100,170,270,1.7,90,130,220,1.4444,80,100,180,1.25,111,62
700,180,520,160,420,580,2.625,140,240,380,1.7143,130,210,340,1.6154,110,150,260,1.3636,100,120,220,1.2,80,90,170,1.125,111,62
700,180,530,160,450,610,2.8125,130,270,400,2.0769,120,220,340,1.8333,110,160,270,1.4545,90,120,210,1.3333,80,100,180,1.25,111,61
710,170,520,150,480,630,3.2,130,300,430,2.3077,120,230,350,1.9167,100,170,270,1.7,90,130,220,1.4444,80,110,190,1.375,111,61
690,190,510,170,450,620,2.6471,140,290,430,2.0714,130,220,350,1.6923,110,160,270,1.4545,90,120,210,1.3333,90,100,190,1.1111,111,61
690,180,530,160,430,590,2.6875,140,290,430,2.0714,130,230,360,1.7692,110,160,270,1.4545,100,130,230,1.3,80,110,190,1.375,111,61
710,160,540,180,430,610,2.3889,150,270,420,1.8,120,230,350,1.9167,110,170,280,1.5455,90,130,220,1.4444,80,110,190,1.375,111,61
710,170,530,150,420,570,2.8,130,240,370,1.8462,120,200,320,1.6667,100,170,270,1.7,90,120,210,1.3333,80,100,180,1.25,111,61
690,180,500,160,440,600,2.75,130,250,380,1.9231,130,210,340,1.6154,110,160,270,1.4545,90,120,210,1.3333,90,90,180,1.0,111,61
710,190,520,150,510,660,3.4,130,320,450,2.4615,120,240,360,2.0,100,170,270,1.7,90,130,220,1.4444,70,110,180,1.5714,111,61
700,180,520,200,430,630,2.15,150,290,440,1.9333,130,220,350,1.6923,110,160,270,1.4545,100,130,230,1.3,80,110,190,1.375,112,62
700,180,520,170,410,580,2.4118,140,240,380,1.7143,130,200,330,1.5385,110,150,260,1.3636,90,110,200,1.2222,90,90,180,1.0,111,62
700,180,520,150,450,600,3.0,130,240,370,1.8462,120,200,320,1.6667,110,150,260,1.3636,90,110,200,1.2222,80,100,180,1.25,111,62
690,180,510,160,440,600,2.75,130,250,380,1.9231,130,210,340,1.6154,110,150,260,1.3636,90,120,210,1.3333,90,90,180,1.0,111,62
710,180,520,150,470,620,3.1333,130,290,420,2.2308,120,230,350,1.9167,100,170,270,1.7,90,140,230,1.5556,80,120,200,1.5,112,62
680,190,500,170,430,600,2.5294,140,270,410,1.9286,130,210,340,1.6154,120,160,280,1.3333,100,120,220,1.2,90,100,190,1.1111,112,62
700,180,530,170,440,610,2.5882,140,280,420,2.0,130,230,360,1.7692,110,170,280,1.5455,80,130,210,1.625,80,110,190,1.375,112,62
710,170,530,150,430,580,2.8667,130,250,380,1.9231,120,210,330,1.75,110,160,270,1.4545,90,120,210,1.3333,70,110,180,1.5714,112,62
700,180,520,150,440,590,2.9333,140,240,380,1.7143,130,200,330,1.5385,100,160,260,1.6,100,120,220,1.2,70,100,170,1.4286,112,62
700,180,510,160,430,590,2.6875,130,260,390,2.0,120,210,330,1.75,110,160,270,1.4545,90,120,210,1.3333,80,100,180,1.25,112,62
690,190,500,160,440,600,2.75,140,260,400,1.8571,130,210,340,1.6154,110,160,270,1.4545,100,120,220,1.2,90,110,200,1.2222,112,62
690,190,510,160,420,580,2.625,140,270,410,1.9286,130,230,360,1.7692,110,170,280,1.5455,100,130,230,1.3,80,110,190,1.375,113,62
700,180,530,170,420,590,2.4706,150,280,430,1.8667,130,220,350,1.6923,120,170,290,1.4167,100,130,230,1.3,80,110,190,1.375,112,62
710,170,530,170,430,600,2.5294,140,250,390,1.7857,130,210,340,1.6154,110,160,270,1.4545,100,120,220,1.2,90,100,190,1.1111,112,62
700,180,520,160,450,610,2.8125,130,240,370,1.8462,130,200,330,1.5385,110,150,260,1.3636,90,120,210,1.3333,90,90,180,1.0,112,62
700,180,510,160,430,590,2.6875,140,260,400,1.8571,130,210,340,1.6154,110,150,260,1.3636,100,120,220,1.2,80,100,180,1.25,113,62
690,190,510,160,440,600,2.75,130,260,390,2.0,130,210,340,1.6154,110,160,270,1.4545,90,130,220,1.4444,90,100,190,1.1111,113,62
690,180,510,160,440,600,2.75,140,270,410,1.9286,120,230,350,1.9167,110,170,280,1.5455,90,130,220,1.4444,80,110,190,1.375,113,62
710,180,530,160,430,590,2.6875,140,290,430,2.0714,120,230,350,1.9167,110,180,290,1.6364,90,140,230,1.5556,80,110,190,1.375,113,62
710,180,520,170,420,590,2.4706,140,240,380,1.7143,140,200,340,1.4286,110,160,270,1.4545,100,120,220,1.2,90,100,190,1.1111,113,62
690,190,520,160,430,590,2.6875,130,240,370,1.8462,130,210,340,1.6154,110,150,260,1.3636,90,120,210,1.3333,90,90,180,1.0,113,62
710,170,530,150,440,590,2.9333,130,260,390,2.0,120,220,340,1.8333,100,160,260,1.6,90,130,220,1.4444,80,110,190,1.375,113,62
700,180,510,160,440,600,2.75,130,260,390,2.0,130,210,340,1.6154,110,170,280,1.5455,90,130,220,1.4444,90,100,190,1.1111,113,62
670,190,500,160,450,610,2.8125,140,270,410,1.9286,130,230,360,1.7692,110,170,280,1.5455,100,130,230,1.3,90,110,200,1.2222,113,62
720,170,530,170,440,610,2.5882,140,280,420,2.0,130,230,360,1.7692,110,170,280,1.5455,100,130,230,1.3,90,120,210,1.3333,114,62
710,190,530,170,430,600,2.5294,140,250,390,1.7857,140,210,350,1.5,110,160,270,1.4545,90,130,220,1.4444,90,100,190,1.1111,114,62
710,180,520,150,440,590,2.9333,130,240,370,1.8462,130,210,340,1.6154,110,150,260,1.3636,90,120,210,1.3333,90,90,180,1.0,114,62
700,190,520,160,420,580,2.625,140,260,400,1.8571,130,210,340,1.6154,120,160,280,1.3333,100,120,220,1.2,90,100,190,1.1111,113,62
700,180,520,150,440,590,2.9333,140,260,400,1.8571,130,220,350,1.6923,110,160,270,1.4545,90,120,210,1.3333,80,110,190,1.375,113,62
710,180,520,160,450,610,2.8125,130,260,390,2.0,120,220,340,1.8333,110,170,280,1.5455,90,130,220,1.4444,80,100,180,1.25,113,62
700,190,530,160,420,580,2.625,140,280,420,2.0,130,230,360,1.7692,110,170,280,1.5455,100,130,230,1.3,90,120,210,1.3333,114,62
710,170,530,170,430,600,2.5294,140,270,410,1.9286,130,210,340,1.6154,120,180,300,1.5,100,130,230,1.3,90,100,190,1.1111,114,62
710,180,530,160,450,610,2.8125,130,260,390,2.0,120,210,330,1.75,110,160,270,1.4545,90,120,210,1.3333,80,100,180,1.25,114,62
700,180,530,150,440,590,2.9333,130,250,380,1.9231,120,220,340,1.8333,110,160,270,1.4545,90,120,210,1.3333,80,100,180,1.25,114,62
700,170,530,150,450,600,3.0,130,260,390,2.0,120,220,340,1.8333,100,170,270,1.7,90,130,220,1.4444,80,110,190,1.375,113,62
710,170,530,150,460,610,3.0667,130,270,400,2.0769,120,230,350,1.9167,100,180,280,1.8,80,140,220,1.75,70,110,180,1.5714,114,62
690,180,520,160,440,600,2.75,130,280,410,2.1538,130,230,360,1.7692,110,170,280,1.5455,100,130,230,1.3,90,120,210,1.3333,114,62
720,170,540,190,470,660,2.4737,140,290,430,2.0714,130,230,360,1.7692,110,190,300,1.7273,90,140,230,1.5556,70,110,180,1.5714,114,62
710,180,530,150,430,580,2.8667,130,240,370,1.8462,120,210,330,1.75,110,150,260,1.3636,90,120,210,1.3333,80,100,180,1.25,114,62
710,180,520,150,440,590,2.9333,140,250,390,1.7857,130,210,340,1.6154,110,160,270,1.4545,100,120,220,1.2,80,100,180,1.25,114,62
700,190,520,160,500,660,3.125,130,250,380,1.9231,130,210,340,1.6154,110,160,270,1.4545,90,120,210,1.3333,90,100,190,1.1111,113,62
700,180,510,150,450,600,3.0,140,270,410,1.9286,130,220,350,1.6923,110,170,280,1.5455,100,130,230,1.3,80,110,190,1.375,113,62
700,190,520,160,430,590,2.6875,130,270,400,2.0769,130,220,350,1.6923,110,170,280,1.5455,90,130,220,1.4444,90,110,200,1.2222,114,62
710,180,540,200,430,630,2.15,150,310,460,2.0667,140,230,370,1.6429,110,170,280,1.5455,100,130,230,1.3,90,110,200,1.2222,114,62
710,170,530,150,430,580,2.8667,140,250,390,1.7857,130,200,330,1.5385,110,160,270,1.4545,100,120,220,1.2,80,100,180,1.25,114,62
710,180,520,150,440,590,2.9333,130,250,380,1.9231,130,210,340,1.6154,110,160,270,1.4545,80,130,210,1.625,80,100,180,1.25,113,62
700,190,510,160,500,660,3.125,140,320,460,2.2857,130,210,340,1.6154,120,160,280,1.3333,90,130,220,1.4444,80,100,180,1.25,113,62
690,200,500,170,500,670,2.9412,150,300,450,2.0,140,220,360,1.5714,120,160,280,1.3333,110,120,230,1.0909,90,100,190,1.1111,112,61
700,190,520,160,450,610,2.8125,140,260,400,1.8571,130,210,340,1.6154,120,170,290,1.4167,100,130,230,1.3,90,100,190,1.1111,112,61
700,180,510,160,430,590,2.6875,140,270,410,1.9286,130,230,360,1.7692,110,170,280,1.5455,100,130,230,1.3,90,110,200,1.2222,112,62
700,190,520,210,410,620,1.9524,160,260,420,1.625,140,210,350,1.5,130,170,300,1.3077,110,130,240,1.1818,100,100,200,1.0,112,61
710,180,520,160,420,580,2.625,140,250,390,1.7857,130,210,340,1.6154,110,160,270,1.4545,100,120,220,1.2,80,100,180,1.25,112,61
710,190,520,150,430,580,2.8667,140,240,380,1.7143,130,200,330,1.5385,110,160,270,1.4545,100,120,220,1.2,80,100,180,1.25,112,61
700,190,520,160,450,610,2.8125,140,270,410,1.9286,130,220,350,1.6923,110,170,280,1.5455,90,140,230,1.5556,90,100,190,1.1111,112,61
700,180,510,150,440,590,2.9333,140,260,400,1.8571,130,220,350,1.6923,110,170,280,1.5455,90,130,220,1.4444,80,110,190,1.375,113,61
690,190,520,160,440,600,2.75,130,250,380,1.9231,130,220,350,1.6923,110,170,280,1.5455,90,130,220,1.4444,80,110,190,1.375,113,61
720,170,540,160,440,600,2.75,140,280,420,2.0,120,240,360,2.0,100,180,280,1.8,90,150,240,1.6667,70,120,190,1.7143,113,61
710,180,540,170,430,600,2.5294,140,250,390,1.7857,140,210,350,1.5,110,160,270,1.4545,90,120,210,1.3333,90,100,190,1.1111,113,61
720,170,530,150,540,690,3.6,130,260,390,2.0,120,230,350,1.9167,100,170,270,1.7,90,130,220,1.4444,80,110,190,1.375,113,61
700,190,520,170,450,620,2.6471,140,260,400,1.8571,130,210,340,1.6154,120,160,280,1.3333,100,120,220,1.2,90,100,190,1.1111,113,61
700,180,510,150,440,590,2.9333,140,270,410,1.9286,130,220,350,1.6923,110,170,280,1.5455,100,130,230,1.3,80,110,190,1.375,113,61
700,190,520,160,430,590,2.6875,130,270,400,2.0769,130,220,350,1.6923,110,170,280,1.5455,90,130,220,1.4444,90,110,200,1.2222,113,61
700,180,530,170,430,600,2.5294,150,270,420,1.8,130,230,360,1.7692,110,170,280,1.5455,100,130,230,1.3,90,110,200,1.2222,113,61
720,170,530,160,430,590,2.6875,130,250,380,1.9231,130,210,340,1.6154,110,170,280,1.5455,90,130,220,1.4444,80,100,180,1.25,112,61
710,190,520,160,410,570,2.5625,130,240,370,1.8462,130,200,330,1.5385,110,160,270,1.4545,90,120,210,1.3333,90,90,180,1.0,112,61
700,190,520,160,430,590,2.6875,140,250,390,1.7857,130,210,340,1.6154,120,160,280,1.3333,100,120,220,1.2,80,100,180,1.25,112,61
700,180,510,150,440,590,2.9333,140,260,400,1.8571,130,220,350,1.6923,110,160,270,1.4545,100,130,230,1.3,80,110,190,1.375,112,61
700,190,510,160,460,620,2.875,140,270,410,1.9286,130,220,350,1.6923,110,170,280,1.5455,90,130,220,1.4444,80,100,180,1.25,112,61
700,190,520,170,430,600,2.5294,140,270,410,1.9286,140,220,360,1.5714,120,170,290,1.4167,100,130,230,1.3,90,110,200,1.2222,112,61
720,180,540,160,440,600,2.75,140,270,410,1.9286,130,220,350,1.6923,110,170,280,1.5455,90,130,220,1.4444,80,100,180,1.25,112,61
710,180,530,160,420,580,2.625,130,240,370,1.8462,120,200,320,1.6667,110,160,270,1.4545,90,120,210,1.3333,80,110,190,1.375,112,61
710,180,520,150,430,580,2.8667,140,250,390,1.7857,130,210,340,1.6154,110,160,270,1.4545,90,120,210,1.3333,80,110,190,1.375,112,60
680,190,490,170,420,590,2.4706,140,250,390,1.7857,140,210,350,1.5,120,160,280,1.3333,100,120,220,1.2,90,100,190,1.1111,112,60
680,190,490,160,420,580,2.625,140,260,400,1.8571,130,210,340,1.6154,110,160,270,1.4545,100,120,220,1.2,90,100,190,1.1111,112,61
700,190,520,170,420,590,2.4706,140,270,410,1.9286,130,220,350,1.6923,110,160,270,1.4545,100,130,230,1.3,90,110,200,1.2222,112,61
710,180,530,160,420,580,2.625,140,260,400,1.8571,130,220,350,1.6923,110,160,270,1.4545,90,130,220,1.4444,80,100,180,1.25,112,61
710,180,530,150,410,560,2.7333,130,230,360,1.7692,120,200,320,1.6667,110,150,260,1.3636,90,110,200,1.2222,80,100,180,1.25,112,61
710,180,520,160,440,600,2.75,140,250,390,1.7857,130,210,340,1.6154,110,160,270,1.4545,100,120,220,1.2,90,100,190,1.1111,112,60
690,190,510,170,410,580,2.4118,140,250,390,1.7857,130,210,340,1.6154,120,160,280,1.3333,100,120,220,1.2,90,90,180,1.0,112,60
700,180,510,150,440,590,2.9333,140,270,410,1.9286,130,220,350,1.6923,110,170,280,1.5455,90,130,220,1.4444,80,110,190,1.375,112,61
700,190,520,150,420,570,2.8,140,260,400,1.8571,130,220,350,1.6923,120,170,290,1.4167,100,130,230,1.3,80,110,190,1.375,113,61
710,180,530,170,420,590,2.4706,140,250,390,1.7857,130,210,340,1.6154,110,160,270,1.4545,100,120,220,1.2,90,100,190,1.1111,112,61
710,180,530,160,410,570,2.5625,130,240,370,1.8462,130,200,330,1.5385,110,160,270,1.4545,90,120,210,1.3333,90,90,180,1.0,112,61
700,180,520,160,450,610,2.8125,130,250,380,1.9231,120,210,330,1.75,110,160,270,1.4545,90,120,210,1.3333,80,100,180,1.25,112,61
710,180,520,150,440,590,2.9333,140,250,390,1.7857,130,210,340,1.6154,110,160,270,1.4545,90,120,210,1.3333,80,110,190,1.375,112,61
690,190,500,170,450,620,2.6471,140,260,400,1.8571,130,220,350,1.6923,120,160,280,1.3333,100,130,230,1.3,90,90,180,1.0,112,61
690,190,520,160,430,590,2.6875,140,260,400,1.8571,130,220,350,1.6923,110,160,270,1.4545,90,130,220,1.4444,90,110,200,1.2222,113,61
710,170,540,190,470,660,2.4737,140,290,430,2.0714,130,230,360,1.7692,110,200,310,1.8182,90,140,230,1.5556,70,110,180,1.5714,112,61
710,170,530,150,430,580,2.8667,130,250,380,1.9231,120,210,330,1.75,100,170,270,1.7,90,130,220,1.4444,80,100,180,1.25,112,61
700,180,530,160,450,610,2.8125,130,250,380,1.9231,120,220,340,1.8333,110,160,270,1.4545,90,130,220,1.4444,80,110,190,1.375,112,61
710,170,530,150,450,600,3.0,130,270,400,2.0769,120,230,350,1.9167,100,170,270,1.7,90,130,220,1.4444,80,120,200,1.5,113,61
690,180,520,160,480,640,3.0,130,300,430,2.3077,130,230,360,1.7692,110,170,280,1.5455,90,130,220,1.4444,90,110,200,1.2222,113,61
720,170,550,190,430,620,2.2632,140,270,410,1.9286,130,230,360,1.7692,100,170,270,1.7,90,130,220,1.4444,80,110,190,1.375,113,61
710,170,530,150,440,590,2.9333,130,240,370,1.8462,120,210,330,1.75,100,170,270,1.7,90,120,210,1.3333,80,100,180,1.25,112,61
700,180,520,150,480,630,3.2,130,250,380,1.9231,130,210,340,1.6154,110,160,270,1.4545,90,130,220,1.4444,90,100,190,1.1111,112,61
700,180,520,150,450,600,3.0,130,260,390,2.0,120,220,340,1.8333,110,170,280,1.5455,90,130,220,1.4444,70,110,180,1.5714,112,61
710,180,520,150,450,600,3.0,130,260,390,2.0,130,210,340,1.6154,110,170,280,1.5455,90,130,220,1.4444,80,110,190,1.375,112,61
700,190,530,210,420,630,2.0,150,250,400,1.6667,140,220,360,1.5714,120,170,290,1.4167,110,130,240,1.1818,90,100,190,1.1111,112,61
720,170,540,150,430,580,2.8667,130,240,370,1.8462,120,200,320,1.6667,100,160,260,1.6,90,120,210,1.3333,70,100,170,1.4286,111,61
700,180,520,160,430,590,2.6875,140,240,380,1.7143,130,200,330,1.5385,110,160,270,1.4545,100,120,220,1.2,80,100,180,1.25,111,61
670,180,490,160,440,600,2.75,140,260,400,1.8571,130,220,350,1.6923,110,170,280,1.5455,90,130,220,1.4444,80,110,190,1.375,112,61
720,180,540,200,430,630,2.15,150,250,400,1.6667,150,210,360,1.4,120,160,280,1.3333,110,130,240,1.1818,90,110,200,1.2222,112,61
710,180,540,150,420,570,2.8,130,250,380,1.9231,120,210,330,1.75,110,160,270,1.4545,90,130,220,1.4444,70,110,180,1.5714,111,61
710,170,530,150,430,580,2.8667,130,240,370,1.8462,120,210,330,1.75,100,160,260,1.6,90,120,210,1.3333,70,110,180,1.5714,111,61
700,180,520,160,490,650,3.0625,130,320,450,2.4615,130,230,360,1.7692,110,170,280,1.5455,90,130,220,1.4444,90,110,200,1.2222,112,61
690,180,510,160,430,590,2.6875,140,240,380,1.7143,130,210,340,1.6154,110,160,270,1.4545,100,120,220,1.2,80,110,190,1.375,112,61
690,180,520,160,440,600,2.75,130,260,390,2.0,120,220,340,1.8333,110,170,280,1.5455,90,140,230,1.5556,80,110,190,1.375,112,61
700,170,530,190,420,610,2.2105,140,250,390,1.7857,130,220,350,1.6923,110,170,280,1.5455,90,130,220,1.4444,80,100,180,1.25,112,61
710,170,540,150,420,570,2.8,130,240,370,1.8462,120,210,330,1.75,110,160,270,1.4545,90,120,210,1.3333,80,110,190,1.375,112,61
710,170,520,150,430,580,2.8667,130,240,370,1.8462,120,200,320,1.6667,100,160,260,1.6,90,120,210,1.3333,80,100,180,1.25,112,61
700,190,520,160,480,640,3.0,130,270,400,2.0769,130,220,350,1.6923,110,160,270,1.4545,90,120,210,1.3333,90,100,190,1.1111,112,61
700,180,500,160,420,580,2.625,140,240,380,1.7143,130,220,350,1.6923,110,150,260,1.3636,100,120,220,1.2,90,100,190,1.1111,112,61
680,200,500,170,440,610,2.5882,140,240,380,1.7143,130,220,350,1.6923,120,150,270,1.25,100,120,220,1.2,90,90,180,1.0,112,61
700,180,530,170,430,600,2.5294,140,260,400,1.8571,130,220,350,1.6923,110,170,280,1.5455,90,130,220,1.4444,80,110,190,1.375,112,61
710,170,540,160,420,580,2.625,130,240,370,1.8462,120,210,330,1.75,110,160,270,1.4545,90,120,210,1.3333,80,110,190,1.375,111,61
700,200,520,170,460,630,2.7059,140,240,380,1.7143,140,200,340,1.4286,120,160,280,1.3333,100,120,220,1.2,90,100,190,1.1111,111,61
690,180,510,160,430,590,2.6875,140,250,390,1.7857,120,210,330,1.75,110,160,270,1.4545,90,120,210,1.3333,80,100,180,1.25,112,61
700,180,520,150,450,600,3.0,130,260,390,2.0,120,220,340,1.8333,100,170,270,1.7,90,130,220,1.4444,80,110,190,1.375,112,61
700,180,520,160,420,580,2.625,140,270,410,1.9286,130,220,350,1.6923,110,170,280,1.5455,100,130,230,1.3,80,110,190,1.375,111,61
720,180,540,170,430,600,2.5294,130,250,380,1.9231,130,210,340,1.6154,110,160,270,1.4545,90,130,220,1.4444,80,100,180,1.25,111,61
700,180,520,160,460,620,2.875,130,230,360,1.7692,130,200,330,1.5385,110,150,260,1.3636,90,110,200,1.2222,90,90,180,1.0,111,61
710,180,520,150,440,590,2.9333,130,250,380,1.9231,120,210,330,1.75,110,160,270,1.4545,90,120,210,1.3333,70,110,180,1.5714,111,60
700,190,510,160,440,600,2.75,140,250,390,1.7857,130,200,330,1.5385,110,160,270,1.4545,100,120,220,1.2,90,100,190,1.1111,111,61
690,190,510,160,430,590,2.6875,140,260,400,1.8571,130,220,350,1.6923,120,170,290,1.4167,100,130,230,1.3,80,100,180,1.25,111,61
700,180,530,160,420,580,2.625,130,270,400,2.0769,130,220,350,1.6923,110,170,280,1.5455,90,130,220,1.4444,80,110,190,1.375,111,61
720,170,540,170,430,600,2.5294,140,260,400,1.8571,120,220,340,1.8333,110,170,280,1.5455,90,130,220,1.4444,70,110,180,1.5714,111,60
710,180,530,150,470,620,3.1333,130,240,370,1.8462,120,210,330,1.75,110,150,260,1.3636,90,120,210,1.3333,80,100,180,1.25,110,60
710,180,520,150,440,590,2.9333,140,240,380,1.7143,130,200,330,1.5385,100,160,260,1.6,90,120,210,1.3333,80,100,180,1.25,110,60
690,190,520,160,430,590,2.6875,140,240,380,1.7143,130,210,340,1.6154,110,160,270,1.4545,90,120,210,1.3333,90,100,190,1.1111,111,60
710,170,520,150,430,580,2.8667,130,250,380,1.9231,120,220,340,1.8333,100,170,270,1.7,90,130,220,1.4444,80,120,200,1.5,111,60
700,190,520,170,420,590,2.4706,140,260,400,1.8571,130,220,350,1.6923,120,170,290,1.4167,100,130,230,1.3,90,100,190,1.1111,111,60
710,180,540,170,430,600,2.5294,140,240,380,1.7143,130,210,340,1.6154,110,160,270,1.4545,100,120,220,1.2,80,100,180,1.25,111,60
710,180,530,150,420,570,2.8,130,240,370,1.8462,120,210,330,1.75,100,170,270,1.7,90,130,220,1.4444,80,100,180,1.25,110,60
710,180,530,160,440,600,2.75,130,250,380,1.9231,120,220,340,1.8333,110,170,280,1.5455,90,130,220,1.4444,80,100,180,1.25,110,60
700,180,510,160,410,570,2.5625,140,240,380,1.7143,130,210,340,1.6154,110,160,270,1.4545,100,130,230,1.3,90,110,200,1.2222,111,60
700,190,520,160,420,580,2.625,140,270,410,1.9286,130,220,350,1.6923,110,170,280,1.5455,90,130,220,1.4444,90,100,190,1.1111,111,60
710,180,540,170,430,600,2.5294,140,250,390,1.7857,130,210,340,1.6154,110,160,270,1.4545,90,120,210,1.3333,80,100,180,1.25,111,60
710,180,530,150,440,590,2.9333,140,250,390,1.7857,130,200,330,1.5385,100,160,260,1.6,90,120,210,1.3333,80,100,180,1.25,110,60
710,180,520,160,440,600,2.75,130,250,380,1.9231,130,210,340,1.6154,110,150,260,1.3636,90,130,220,1.4444,90,100,190,1.1111,111,60
700,190,510,160,440,600,2.75,130,250,380,1.9231,120,210,330,1.75,110,160,270,1.4545,90,120,210,1.3333,80,100,180,1.25,111,60
690,190,520,160,430,590,2.6875,140,250,390,1.7857,140,210,350,1.5,110,160,270,1.4545,100,120,220,1.2,90,100,190,1.1111,111,60
710,170,540,170,440,610,2.5882,140,260,400,1.8571,130,220,350,1.6923,110,160,270,1.4545,90,130,220,1.4444,80,110,190,1.375,110,60
700,190,510,160,430,590,2.6875,140,250,390,1.7857,130,210,340,1.6154,110,160,270,1.4545,100,120,220,1.2,90,100,190,1.1111,106,57
710,190,530,200,410,610,2.05,150,290,440,1.9333,140,230,370,1.6429,120,180,300,1.5,100,130,230,1.3,90,110,200,1.2222,106,57
720,180,530,160,410,570,2.5625,140,230,370,1.6429,120,200,320,1.6667,110,160,270,1.4545,90,120,210,1.3333,80,100,180,1.25,106,57
700,190,520,160,420,580,2.625,140,230,370,1.6429,120,200,320,1.6667,110,150,260,1.3636,90,110,200,1.2222,80,100,180,1.25,105,57
700,180,520,160,410,570,2.5625,140,240,380,1.7143,130,200,330,1.5385,110,160,270,1.4545,100,120,220,1.2,70,100,170,1.4286,105,57
700,180,520,160,440,600,2.75,130,260,390,2.0,110,220,330,2.0,110,170,280,1.5455,90,140,230,1.5556,80,110,190,1.375,106,57
710,180,530,170,400,570,2.3529,140,250,390,1.7857,130,230,360,1.7692,110,180,290,1.6364,90,140,230,1.5556,80,120,200,1.5,106,57
720,180,530,170,410,580,2.4118,140,240,380,1.7143,130,220,350,1.6923,110,160,270,1.4545,90,120,210,1.3333,90,100,190,1.1111,106,57
710,190,520,160,400,560,2.5,140,230,370,1.6429,130,200,330,1.5385,110,150,260,1.3636,90,110,200,1.2222,90,90,180,1.0,105,57
710,190,520,160,490,650,3.0625,140,270,410,1.9286,130,220,350,1.6923,110,180,290,1.6364,90,140,230,1.5556,80,100,180,1.25,105,57
700,190,510,160,410,570,2.5625,140,250,390,1.7857,130,210,340,1.6154,110,160,270,1.4545,100,120,220,1.2,80,100,180,1.25,105,57
700,190,510,160,450,610,2.8125,130,250,380,1.9231,130,210,340,1.6154,110,170,280,1.5455,90,130,220,1.4444,80,110,190,1.375,105,57
710,190,530,180,390,570,2.1667,150,240,390,1.6,140,210,350,1.5,110,150,260,1.3636,100,110,210,1.1,80,80,160,1.0,106,57
710,180,540,180,400,580,2.2222,140,240,380,1.7143,140,200,340,1.4286,110,160,270,1.4545,100,120,220,1.2,80,100,180,1.25,106,57
720,170,540,150,440,590,2.9333,130,250,380,1.9231,120,220,340,1.8333,100,170,270,1.7,90,130,220,1.4444,70,110,180,1.5714,106,57
720,180,530,150,460,610,3.0667,130,260,390,2.0,120,220,340,1.8333,100,170,270,1.7,90,130,220,1.4444,70,100,170,1.4286,105,57
700,190,510,170,450,620,2.6471,140,240,380,1.7143,130,210,340,1.6154,120,150,270,1.25,100,110,210,1.1,90,90,180,1.0,105,57
690,190,510,160,430,590,2.6875,140,260,400,1.8571,130,220,350,1.6923,110,160,270,1.4545,100,120,220,1.2,90,100,190,1.1111,106,57
710,180,520,160,410,570,2.5625,130,260,390,2.0,120,220,340,1.8333,110,170,280,1.5455,90,130,220,1.4444,80,110,190,1.375,106,57
720,190,540,160,390,550,2.4375,140,230,370,1.6429,130,200,330,1.5385,100,160,260,1.6,100,120,220,1.2,80,100,180,1.25,106,57
710,180,520,160,390,550,2.4375,140,240,380,1.7143,130,210,340,1.6154,110,160,270,1.4545,90,120,210,1.3333,80,100,180,1.25,105,56
680,190,500,150,450,600,3.0,140,250,390,1.7857,130,210,340,1.6154,100,160,260,1.6,90,120,210,1.3333,80,100,180,1.25,105,56
720,180,530,150,400,550,2.6667,140,250,390,1.7857,130,210,340,1.6154,110,160,270,1.4545,90,120,210,1.3333,80,100,180,1.25,105,56
700,190,510,160,420,580,2.625,140,260,400,1.8571,130,220,350,1.6923,110,170,280,1.5455,100,130,230,1.3,80,120,200,1.5,105,56
700,190,510,160,420,580,2.625,140,270,410,1.9286,120,230,350,1.9167,120,180,300,1.5,100,140,240,1.4,80,110,190,1.375,105,56
710,190,520,170,410,580,2.4118,140,250,390,1.7857,140,210,350,1.5,120,160,280,1.3333,100,120,220,1.2,90,100,190,1.1111,105,57
700,190,520,160,400,560,2.5,140,240,380,1.7143,130,200,330,1.5385,110,150,260,1.3636,90,120,210,1.3333,90,90,180,1.0,105,57
710,180,530,150,380,530,2.5333,130,230,360,1.7692,120,190,310,1.5833,110,150,260,1.3636,80,120,200,1.5,70,110,180,1.5714,105,57
700,180,510,160,470,630,2.9375,140,250,390,1.7857,130,210,340,1.6154,110,160,270,1.4545,90,120,210,1.3333,80,110,190,1.375,105,57
700,190,520,160,450,610,2.8125,140,270,410,1.9286,130,220,350,1.6923,110,170,280,1.5455,90,130,220,1.4444,80,100,180,1.25,105,57
690,180,520,160,410,570,2.5625,140,250,390,1.7857,130,210,340,1.6154,110,160,270,1.4545,100,120,220,1.2,90,100,190,1.1111,105,57
720,170,540,150,420,570,2.8,130,250,380,1.9231,120,210,330,1.75,100,170,270,1.7,80,130,210,1.625,70,110,180,1.5714,105,57
710,180,530,170,390,560,2.2941,140,240,380,1.7143,130,210,340,1.6154,110,160,270,1.4545,90,120,210,1.3333,80,100,180,1.25,105,57
710,180,520,150,440,590,2.9333,130,240,370,1.8462,120,200,320,1.6667,100,160,260,1.6,90,120,210,1.3333,80,100,180,1.25,105,57
700,190,520,160,410,570,2.5625,130,230,360,1.7692,130,210,340,1.6154,110,160,270,1.4545,90,120,210,1.3333,90,90,180,1.0,105,57
700,180,510,150,440,590,2.9333,140,250,390,1.7857,130,220,350,1.6923,110,160,270,1.4545,100,120,220,1.2,80,100,180,1.25,105,57
690,190,510,160,420,580,2.625,140,250,390,1.7857,130,210,340,1.6154,120,170,290,1.4167,100,130,230,1.3,90,100,190,1.1111,105,57
720,180,540,160,440,600,2.75,140,250,390,1.7857,130,220,350,1.6923,100,170,270,1.7,90,130,220,1.4444,80,110,190,1.375,105,57
710,180,520,160,380,540,2.375,140,210,350,1.5,130,190,320,1.4615,110,150,260,1.3636,90,120,210,1.3333,90,90,180,1.0,105,57
700,190,520,160,410,570,2.5625,130,230,360,1.7692,130,200,330,1.5385,110,150,260,1.3636,90,110,200,1.2222,90,90,180,1.0,104,56
710,180,510,150,410,560,2.7333,130,250,380,1.9231,120,210,330,1.75,110,160,270,1.4545,90,120,210,1.3333,70,110,180,1.5714,104,56
690,200,510,150,460,610,3.0667,140,260,400,1.8571,130,220,350,1.6923,110,160,270,1.4545,100,130,230,1.3,90,110,200,1.2222,104,56
700,180,520,150,420,570,2.8,130,260,390,2.0,120,220,340,1.8333,110,170,280,1.5455,90,130,220,1.4444,80,110,190,1.375,104,56
700,180,530,170,400,570,2.3529,140,250,390,1.7857,130,220,350,1.6923,110,170,280,1.5455,90,130,220,1.4444,80,110,190,1.375,105,56
730,170,550,150,390,540,2.6,120,230,350,1.9167,110,200,310,1.8182,90,150,240,1.6667,70,120,190,1.7143,70,100,170,1.4286,104,56
710,180,530,160,390,550,2.4375,140,230,370,1.6429,130,200,330,1.5385,110,160,270,1.4545,90,120,210,1.3333,80,100,180,1.25,104,56
700,180,510,150,440,590,2.9333,140,250,390,1.7857,120,210,330,1.75,110,150,260,1.3636,90,120,210,1.3333,80,100,180,1.25,104,56
700,190,520,160,420,580,2.625,130,240,370,1.8462,120,210,330,1.75,100,160,260,1.6,90,130,220,1.4444,80,100,180,1.25,104,56
710,190,540,170,410,580,2.4118,140,250,390,1.7857,130,220,350,1.6923,110,170,280,1.5455,90,130,220,1.4444,90,100,190,1.1111,104,56
720,170,540,180,420,600,2.3333,130,220,350,1.6923,120,200,320,1.6667,110,150,260,1.3636,90,120,210,1.3333,80,100,180,1.25,104,56
590,180,420,160,430,590,2.6875,130,230,360,1.7692,120,200,320,1.6667,110,150,260,1.3636,90,110,200,1.2222,80,100,180,1.25,104,56
750,170,580,190,430,620,2.2632,140,210,350,1.5,130,190,320,1.4615,110,140,250,1.2727,90,110,200,1.2222,80,90,170,1.125,103,56
740,170,550,150,560,710,3.7333,130,380,510,2.9231,120,280,400,2.3333,100,190,290,1.9,80,150,230,1.875,70,120,190,1.7143,104,56
700,190,510,160,400,560,2.5,140,250,390,1.7857,130,210,340,1.6154,120,160,280,1.3333,100,120,220,1.2,80,100,180,1.25,104,56
710,190,530,210,480,690,2.2857,160,300,460,1.875,140,240,380,1.7143,120,180,300,1.5,100,130,230,1.3,90,110,200,1.2222,104,56
700,180,520,160,360,520,2.25,130,230,360,1.7692,130,200,330,1.5385,110,160,270,1.4545,90,120,210,1.3333,90,90,180,1.0,103,56
710,180,530,150,390,540,2.6,120,240,360,2.0,110,210,320,1.9091,100,160,260,1.6,80,120,200,1.5,60,110,170,1.8333,102,56
700,180,520,150,530,680,3.5333,130,240,370,1.8462,120,200,320,1.6667,100,160,260,1.6,90,120,210,1.3333,80,100,180,1.25,102,56
700,180,510,160,430,590,2.6875,130,250,380,1.9231,120,210,330,1.75,110,160,270,1.4545,90,120,210,1.3333,80,100,180,1.25,103,56
690,190,510,160,410,570,2.5625,140,250,390,1.7857,130,210,340,1.6154,110,160,270,1.4545,100,120,220,1.2,90,100,190,1.1111,103,56
700,180,520,180,400,580,2.2222,150,270,420,1.8,130,220,350,1.6923,110,170,280,1.5455,100,130,230,1.3,90,110,200,1.2222,103,56
710,180,530,160,400,560,2.5,130,240,370,1.8462,130,210,340,1.6154,110,160,270,1.4545,90,130,220,1.4444,80,100,180,1.25,103,56
700,180,520,150,410,560,2.7333,130,230,360,1.7692,120,200,320,1.6667,110,150,260,1.3636,90,120,210,1.3333,80,100,180,1.25,102,55
710,180,520,150,500,650,3.3333,130,240,370,1.8462,120,200,320,1.6667,100,160,260,1.6,90,120,210,1.3333,70,100,170,1.4286,102,55
690,190,500,160,410,570,2.5625,140,230,370,1.6429,130,200,330,1.5385,120,150,270,1.25,80,120,200,1.5,80,90,170,1.125,102,55
690,190,510,150,440,590,2.9333,140,250,390,1.7857,130,210,340,1.6154,110,160,270,1.4545,90,120,210,1.3333,80,100,180,1.25,103,56
700,180,520,160,390,550,2.4375,140,260,400,1.8571,130,230,360,1.7692,110,170,280,1.5455,90,130,220,1.4444,80,110,190,1.375,103,56
710,180,530,160,390,550,2.4375,130,230,360,1.7692,130,200,330,1.5385,110,150,260,1.3636,90,120,210,1.3333,80,90,170,1.125,103,56
700,180,530,150,390,540,2.6,130,230,360,1.7692,120,200,320,1.6667,100,150,250,1.5,70,120,190,1.7143,70,100,170,1.4286,103,56
700,180,520,150,430,580,2.8667,130,250,380,1.9231,120,210,330,1.75,100,170,270,1.7,90,130,220,1.4444,70,110,180,1.5714,103,56
690,180,520,150,430,580,2.8667,130,260,390,2.0,120,220,340,1.8333,100,170,270,1.7,80,130,210,1.625,70,110,180,1.5714,103,56
710,170,540,160,410,570,2.5625,130,250,380,1.9231,120,220,340,1.8333,100,170,270,1.7,80,140,220,1.75,70,120,190,1.7143,103,56
720,170,540,160,420,580,2.625,140,250,390,1.7857,120,220,340,1.8333,110,160,270,1.4545,90,130,220,1.4444,70,110,180,1.5714,103,56
710,180,520,160,380,540,2.375,140,230,370,1.6429,130,190,320,1.4615,110,150,260,1.3636,90,110,200,1.2222,80,100,180,1.25,103,56
700,190,520,160,490,650,3.0625,140,280,420,2.0,130,230,360,1.7692,110,170,280,1.5455,100,130,230,1.3,90,120,210,1.3333,103,55
700,180,520,160,430,590,2.6875,130,240,370,1.8462,120,210,330,1.75,110,160,270,1.4545,90,120,210,1.3333,80,100,180,1.25,103,56
680,180,510,160,430,590,2.6875,140,250,390,1.7857,130,210,340,1.6154,110,160,270,1.4545,100,120,220,1.2,80,110,190,1.375,103,56
710,180,530,180,410,590,2.2778,140,240,380,1.7143,130,210,340,1.6154,110,160,270,1.4545,100,120,220,1.2,90,100,190,1.1111,103,56
710,180,540,150,400,550,2.6667,130,220,350,1.6923,120,200,320,1.6667,100,150,250,1.5,90,120,210,1.3333,80,100,180,1.25,103,56
710,180,520,150,420,570,2.8,130,240,370,1.8462,120,210,330,1.75,100,160,260,1.6,90,120,210,1.3333,80,100,180,1.25,103,56
690,190,510,160,460,620,2.875,140,250,390,1.7857,130,210,340,1.6154,120,160,280,1.3333,100,120,220,1.2,90,100,190,1.1111,103,56
700,180,520,160,440,600,2.75,140,280,420,2.0,130,220,350,1.6923,110,170,280,1.5455,100,130,230,1.3,90,110,200,1.2222,103,56
710,180,530,200,410,610,2.05,150,250,400,1.6667,130,210,340,1.6154,120,160,280,1.3333,100,120,220,1.2,80,100,180,1.25,103,56
710,180,500,150,390,540,2.6,130,230,360,1.7692,120,200,320,1.6667,110,150,260,1.3636,80,120,200,1.5,70,100,170,1.4286,103,56
600,210,430,160,440,600,2.75,140,240,380,1.7143,130,200,330,1.5385,110,160,270,1.4545,90,120,210,1.3333,80,90,170,1.125,103,56
760,170,580,190,430,620,2.2632,140,210,350,1.5,120,190,310,1.5833,110,150,260,1.3636,90,120,210,1.3333,80,90,170,1.125,103,55
720,180,540,150,550,700,3.6667,140,310,450,2.2143,130,230,360,1.7692,110,170,280,1.5455,100,120,220,1.2,80,100,180,1.25,103,55
710,180,530,150,480,630,3.2,130,270,400,2.0769,120,220,340,1.8333,100,160,260,1.6,90,120,210,1.3333,70,110,180,1.5714,104,56
720,180,550,200,410,610,2.05,140,230,370,1.6429,130,200,330,1.5385,110,150,260,1.3636,90,120,210,1.3333,80,90,170,1.125,104,56
720,170,540,160,450,610,2.8125,130,240,370,1.8462,120,200,320,1.6667,100,150,250,1.5,90,120,210,1.3333,80,90,170,1.125,103,56
710,180,520,160,450,610,2.8125,130,210,340,1.6154,130,180,310,1.3846,100,140,240,1.4,90,110,200,1.2222,80,90,170,1.125,102,56
700,190,520,160,460,620,2.875,140,230,370,1.6429,130,190,320,1.4615,110,140,250,1.2727,100,110,210,1.1,80,90,170,1.125,102,56
700,180,510,150,400,550,2.6667,130,240,370,1.8462,120,210,330,1.75,90,160,250,1.7778,80,120,200,1.5,80,100,180,1.25,102,56
700,190,510,160,410,570,2.5625,140,240,380,1.7143,120,210,330,1.75,110,160,270,1.4545,90,120,210,1.3333,80,100,180,1.25,102,56
700,190,520,180,400,580,2.2222,140,240,380,1.7143,140,200,340,1.4286,120,160,280,1.3333,100,130,230,1.3,90,100,190,1.1111,101,55
710,180,530,160,330,490,2.0625,130,240,370,1.8462,120,210,330,1.75,110,160,270,1.4545,90,120,210,1.3333,80,100,180,1.25,101,55
700,180,520,150,410,560,2.7333,140,230,370,1.6429,130,200,330,1.5385,110,150,260,1.3636,90,120,210,1.3333,80,100,180,1.25,100,55
670,180,480,150,340,490,2.2667,130,200,330,1.5385,130,170,300,1.3077,110,130,240,1.1818,90,100,190,1.1111,80,80,160,1.0,100,54
640,190,460,160,430,590,2.6875,140,240,380,1.7143,130,210,340,1.6154,110,160,270,1.4545,90,120,210,1.3333,80,100,180,1.25,100,54
730,180,540,160,410,570,2.5625,130,240,370,1.8462,120,210,330,1.75,100,160,260,1.6,80,130,210,1.625,80,100,180,1.25,100,55
710,190,530,170,420,590,2.4706,140,250,390,1.7857,130,210,340,1.6154,110,170,280,1.5455,90,130,220,1.4444,90,100,190,1.1111,100,55
700,170,520,150,470,620,3.1333,120,260,380,2.1667,120,220,340,1.8333,100,170,270,1.7,80,130,210,1.625,80,100,180,1.25,100,55
690,190,510,160,420,580,2.625,140,250,390,1.7857,130,210,340,1.6154,120,160,280,1.3333,100,120,220,1.2,90,100,190,1.1111,101,55
700,180,530,170,410,580,2.4118,140,240,380,1.7143,130,210,340,1.6154,110,160,270,1.4545,90,120,210,1.3333,90,100,190,1.1111,101,55
710,170,530,180,390,570,2.1667,140,220,360,1.5714,120,190,310,1.5833,110,150,260,1.3636,90,110,200,1.2222,80,90,170,1.125,101,55
710,180,520,150,410,560,2.7333,130,220,350,1.6923,120,200,320,1.6667,100,150,250,1.5,90,120,210,1.3333,80,90,170,1.125,101,55
710,190,510,160,400,560,2.5,140,230,370,1.6429,130,200,330,1.5385,110,150,260,1.3636,90,110,200,1.2222,90,90,180,1.0,101,55
680,200,490,170,500,670,2.9412,150,260,410,1.7333,140,210,350,1.5,120,160,280,1.3333,110,110,220,1.0,90,100,190,1.1111,102,55
690,190,500,150,390,540,2.6,140,240,380,1.7143,130,210,340,1.6154,120,160,280,1.3333,100,120,220,1.2,90,100,190,1.1111,102,55
700,190,520,160,420,580,2.625,140,260,400,1.8571,130,220,350,1.6923,110,170,280,1.5455,90,130,220,1.4444,90,100,190,1.1111,102,56
710,180,540,200,370,570,1.85,150,240,390,1.6,130,210,340,1.6154,110,160,270,1.4545,100,120,220,1.2,90,110,200,1.2222,102,56
720,170,540,160,480,640,3.0,140,230,370,1.6429,130,180,310,1.3846,100,140,240,1.4,90,110,200,1.2222,80,90,170,1.125,102,56
690,180,520,150,470,620,3.1333,140,250,390,1.7857,130,210,340,1.6154,110,160,270,1.4545,100,120,220,1.2,80,100,180,1.25,101,55
700,170,510,150,520,670,3.4667,130,310,440,2.3846,120,250,370,2.0833,110,190,300,1.7273,90,150,240,1.6667,80,120,200,1.5,102,56
710,190,520,160,420,580,2.625,130,260,390,2.0,130,220,350,1.6923,110,170,280,1.5455,90,130,220,1.4444,80,100,180,1.25,102,56
700,190,540,160,400,560,2.5,150,260,410,1.7333,130,220,350,1.6923,120,170,290,1.4167,100,130,230,1.3,70,100,170,1.4286,102,56
710,160,520,180,380,560,2.1111,140,240,380,1.7143,130,210,340,1.6154,110,160,270,1.4545,100,120,220,1.2,80,100,180,1.25,102,56
700,190,530,160,390,550,2.4375,130,230,360,1.7692,130,200,330,1.5385,100,160,260,1.6,90,120,210,1.3333,80,90,170,1.125,102,56
710,170,460,150,360,510,2.4,130,230,360,1.7692,120,200,320,1.6667,100,160,260,1.6,80,130,210,1.625,70,110,180,1.5714,102,56
690,250,510,160,450,610,2.8125,140,260,400,1.8571,130,220,350,1.6923,110,160,270,1.4545,90,120,210,1.3333,80,110,190,1.375,102,55
710,180,520,150,390,540,2.6,130,240,370,1.8462,110,220,330,2.0,100,170,270,1.7,80,130,210,1.625,70,110,180,1.5714,102,56
700,190,520,170,400,570,2.3529,140,250,390,1.7857,140,220,360,1.5714,110,160,270,1.4545,100,120,220,1.2,90,100,190,1.1111,102,56
710,180,540,170,400,570,2.3529,150,240,390,1.6,130,210,340,1.6154,120,160,280,1.3333,90,120,210,1.3333,80,100,180,1.25,102,56
720,170,530,150,350,500,2.3333,120,230,350,1.9167,110,200,310,1.8182,100,150,250,1.5,80,110,190,1.375,70,100,170,1.4286,102,56
710,190,520,150,480,630,3.2,140,230,370,1.6429,130,190,320,1.4615,110,150,260,1.3636,100,110,210,1.1,80,90,170,1.125,102,56
700,190,510,160,420,580,2.625,130,230,360,1.7692,130,210,340,1.6154,110,160,270,1.4545,100,120,220,1.2,90,90,180,1.0,102,56
700,190,510,160,400,560,2.5,130,230,360,1.7692,120,210,330,1.75,110,160,270,1.4545,90,120,210,1.3333,80,100,180,1.25,103,56
710,190,520,160,410,570,2.5625,140,260,400,1.8571,130,220,350,1.6923,110,170,280,1.5455,100,120,220,1.2,80,110,190,1.375,103,56
720,190,540,170,380,550,2.2353,130,230,360,1.7692,130,200,330,1.5385,110,150,260,1.3636,90,120,210,1.3333,80,90,170,1.125,103,56
710,180,530,160,340,500,2.125,130,210,340,1.6154,130,190,320,1.4615,110,140,250,1.2727,90,110,200,1.2222,80,90,170,1.125,102,56
710,180,520,160,420,580,2.625,130,250,380,1.9231,120,210,330,1.75,110,150,260,1.3636,90,120,210,1.3333,80,100,180,1.25,102,56
700,190,510,160,410,570,2.5625,140,230,370,1.6429,130,200,330,1.5385,110,150,260,1.3636,90,110,200,1.2222,80,100,180,1.25,102,56
700,190,520,160,420,580,2.625,130,250,380,1.9231,130,210,340,1.6154,110,160,270,1.4545,90,130,220,1.4444,80,100,180,1.25,102,56
710,180,520,160,380,540,2.375,140,240,380,1.7143,120,210,330,1.75,110,150,260,1.3636,90,120,210,1.3333,80,110,190,1.375,102,56
720,190,540,180,380,560,2.1111,140,240,380,1.7143,130,210,340,1.6154,110,160,270,1.4545,100,120,220,1.2,90,100,190,1.1111,101,56
730,180,530,160,360,520,2.25,140,220,360,1.5714,130,190,320,1.4615,110,150,260,1.3636,100,110,210,1.1,80,90,170,1.125,101,56
690,200,500,170,460,630,2.7059,150,230,380,1.5333,140,190,330,1.3571,120,150,270,1.25,110,110,220,1.0,90,90,180,1.0,101,56
700,190,510,160,400,560,2.5,130,240,370,1.8462,120,210,330,1.75,110,160,270,1.4545,90,120,210,1.3333,80,100,180,1.25,101,56
710,190,520,150,440,590,2.9333,130,250,380,1.9231,120,220,340,1.8333,100,160,260,1.6,90,130,220,1.4444,70,110,180,1.5714,101,56
710,190,530,170,410,580,2.4118,140,260,400,1.8571,130,220,350,1.6923,120,170,290,1.4167,90,130,220,1.4444,90,100,190,1.1111,101,56
720,180,540,170,390,560,2.2941,140,250,390,1.7857,130,220,350,1.6923,110,160,270,1.4545,90,130,220,1.4444,80,100,180,1.25,102,56
720,180,530,160,360,520,2.25,130,220,350,1.6923,120,200,320,1.6667,110,150,260,1.3636,80,120,200,1.5,80,100,180,1.25,102,56
700,190,520,160,350,510,2.1875,140,220,360,1.5714,130,200,330,1.5385,110,140,250,1.2727,80,110,190,1.375,80,100,180,1.25,102,56
710,180,530,150,390,540,2.6,130,240,370,1.8462,120,200,320,1.6667,100,160,260,1.6,90,120,210,1.3333,80,100,180,1.25,101,56
710,180,520,160,450,610,2.8125,130,250,380,1.9231,130,210,340,1.6154,110,170,280,1.5455,90,130,220,1.4444,80,100,180,1.25,101,56
710,190,520,160,410,570,2.5625,130,270,400,2.0769,130,220,350,1.6923,120,170,290,1.4167,100,130,230,1.3,80,100,180,1.25,102,56
710,190,520,210,400,610,1.9048,150,260,410,1.7333,140,210,350,1.5,120,150,270,1.25,100,110,210,1.1,90,100,190,1.1111,102,56
720,190,540,150,340,490,2.2667,130,220,350,1.6923,120,190,310,1.5833,100,150,250,1.5,90,120,210,1.3333,70,100,170,1.4286,102,56
710,180,520,150,350,500,2.3333,140,230,370,1.6429,120,200,320,1.6667,100,160,260,1.6,90,120,210,1.3333,80,100,180,1.25,102,56
710,190,520,150,410,560,2.7333,130,240,370,1.8462,130,210,340,1.6154,100,160,260,1.6,90,130,220,1.4444,80,100,180,1.25,102,56
700,190,510,160,490,650,3.0625,140,240,380,1.7143,120,210,330,1.75,110,160,270,1.4545,90,120,210,1.3333,80,100,180,1.25,102,56
710,190,530,150,450,600,3.0,130,260,390,2.0,120,220,340,1.8333,100,160,260,1.6,90,130,220,1.4444,80,100,180,1.25,102,56
720,180,530,200,380,580,1.9,140,230,370,1.6429,130,210,340,1.6154,110,160,270,1.4545,90,120,210,1.3333,90,100,190,1.1111,102,56
720,190,530,200,410,610,2.05,140,240,380,1.7143,130,210,340,1.6154,110,160,270,1.4545,90,120,210,1.3333,90,90,180,1.0,102,56
690,190,490,160,470,630,2.9375,130,230,360,1.7692,130,200,330,1.5385,110,150,260,1.3636,90,110,200,1.2222,90,90,180,1.0,101,56
700,180,530,150,400,550,2.6667,130,250,380,1.9231,120,220,340,1.8333,110,160,270,1.4545,80,130,210,1.625,60,110,170,1.8333,101,55
720,170,540,160,390,550,2.4375,130,240,370,1.8462,120,210,330,1.75,100,170,270,1.7,90,130,220,1.4444,70,110,180,1.5714,101,55
710,180,530,200,340,540,1.7,150,210,360,1.4,130,190,320,1.4615,110,140,250,1.2727,90,110,200,1.2222,90,90,180,1.0,101,55
700,180,520,150,380,530,2.5333,130,230,360,1.7692,120,200,320,1.6667,100,150,250,1.5,80,120,200,1.5,80,100,180,1.25,100,55
740,180,520,150,390,540,2.6,130,240,370,1.8462,120,210,330,1.75,100,160,260,1.6,90,120,210,1.3333,70,110,180,1.5714,100,55
660,220,470,190,460,650,2.4211,160,250,410,1.5625,160,200,360,1.25,140,140,280,1.0,120,100,220,0.8333299999999999,120,80,200,0.66667,100,55
700,190,520,150,390,540,2.6,130,250,380,1.9231,120,220,340,1.8333,100,160,260,1.6,90,130,220,1.4444,80,110,190,1.375,100,55
720,180,540,170,400,570,2.3529,140,250,390,1.7857,120,220,340,1.8333,110,170,280,1.5455,90,130,220,1.4444,80,100,180,1.25,101,55
710,180,530,170,370,540,2.1765,140,220,360,1.5714,130,200,330,1.5385,110,150,260,1.3636,90,120,210,1.3333,80,100,180,1.25,101,56
700,180,510,150,350,500,2.3333,130,230,360,1.7692,120,200,320,1.6667,110,150,260,1.3636,90,110,200,1.2222,80,100,180,1.25,101,56
700,190,520,160,390,550,2.4375,130,230,360,1.7692,130,220,350,1.6923,110,160,270,1.4545,90,120,210,1.3333,80,110,190,1.375,101,56
670,180,480,150,490,640,3.2667,130,260,390,2.0,120,220,340,1.8333,110,170,280,1.5455,90,120,210,1.3333,80,110,190,1.375,102,56
700,190,520,170,370,540,2.1765,140,230,370,1.6429,140,200,340,1.4286,110,170,280,1.5455,100,120,220,1.2,90,100,190,1.1111,102,56
720,180,540,150,410,560,2.7333,130,260,390,2.0,120,230,350,1.9167,100,180,280,1.8,80,140,220,1.75,80,120,200,1.5,102,56
700,180,530,190,350,540,1.8421,130,220,350,1.6923,120,200,320,1.6667,110,150,260,1.3636,90,120,210,1.3333,80,100,180,1.25,102,56
690,190,480,160,370,530,2.3125,130,220,350,1.6923,130,200,330,1.5385,110,150,260,1.3636,80,110,190,1.375,80,90,170,1.125,102,56
690,210,510,160,500,660,3.125,140,250,390,1.7857,130,210,340,1.6154,100,160,260,1.6,90,120,210,1.3333,80,110,190,1.375,102,57
700,180,520,150,380,530,2.5333,140,230,370,1.6429,120,210,330,1.75,110,160,270,1.4545,90,120,210,1.3333,80,110,190,1.375,103,57
700,180,520,170,420,590,2.4706,140,270,410,1.9286,130,220,350,1.6923,110,170,280,1.5455,90,130,220,1.4444,90,110,200,1.2222,103,57
700,180,520,160,360,520,2.25,130,220,350,1.6923,120,200,320,1.6667,100,160,260,1.6,90,120,210,1.3333,80,100,180,1.25,103,57
700,180,510,150,480,630,3.2,130,230,360,1.7692,120,200,320,1.6667,110,150,260,1.3636,90,120,210,1.3333,80,100,180,1.25,103,57
690,190,500,160,410,570,2.5625,130,230,360,1.7692,130,200,330,1.5385,110,160,270,1.4545,90,120,210,1.3333,90,90,180,1.0,103,57
690,190,500,160,400,560,2.5,140,240,380,1.7143,130,200,330,1.5385,110,160,270,1.4545,100,120,220,1.2,90,100,190,1.1111,103,57
690,190,510,190,390,580,2.0526,150,250,400,1.6667,130,220,350,1.6923,110,170,280,1.5455,100,130,230,1.3,90,100,190,1.1111,103,57
710,180,530,160,350,510,2.1875,130,220,350,1.6923,120,200,320,1.6667,110,150,260,1.3636,90,120,210,1.3333,80,100,180,1.25,103,57
700,180,510,150,300,450,2.0,130,210,340,1.6154,120,190,310,1.5833,110,150,260,1.3636,90,110,200,1.2222,80,90,170,1.125,103,57
700,190,510,160,400,560,2.5,130,210,340,1.6154,130,190,320,1.4615,110,160,270,1.4545,90,110,200,1.2222,90,90,180,1.0,103,57
690,190,500,160,400,560,2.5,140,220,360,1.5714,130,190,320,1.4615,110,150,260,1.3636,100,110,210,1.1,90,90,180,1.0,103,57
690,190,500,160,380,540,2.375,140,230,370,1.6429,130,210,340,1.6154,110,150,260,1.3636,90,120,210,1.3333,80,100,180,1.25,104,57
700,190,520,170,370,540,2.1765,140,250,390,1.7857,130,210,340,1.6154,110,170,280,1.5455,90,130,220,1.4444,90,100,190,1.1111,104,57
710,180,530,180,370,550,2.0556,140,230,370,1.6429,130,200,330,1.5385,110,150,260,1.3636,100,120,220,1.2,80,100,180,1.25,104,57
700,190,510,150,420,570,2.8,130,220,350,1.6923,120,200,320,1.6667,100,150,250,1.5,90,120,210,1.3333,80,90,170,1.125,103,57
700,190,510,150,390,540,2.6,130,230,360,1.7692,120,190,310,1.5833,110,150,260,1.3636,90,110,200,1.2222,80,100,180,1.25,104,57
690,190,490,160,400,560,2.5,140,230,370,1.6429,130,200,330,1.5385,110,150,260,1.3636,90,130,220,1.4444,90,90,180,1.0,104,57
700,200,520,170,380,550,2.2353,130,240,370,1.8462,130,200,330,1.5385,110,170,280,1.5455,100,120,220,1.2,80,100,180,1.25,104,58
710,180,530,170,380,550,2.2353,140,230,370,1.6429,130,200,330,1.5385,110,170,280,1.5455,90,120,210,1.3333,80,100,180,1.25,103,57
700,180,530,150,310,460,2.0667,130,210,340,1.6154,120,190,310,1.5833,110,150,260,1.3636,90,110,200,1.2222,80,90,170,1.125,103,57
700,170,520,150,440,590,2.9333,130,250,380,1.9231,120,210,330,1.75,100,170,270,1.7,90,120,210,1.3333,70,110,180,1.5714,103,57
700,180,510,150,380,530,2.5333,130,230,360,1.7692,120,200,320,1.6667,100,160,260,1.6,90,120,210,1.3333,70,100,170,1.4286,103,57
690,190,510,160,420,580,2.625,130,250,380,1.9231,130,210,340,1.6154,110,170,280,1.5455,90,130,220,1.4444,80,100,180,1.25,103,57
700,180,520,160,360,520,2.25,140,240,380,1.7143,120,200,320,1.6667,100,160,260,1.6,90,120,210,1.3333,80,90,170,1.125,104,57
710,180,530,170,380,550,2.2353,140,240,380,1.7143,120,210,330,1.75,110,160,270,1.4545,90,120,210,1.3333,80,100,180,1.25,104,57
720,180,520,150,350,500,2.3333,130,220,350,1.6923,120,190,310,1.5833,110,150,260,1.3636,80,110,190,1.375,70,100,170,1.4286,103,57
690,200,500,160,450,610,2.8125,140,230,370,1.6429,130,190,320,1.4615,110,150,260,1.3636,100,110,210,1.1,80,90,170,1.125,103,57
700,190,510,160,370,530,2.3125,130,220,350,1.6923,120,200,320,1.6667,110,150,260,1.3636,90,120,210,1.3333,80,100,180,1.25,103,57
690,190,510,160,390,550,2.4375,140,240,380,1.7143,130,200,330,1.5385,110,160,270,1.4545,90,120,210,1.3333,80,100,180,1.25,103,57
710,180,530,170,380,550,2.2353,140,250,390,1.7857,130,210,340,1.6154,110,180,290,1.6364,90,130,220,1.4444,80,100,180,1.25,104,57
710,180,530,160,340,500,2.125,130,220,350,1.6923,120,190,310,1.5833,110,150,260,1.3636,80,120,200,1.5,80,100,180,1.25,104,57
700,180,520,150,460,610,3.0667,130,240,370,1.8462,120,210,330,1.75,110,150,260,1.3636,90,130,220,1.4444,80,100,180,1.25,104,57
710,180,520,150,370,520,2.4667,130,230,360,1.7692,120,200,320,1.6667,100,160,260,1.6,90,120,210,1.3333,80,100,180,1.25,103,57
690,190,510,160,420,580,2.625,140,240,380,1.7143,130,210,340,1.6154,110,150,260,1.3636,90,120,210,1.3333,80,100,180,1.25,104,57
700,180,520,150,360,510,2.4,130,230,360,1.7692,110,210,320,1.9091,100,160,260,1.6,90,130,220,1.4444,80,100,180,1.25,104,58
720,180,530,150,350,500,2.3333,140,230,370,1.6429,120,190,310,1.5833,90,150,240,1.6667,90,120,210,1.3333,80,90,170,1.125,104,58
710,190,510,160,360,520,2.25,140,220,360,1.5714,130,200,330,1.5385,110,150,260,1.3636,100,110,210,1.1,90,90,180,1.0,104,57
690,200,490,170,490,660,2.8824,150,220,370,1.4667,130,190,320,1.4615,120,150,270,1.25,100,110,210,1.1,90,90,180,1.0,104,57
700,200,520,160,410,570,2.5625,140,240,380,1.7143,130,200,330,1.5385,110,160,270,1.4545,100,120,220,1.2,90,110,200,1.2222,104,58
720,180,530,170,390,560,2.2941,140,250,390,1.7857,130,220,350,1.6923,120,170,290,1.4167,100,130,230,1.3,80,100,180,1.25,104,58
700,190,530,180,360,540,2.0,150,240,390,1.6,130,200,330,1.5385,110,150,260,1.3636,90,110,200,1.2222,80,100,180,1.25,104,58
710,190,530,150,390,540,2.6,130,230,360,1.7692,120,200,320,1.6667,110,150,260,1.3636,90,120,210,1.3333,70,100,170,1.4286,104,57
710,180,520,150,530,680,3.5333,130,270,400,2.0769,120,210,330,1.75,100,160,260,1.6,90,120,210,1.3333,80,100,180,1.25,104,57
700,190,510,170,410,580,2.4118,140,230,370,1.6429,130,200,330,1.5385,110,150,260,1.3636,90,120,210,1.3333,90,90,180,1.0,104,57
710,190,540,180,390,570,2.1667,140,240,380,1.7143,130,210,340,1.6154,110,160,270,1.4545,100,120,220,1.2,90,110,200,1.2222,104,58
720,170,540,190,340,530,1.7895,140,220,360,1.5714,130,200,330,1.5385,100,160,260,1.6,90,120,210,1.3333,80,110,190,1.375,104,58
710,180,520,150,350,500,2.3333,130,220,350,1.6923,120,200,320,1.6667,100,160,260,1.6,90,120,210,1.3333,70,100,170,1.4286,104,57
720,190,530,160,400,560,2.5,130,250,380,1.9231,130,210,340,1.6154,110,170,280,1.5455,90,130,220,1.4444,80,100,180,1.25,103,57
690,190,520,160,530,690,3.3125,140,330,470,2.3571,130,250,380,1.9231,110,180,290,1.6364,90,140,230,1.5556,90,130,220,1.4444,104,57
700,180,530,170,390,560,2.2941,140,250,390,1.7857,130,220,350,1.6923,110,170,280,1.5455,90,130,220,1.4444,80,110,190,1.375,104,57
750,170,560,160,390,550,2.4375,120,230,350,1.9167,100,210,310,2.1,90,160,250,1.7778,70,120,190,1.7143,70,90,160,1.2857,104,57
710,190,510,160,430,590,2.6875,140,240,380,1.7143,130,200,330,1.5385,110,170,280,1.5455,100,120,220,1.2,90,100,190,1.1111,104,57
700,200,520,160,440,600,2.75,140,240,380,1.7143,130,210,340,1.6154,120,150,270,1.25,100,110,210,1.1,90,90,180,1.0,103,57
710,180,520,150,500,650,3.3333,130,270,400,2.0769,120,230,350,1.9167,110,170,280,1.5455,90,130,220,1.4444,70,110,180,1.5714,103,57
680,190,490,160,440,600,2.75,140,250,390,1.7857,130,230,360,1.7692,110,170,280,1.5455,100,130,230,1.3,80,110,190,1.375,104,57
730,190,570,210,470,680,2.2381,150,280,430,1.8667,140,230,370,1.6429,120,170,290,1.4167,100,120,220,1.2,100,110,210,1.1,104,57
730,160,550,150,390,540,2.6,130,240,370,1.8462,120,210,330,1.75,110,160,270,1.4545,90,120,210,1.3333,70,100,170,1.4286,103,57
720,180,530,160,310,470,1.9375,130,220,350,1.6923,120,190,310,1.5833,100,150,250,1.5,90,120,210,1.3333,80,100,180,1.25,103,57
720,190,420,160,420,580,2.625,140,240,380,1.7143,130,210,340,1.6154,120,160,280,1.3333,100,110,210,1.1,70,100,170,1.4286,103,57
700,300,510,160,450,610,2.8125,140,250,390,1.7857,130,210,340,1.6154,120,160,280,1.3333,100,120,220,1.2,90,100,190,1.1111,103,57
710,190,520,160,440,600,2.75,140,250,390,1.7857,130,220,350,1.6923,110,160,270,1.4545,100,120,220,1.2,90,100,190,1.1111,103,57
700,190,520,190,370,560,1.9474,150,260,410,1.7333,140,210,350,1.5,120,160,280,1.3333,100,130,230,1.3,90,110,200,1.2222,103,56
720,180,540,150,350,500,2.3333,130,230,360,1.7692,120,200,320,1.6667,110,160,270,1.4545,80,120,200,1.5,70,110,180,1.5714,103,56
720,180,530,150,350,500,2.3333,130,230,360,1.7692,120,200,320,1.6667,100,150,250,1.5,80,120,200,1.5,70,100,170,1.4286,103,56
720,190,520,160,390,550,2.4375,140,240,380,1.7143,130,210,340,1.6154,110,160,270,1.4545,90,120,210,1.3333,80,100,180,1.25,102,56
700,200,510,170,400,570,2.3529,150,220,370,1.4667,140,200,340,1.4286,110,150,260,1.3636,110,110,220,1.0,90,90,180,1.0,102,56
700,190,510,160,380,540,2.375,130,230,360,1.7692,130,210,340,1.6154,100,160,260,1.6,90,120,210,1.3333,90,90,180,1.0,103,56
720,190,540,190,380,570,2.0,140,230,370,1.6429,130,200,330,1.5385,110,170,280,1.5455,90,130,220,1.4444,80,110,190,1.375,103,56
720,180,530,160,350,510,2.1875,140,230,370,1.6429,130,190,320,1.4615,110,150,260,1.3636,90,110,200,1.2222,80,100,180,1.25,103,56
710,190,530,150,320,470,2.1333,130,220,350,1.6923,120,190,310,1.5833,110,150,260,1.3636,90,120,210,1.3333,70,100,170,1.4286,103,56
720,180,530,150,480,630,3.2,130,260,390,2.0,120,230,350,1.9167,100,180,280,1.8,80,140,220,1.75,70,120,190,1.7143,103,56
700,190,510,160,400,560,2.5,140,240,380,1.7143,130,200,330,1.5385,110,160,270,1.4545,100,120,220,1.2,90,100,190,1.1111,103,56
690,190,520,160,390,550,2.4375,130,240,370,1.8462,120,210,330,1.75,110,160,270,1.4545,90,130,220,1.4444,80,100,180,1.25,103,56
730,170,550,170,390,560,2.2941,130,250,380,1.9231,120,220,340,1.8333,90,170,260,1.8889,80,140,220,1.75,70,90,160,1.2857,103,56
720,180,540,160,350,510,2.1875,140,230,370,1.6429,130,200,330,1.5385,100,160,260,1.6,90,120,210,1.3333,80,100,180,1.25,103,56
720,180,520,150,320,470,2.1333,130,220,350,1.6923,120,200,320,1.6667,100,160,260,1.6,80,120,200,1.5,70,100,170,1.4286,102,56
710,200,520,160,430,590,2.6875,140,240,380,1.7143,130,200,330,1.5385,110,160,270,1.4545,90,120,210,1.3333,80,100,180,1.25,102,56
700,190,520,160,370,530,2.3125,130,230,360,1.7692,130,200,330,1.5385,110,150,260,1.3636,90,120,210,1.3333,80,100,180,1.25,102,56
710,180,540,150,390,540,2.6,130,250,380,1.9231,120,220,340,1.8333,110,170,280,1.5455,90,130,220,1.4444,70,110,180,1.5714,103,56
710,170,540,170,390,560,2.2941,140,240,380,1.7143,130,220,350,1.6923,110,160,270,1.4545,100,130,230,1.3,80,110,190,1.375,103,56
730,170,540,160,350,510,2.1875,130,240,370,1.8462,120,210,330,1.75,100,170,270,1.7,90,140,230,1.5556,80,110,190,1.375,103,56
710,190,520,150,300,450,2.0,140,210,350,1.5,130,190,320,1.4615,110,150,260,1.3636,100,110,210,1.1,80,90,170,1.125,103,56
710,190,520,150,390,540,2.6,130,240,370,1.8462,130,210,340,1.6154,100,170,270,1.7,90,130,220,1.4444,80,100,180,1.25,102,56
710,190,530,160,400,560,2.5,130,240,370,1.8462,120,220,340,1.8333,110,170,280,1.5455,80,130,210,1.625,80,100,180,1.25,102,56
720,180,530,150,330,480,2.2,130,240,370,1.8462,120,220,340,1.8333,100,170,270,1.7,80,140,220,1.75,70,110,180,1.5714,103,56
720,190,540,190,430,620,2.2632,150,270,420,1.8,140,230,370,1.6429,110,170,280,1.5455,100,130,230,1.3,80,110,190,1.375,103,56
720,180,530,160,390,550,2.4375,140,230,370,1.6429,130,200,330,1.5385,110,150,260,1.3636,100,120,220,1.2,80,100,180,1.25,103,56
720,190,530,150,380,530,2.5333,130,230,360,1.7692,120,200,320,1.6667,110,150,260,1.3636,90,120,210,1.3333,80,100,180,1.25,103,56
710,190,530,160,420,580,2.625,130,260,390,2.0,120,220,340,1.8333,110,170,280,1.5455,80,130,210,1.625,80,100,180,1.25,103,56
710,180,540,160,390,550,2.4375,140,250,390,1.7857,130,220,350,1.6923,110,170,280,1.5455,90,130,220,1.4444,80,120,200,1.5,103,56
730,170,550,160,390,550,2.4375,140,250,390,1.7857,120,220,340,1.8333,100,160,260,1.6,90,130,220,1.4444,80,110,190,1.375,103,56
710,180,530,150,360,510,2.4,130,230,360,1.7692,120,190,310,1.5833,110,150,260,1.3636,90,110,200,1.2222,80,90,170,1.125,103,56
720,180,520,150,360,510,2.4,130,240,370,1.8462,120,200,320,1.6667,100,160,260,1.6,90,120,210,1.3333,70,100,170,1.4286,103,56
710,200,510,160,380,540,2.375,140,230,370,1.6429,130,200,330,1.5385,110,160,270,1.4545,100,120,220,1.2,90,90,180,1.0,102,56
700,200,500,170,400,570,2.3529,140,240,380,1.7143,130,210,340,1.6154,110,160,270,1.4545,90,120,210,1.3333,80,100,180,1.25,103,56
710,200,500,160,350,510,2.1875,140,230,370,1.6429,130,200,330,1.5385,110,160,270,1.4545,90,120,210,1.3333,80,110,190,1.375,103,56
720,210,540,180,370,550,2.0556,140,240,380,1.7143,130,200,330,1.5385,110,160,270,1.4545,70,130,200,1.8571,70,100,170,1.4286,103,56
720,180,530,150,410,560,2.7333,130,230,360,1.7692,120,200,320,1.6667,100,160,260,1.6,90,120,210,1.3333,80,100,180,1.25,102,56
710,190,520,160,340,500,2.125,140,220,360,1.5714,120,190,310,1.5833,110,150,260,1.3636,100,120,220,1.2,80,90,170,1.125,102,56
780,180,590,200,320,520,1.6,140,210,350,1.5,120,180,300,1.5,100,150,250,1.5,70,110,180,1.5714,70,90,160,1.2857,102,56
770,190,580,160,510,670,3.1875,130,320,450,2.4615,130,250,380,1.9231,110,180,290,1.6364,90,130,220,1.4444,80,110,190,1.375,102,56
720,190,540,170,390,560,2.2941,140,240,380,1.7143,140,200,340,1.4286,120,160,280,1.3333,100,120,220,1.2,90,100,190,1.1111,102,56
720,180,540,150,370,520,2.4667,130,240,370,1.8462,120,200,320,1.6667,100,160,260,1.6,90,120,210,1.3333,70,100,170,1.4286,101,55
750,210,560,170,530,700,3.1176,140,290,430,2.0714,140,230,370,1.6429,110,160,270,1.4545,100,120,220,1.2,90,100,190,1.1111,101,55
720,190,530,160,420,580,2.625,130,260,390,2.0,130,220,350,1.6923,110,170,280,1.5455,90,130,220,1.4444,80,110,190,1.375,101,55
720,190,530,180,400,580,2.2222,140,250,390,1.7857,130,210,340,1.6154,110,170,280,1.5455,90,130,220,1.4444,90,100,190,1.1111,101,55
720,190,530,160,320,480,2.0,130,220,350,1.6923,130,200,330,1.5385,110,160,270,1.4545,90,120,210,1.3333,90,90,180,1.0,101,55
710,190,520,160,380,540,2.375,140,220,360,1.5714,130,200,330,1.5385,110,150,260,1.3636,90,110,200,1.2222,90,90,180,1.0,100,56
710,190,520,160,440,600,2.75,130,260,390,2.0,120,220,340,1.8333,110,160,270,1.4545,90,120,210,1.3333,80,100,180,1.25,101,55
710,190,520,150,440,590,2.9333,140,240,380,1.7143,130,210,340,1.6154,110,160,270,1.4545,80,120,200,1.5,80,100,180,1.25,101,55
720,190,530,150,390,540,2.6,140,250,390,1.7857,110,220,330,2.0,100,170,270,1.7,90,130,220,1.4444,80,110,190,1.375,102,55
710,190,530,210,340,550,1.619,150,220,370,1.4667,140,190,330,1.3571,110,140,250,1.2727,100,110,210,1.1,90,100,190,1.1111,101,55
720,180,530,160,340,500,2.125,130,220,350,1.6923,120,200,320,1.6667,100,150,250,1.5,90,120,210,1.3333,80,90,170,1.125,101,55
730,190,520,160,370,530,2.3125,130,220,350,1.6923,130,190,320,1.4615,110,150,260,1.3636,90,110,200,1.2222,90,90,180,1.0,101,55
700,210,510,170,520,690,3.0588,150,250,400,1.6667,140,210,350,1.5,120,160,280,1.3333,100,120,220,1.2,90,90,180,1.0,101,55
700,190,510,160,390,550,2.4375,140,240,380,1.7143,130,200,330,1.5385,120,160,280,1.3333,100,120,220,1.2,80,100,180,1.25,101,55
710,190,530,160,420,580,2.625,130,250,380,1.9231,120,220,340,1.8333,100,170,270,1.7,90,130,220,1.4444,70,110,180,1.5714,101,55
720,180,530,200,390,590,1.95,160,250,410,1.5625,140,220,360,1.5714,130,160,290,1.2308,110,130,240,1.1818,90,100,190,1.1111,101,55
720,190,520,170,330,500,1.9412,130,220,350,1.6923,130,190,320,1.4615,110,140,250,1.2727,90,110,200,1.2222,90,90,180,1.0,101,55
720,200,520,160,380,540,2.375,130,220,350,1.6923,130,190,320,1.4615,110,150,260,1.3636,90,110,200,1.2222,90,90,180,1.0,101,55
710,200,510,170,480,650,2.8235,150,250,400,1.6667,130,210,340,1.6154,120,160,280,1.3333,100,120,220,1.2,90,90,180,1.0,101,55
710,200,500,160,450,610,2.8125,140,260,400,1.8571,130,220,350,1.6923,120,160,280,1.3333,90,120,210,1.3333,80,100,180,1.25,101,55
710,210,530,160,430,590,2.6875,140,260,400,1.8571,130,220,350,1.6923,110,160,270,1.4545,90,120,210,1.3333,80,110,190,1.375,101,55
730,180,540,180,390,570,2.1667,140,240,380,1.7143,130,210,340,1.6154,100,160,260,1.6,90,120,210,1.3333,80,110,190,1.375,101,55
710,190,520,160,320,480,2.0,140,210,350,1.5,130,200,330,1.5385,110,140,250,1.2727,90,110,200,1.2222,80,90,170,1.125,100,55
720,190,520,160,370,530,2.3125,130,230,360,1.7692,130,200,330,1.5385,100,160,260,1.6,90,120,210,1.3333,80,100,180,1.25,100,55
710,200,510,150,410,560,2.7333,140,230,370,1.6429,130,200,330,1.5385,110,160,270,1.4545,100,120,220,1.2,80,90,170,1.125,100,55
710,200,510,160,410,570,2.5625,130,250,380,1.9231,130,210,340,1.6154,110,160,270,1.4545,90,120,210,1.3333,80,90,170,1.125,100,55
730,200,540,160,400,560,2.5,140,260,400,1.8571,120,220,340,1.8333,100,170,270,1.7,90,130,220,1.4444,80,110,190,1.375,100,55
710,190,530,210,400,610,1.9048,150,230,380,1.5333,140,210,350,1.5,120,150,270,1.25,100,120,220,1.2,80,90,170,1.125,100,55
720,180,530,160,330,490,2.0625,130,220,350,1.6923,120,190,310,1.5833,100,150,250,1.5,80,110,190,1.375,80,100,180,1.25,100,55
710,190,520,160,420,580,2.625,130,240,370,1.8462,120,210,330,1.75,110,160,270,1.4545,90,110,200,1.2222,80,100,180,1.25,99,54
710,190,520,150,420,570,2.8,130,230,360,1.7692,120,200,320,1.6667,110,160,270,1.4545,90,120,210,1.3333,80,100,180,1.25,99,54
710,190,520,150,410,560,2.7333,130,240,370,1.8462,120,210,330,1.75,100,170,270,1.7,90,120,210,1.3333,70,100,170,1.4286,99,54
720,190,540,150,370,520,2.4667,130,240,370,1.8462,120,210,330,1.75,100,160,260,1.6,90,120,210,1.3333,70,90,160,1.2857,100,55
720,180,530,170,320,490,1.8824,140,230,370,1.6429,130,200,330,1.5385,110,150,260,1.3636,90,120,210,1.3333,80,100,180,1.25,100,55
720,190,530,160,360,520,2.25,130,220,350,1.6923,130,200,330,1.5385,100,150,250,1.5,90,120,210,1.3333,80,90,170,1.125,99,55
720,190,520,160,430,590,2.6875,120,230,350,1.9167,120,200,320,1.6667,100,150,250,1.5,80,120,200,1.5,80,100,180,1.25,99,55
690,200,520,170,480,650,2.8235,140,240,380,1.7143,130,200,330,1.5385,120,150,270,1.25,100,110,210,1.1,90,90,180,1.0,99,55
720,170,540,150,460,610,3.0667,130,250,380,1.9231,120,220,340,1.8333,100,170,270,1.7,80,140,220,1.75,70,110,180,1.5714,99,55
710,180,530,150,410,560,2.7333,130,260,390,2.0,120,220,340,1.8333,100,160,260,1.6,90,130,220,1.4444,70,120,190,1.7143,99,55
730,180,540,160,380,540,2.375,130,250,380,1.9231,120,210,330,1.75,100,170,270,1.7,80,130,210,1.625,70,110,180,1.5714,100,55
710,190,520,160,300,460,1.875,140,200,340,1.4286,130,180,310,1.3846,120,140,260,1.1667,120,110,230,0.91667,120,90,210,0.75,100,55
710,190,520,160,400,560,2.5,130,220,350,1.6923,130,190,320,1.4615,110,150,260,1.3636,90,110,200,1.2222,80,90,170,1.125,99,55
720,180,530,150,360,510,2.4,140,240,380,1.7143,120,210,330,1.75,100,160,260,1.6,90,120,210,1.3333,80,100,180,1.25,100,55
690,190,510,170,360,530,2.1176,140,230,370,1.6429,140,200,340,1.4286,110,150,260,1.3636,100,120,220,1.2,90,90,180,1.0,100,55
710,180,520,150,400,550,2.6667,130,230,360,1.7692,120,210,330,1.75,110,160,270,1.4545,90,120,210,1.3333,70,110,180,1.5714,100,55
700,190,510,160,400,560,2.5,140,240,380,1.7143,120,200,320,1.6667,100,160,260,1.6,100,120,220,1.2,90,100,190,1.1111,100,55
720,190,540,160,390,550,2.4375,130,230,360,1.7692,130,200,330,1.5385,110,160,270,1.4545,90,120,210,1.3333,80,100,180,1.25,101,55
710,180,530,180,390,570,2.1667,140,220,360,1.5714,130,200,330,1.5385,110,160,270,1.4545,90,120,210,1.3333,80,100,180,1.25,101,55
710,180,510,160,390,550,2.4375,140,230,370,1.6429,130,200,330,1.5385,110,150,260,1.3636,90,120,210,1.3333,80,100,180,1.25,101,55
700,200,510,170,480,650,2.8235,140,270,410,1.9286,130,220,350,1.6923,110,160,270,1.4545,100,120,220,1.2,90,100,190,1.1111,101,55
710,190,520,160,530,690,3.3125,130,350,480,2.6923,120,260,380,2.1667,110,180,290,1.6364,90,140,230,1.5556,80,120,200,1.5,101,56
700,190,530,160,420,580,2.625,140,250,390,1.7857,130,210,340,1.6154,110,150,260,1.3636,100,120,220,1.2,70,100,170,1.4286,101,56
720,170,540,160,410,570,2.5625,130,250,380,1.9231,130,210,340,1.6154,110,170,280,1.5455,90,130,220,1.4444,80,100,180,1.25,101,56
690,180,530,200,360,560,1.8,140,220,360,1.5714,130,190,320,1.4615,110,150,260,1.3636,90,110,200,1.2222,80,90,170,1.125,101,56
710,190,520,160,370,530,2.3125,130,240,370,1.8462,130,210,340,1.6154,110,160,270,1.4545,90,120,210,1.3333,90,100,190,1.1111,101,56
700,190,510,160,470,630,2.9375,140,270,410,1.9286,130,220,350,1.6923,110,170,280,1.5455,90,130,220,1.4444,80,100,180,1.25,101,56
710,190,520,160,440,600,2.75,140,270,410,1.9286,130,230,360,1.7692,110,170,280,1.5455,90,130,220,1.4444,90,110,200,1.2222,101,56
710,190,530,180,380,560,2.1111,140,250,390,1.7857,130,210,340,1.6154,120,170,290,1.4167,100,130,230,1.3,90,100,190,1.1111,101,56
720,180,540,180,380,560,2.1111,130,250,380,1.9231,120,220,340,1.8333,110,170,280,1.5455,90,130,220,1.4444,80,100,180,1.25,100,56
710,180,530,160,370,530,2.3125,130,240,370,1.8462,120,210,330,1.75,110,160,270,1.4545,90,120,210,1.3333,80,100,180,1.25,100,56
720,180,460,150,390,540,2.6,130,240,370,1.8462,120,220,340,1.8333,110,170,280,1.5455,90,130,220,1.4444,70,110,180,1.5714,100,56
710,260,510,160,470,630,2.9375,140,260,400,1.8571,130,220,350,1.6923,110,160,270,1.4545,100,120,220,1.2,90,100,190,1.1111,101,56
710,200,520,170,400,570,2.3529,140,240,380,1.7143,140,210,350,1.5,120,160,280,1.3333,100,120,220,1.2,90,100,190,1.1111,101,56
720,190,530,180,400,580,2.2222,150,270,420,1.8,130,210,340,1.6154,120,180,300,1.5,100,120,220,1.2,90,100,190,1.1111,101,56
720,190,530,160,370,530,2.3125,130,230,360,1.7692,130,200,330,1.5385,110,150,260,1.3636,90,120,210,1.3333,90,90,180,1.0,101,56
720,190,530,150,390,540,2.6,130,240,370,1.8462,130,220,350,1.6923,110,160,270,1.4545,90,120,210,1.3333,80,90,170,1.125,101,56
720,190,520,160,410,570,2.5625,140,240,380,1.7143,130,210,340,1.6154,110,160,270,1.4545,90,120,210,1.3333,90,100,190,1.1111,102,56
700,200,520,170,450,620,2.6471,140,250,390,1.7857,130,210,340,1.6154,120,160,280,1.3333,100,120,220,1.2,90,90,180,1.0,102,56
700,180,530,150,450,600,3.0,130,270,400,2.0769,120,230,350,1.9167,110,170,280,1.5455,90,130,220,1.4444,80,110,190,1.375,102,56
710,170,530,160,400,560,2.5,130,250,380,1.9231,130,210,340,1.6154,110,170,280,1.5455,90,130,220,1.4444,80,110,190,1.375,102,56
710,180,530,160,370,530,2.3125,140,220,360,1.5714,130,200,330,1.5385,110,150,260,1.3636,90,120,210,1.3333,80,100,180,1.25,102,56
710,180,520,150,350,500,2.3333,130,230,360,1.7692,120,200,320,1.6667,110,160,270,1.4545,90,120,210,1.3333,70,120,190,1.7143,101,56
710,190,520,150,380,530,2.5333,140,250,390,1.7857,130,210,340,1.6154,100,170,270,1.7,90,140,230,1.5556,80,100,180,1.25,101,56
710,190,520,160,440,600,2.75,130,260,390,2.0,130,220,350,1.6923,110,170,280,1.5455,90,130,220,1.4444,80,100,180,1.25,102,56
710,180,530,170,390,560,2.2941,140,240,380,1.7143,130,200,330,1.5385,110,150,260,1.3636,100,120,220,1.2,80,100,180,1.25,102,56
720,180,540,150,410,560,2.7333,130,240,370,1.8462,120,210,330,1.75,100,160,260,1.6,90,120,210,1.3333,80,100,180,1.25,101,56
710,180,520,160,450,610,2.8125,140,270,410,1.9286,130,220,350,1.6923,110,160,270,1.4545,100,120,220,1.2,80,100,180,1.25,102,56
720,190,530,160,480,640,3.0,130,280,410,2.1538,130,230,360,1.7692,110,170,280,1.5455,90,140,230,1.5556,80,110,190,1.375,102,57
700,190,520,170,450,620,2.6471,140,270,410,1.9286,130,230,360,1.7692,120,170,290,1.4167,100,130,230,1.3,90,100,190,1.1111,102,57
720,180,540,200,440,640,2.2,140,280,420,2.0,130,230,360,1.7692,110,180,290,1.6364,90,150,240,1.6667,80,110,190,1.375,102,57
710,180,530,160,420,580,2.625,140,240,380,1.7143,130,210,340,1.6154,110,160,270,1.4545,90,130,220,1.4444,80,110,190,1.375,102,57
720,180,530,150,420,570,2.8,130,240,370,1.8462,120,200,320,1.6667,100,160,260,1.6,90,120,210,1.3333,80,110,190,1.375,102,57
710,190,520,170,420,590,2.4706,140,240,380,1.7143,140,210,350,1.5,120,160,280,1.3333,100,120,220,1.2,90,100,190,1.1111,102,57
710,190,520,170,450,620,2.6471,140,250,390,1.7857,130,210,340,1.6154,120,170,290,1.4167,100,130,230,1.3,90,100,190,1.1111,103,58
700,190,520,160,470,630,2.9375,140,260,400,1.8571,130,220,350,1.6923,120,170,290,1.4167,100,130,230,1.3,80,100,180,1.25,104,58
710,180,540,160,430,590,2.6875,140,270,410,1.9286,130,240,370,1.8462,110,170,280,1.5455,80,140,220,1.75,80,130,210,1.625,106,60
720,170,540,160,440,600,2.75,130,250,380,1.9231,130,210,340,1.6154,110,170,280,1.5455,90,130,220,1.4444,70,110,180,1.5714,106,60
710,180,530,160,440,600,2.75,140,240,380,1.7143,120,210,330,1.75,110,160,270,1.4545,90,120,210,1.3333,80,100,180,1.25,108,61
710,180,520,160,450,610,2.8125,130,250,380,1.9231,130,210,340,1.6154,110,160,270,1.4545,100,130,230,1.3,80,110,190,1.375,108,61
710,190,520,160,450,610,2.8125,140,270,410,1.9286,130,210,340,1.6154,110,160,270,1.4545,100,120,220,1.2,90,100,190,1.1111,109,62
700,190,530,170,420,590,2.4706,140,250,390,1.7857,130,210,340,1.6154,120,160,280,1.3333,100,130,230,1.3,90,100,190,1.1111,110,63
720,170,540,150,430,580,2.8667,130,230,360,1.7692,120,200,320,1.6667,110,160,270,1.4545,90,120,210,1.3333,80,110,190,1.375,111,64
710,180,530,160,430,590,2.6875,140,220,360,1.5714,130,190,320,1.4615,110,150,260,1.3636,100,110,210,1.1,90,90,180,1.0,111,64
710,180,530,150,440,590,2.9333,140,240,380,1.7143,130,200,330,1.5385,100,160,260,1.6,90,120,210,1.3333,80,100,180,1.25,112,65
720,180,530,150,470,620,3.1333,130,250,380,1.9231,130,220,350,1.6923,100,170,270,1.7,90,130,220,1.4444,80,110,190,1.375,114,66
710,190,530,160,450,610,2.8125,140,250,390,1.7857,130,210,340,1.6154,110,170,280,1.5455,90,130,220,1.4444,90,120,210,1.3333,114,66
710,180,540,160,440,600,2.75,140,260,400,1.8571,130,220,350,1.6923,120,160,280,1.3333,100,130,230,1.3,80,100,180,1.25,115,67
720,170,540,160,440,600,2.75,130,230,360,1.7692,120,200,320,1.6667,110,150,260,1.3636,90,120,210,1.3333,80,100,180,1.25,116,68
710,180,530,150,440,590,2.9333,130,220,350,1.6923,120,190,310,1.5833,110,150,260,1.3636,90,110,200,1.2222,80,100,180,1.25,117,68
710,180,530,150,440,590,2.9333,140,240,380,1.7143,130,200,330,1.5385,110,160,270,1.4545,100,120,220,1.2,80,100,180,1.25,117,68
710,180,530,150,470,620,3.1333,130,260,390,2.0,130,210,340,1.6154,110,170,280,1.5455,90,130,220,1.4444,80,100,180,1.25,117,69
720,180,540,160,470,630,2.9375,130,260,390,2.0,120,220,340,1.8333,110,170,280,1.5455,90,130,220,1.4444,80,110,190,1.375,119,70
720,180,540,150,440,590,2.9333,140,260,400,1.8571,130,220,350,1.6923,120,170,290,1.4167,100,130,230,1.3,80,100,180,1.25,119,70
710,180,530,160,470,630,2.9375,140,240,380,1.7143,130,200,330,1.5385,120,150,270,1.25,100,120,220,1.2,80,100,180,1.25,120,70
710,180,540,150,430,580,2.8667,130,230,360,1.7692,120,200,320,1.6667,110,150,260,1.3636,90,120,210,1.3333,80,110,190,1.375,120,71
720,180,540,150,520,670,3.4667,130,260,390,2.0,120,220,340,1.8333,100,170,270,1.7,90,130,220,1.4444,70,110,180,1.5714,121,71
710,180,540,150,480,630,3.2,140,260,400,1.8571,130,210,340,1.6154,110,160,270,1.4545,100,130,230,1.3,80,110,190,1.375,122,72
720,170,550,160,450,610,2.8125,130,270,400,2.0769,130,220,350,1.6923,110,170,280,1.5455,90,130,220,1.4444,80,110,190,1.375,123,72
720,170,550,180,450,630,2.5,130,280,410,2.1538,130,220,350,1.6923,110,170,280,1.5455,90,130,220,1.4444,80,110,190,1.375,123,72
720,170,540,150,440,590,2.9333,130,240,370,1.8462,120,200,320,1.6667,100,160,260,1.6,90,120,210,1.3333,80,110,190,1.375,123,72
710,180,530,150,430,580,2.8667,130,230,360,1.7692,130,200,330,1.5385,110,160,270,1.4545,90,120,210,1.3333,80,100,180,1.25,123,72
710,180,530,150,530,680,3.5333,130,340,470,2.6154,110,240,350,2.1818,100,170,270,1.7,80,130,210,1.625,80,110,190,1.375,124,72
710,180,540,150,450,600,3.0,130,250,380,1.9231,120,210,330,1.75,100,160,260,1.6,90,130,220,1.4444,70,110,180,1.5714,124,72
730,170,550,150,450,600,3.0,130,250,380,1.9231,120,220,340,1.8333,100,160,260,1.6,90,130,220,1.4444,80,110,190,1.375,124,73
720,180,540,170,430,600,2.5294,140,220,360,1.5714,130,190,320,1.4615,110,150,260,1.3636,100,110,210,1.1,90,90,180,1.0,124,72
710,180,540,150,440,590,2.9333,130,230,360,1.7692,120,190,310,1.5833,110,150,260,1.3636,90,110,200,1.2222,80,90,170,1.125,124,72
710,180,530,150,510,660,3.4,140,270,410,1.9286,120,220,340,1.8333,110,160,270,1.4545,80,120,200,1.5,70,110,180,1.5714,124,72
710,180,530,160,460,620,2.875,140,260,400,1.8571,130,210,340,1.6154,110,160,270,1.4545,100,120,220,1.2,80,100,180,1.25,124,72
720,180,550,160,440,600,2.75,130,250,380,1.9231,130,210,340,1.6154,110,170,280,1.5455,90,120,210,1.3333,90,100,190,1.1111,124,72
720,170,540,190,430,620,2.2632,140,230,370,1.6429,130,200,330,1.5385,110,150,260,1.3636,90,120,210,1.3333,90,90,180,1.0,124,72
720,180,540,150,430,580,2.8667,130,220,350,1.6923,120,190,310,1.5833,100,150,250,1.5,90,120,210,1.3333,80,90,170,1.125,123,71
710,180,530,160,450,610,2.8125,130,240,370,1.8462,130,200,330,1.5385,110,150,260,1.3636,90,120,210,1.3333,80,100,180,1.25,123,71
700,180,530,160,460,620,2.875,130,240,370,1.8462,120,210,330,1.75,110,160,270,1.4545,90,120,210,1.3333,80,100,180,1.25,123,71
720,180,540,170,440,610,2.5882,140,280,420,2.0,130,220,350,1.6923,110,170,280,1.5455,90,130,220,1.4444,90,110,200,1.2222,123,70
720,180,540,160,440,600,2.75,130,220,350,1.6923,130,190,320,1.4615,110,140,250,1.2727,90,110,200,1.2222,90,90,180,1.0,123,70
710,180,530,160,420,580,2.625,130,210,340,1.6154,130,180,310,1.3846,110,150,260,1.3636,90,100,190,1.1111,90,90,180,1.0,122,70
700,180,530,160,470,630,2.9375,130,220,350,1.6923,120,190,310,1.5833,110,140,250,1.2727,90,110,200,1.2222,80,100,180,1.25,122,70
700,180,530,160,480,640,3.0,130,260,390,2.0,130,210,340,1.6154,110,160,270,1.4545,90,130,220,1.4444,80,100,180,1.25,122,70
710,170,540,160,430,590,2.6875,140,250,390,1.7857,130,230,360,1.7692,100,170,270,1.7,90,130,220,1.4444,70,110,180,1.5714,122,70
720,170,550,150,440,590,2.9333,130,240,370,1.8462,120,200,320,1.6667,100,160,260,1.6,80,120,200,1.5,70,100,170,1.4286,121,70
710,180,530,150,450,600,3.0,120,250,370,2.0833,120,210,330,1.75,100,150,250,1.5,90,120,210,1.3333,80,90,170,1.125,121,69
700,180,520,160,460,620,2.875,130,240,370,1.8462,120,200,320,1.6667,110,150,260,1.3636,90,120,210,1.3333,80,100,180,1.25,122,69
710,180,520,150,460,610,3.0667,120,240,360,2.0,120,200,320,1.6667,100,160,260,1.6,90,120,210,1.3333,80,100,180,1.25,122,69
710,190,530,170,410,580,2.4118,140,220,360,1.5714,130,190,320,1.4615,120,140,260,1.1667,100,110,210,1.1,90,90,180,1.0,122,69
710,180,540,150,430,580,2.8667,140,220,360,1.5714,120,190,310,1.5833,110,150,260,1.3636,90,110,200,1.2222,80,90,170,1.125,121,69
730,170,540,150,430,580,2.8667,120,220,340,1.8333,110,190,300,1.7273,100,160,260,1.6,80,110,190,1.375,70,100,170,1.4286,121,69
690,190,520,160,440,600,2.75,140,220,360,1.5714,130,180,310,1.3846,120,140,260,1.1667,100,100,200,1.0,80,80,160,1.0,121,69
720,170,550,170,440,610,2.5882,130,240,370,1.8462,120,200,320,1.6667,100,160,260,1.6,90,120,210,1.3333,80,100,180,1.25,121,69
720,180,530,150,490,640,3.2667,130,250,380,1.9231,120,210,330,1.75,100,160,260,1.6,90,130,220,1.4444,70,100,170,1.4286,121,69
700,190,520,160,460,620,2.875,130,230,360,1.7692,130,190,320,1.4615,110,150,260,1.3636,90,110,200,1.2222,90,90,180,1.0,121,68
710,180,530,150,450,600,3.0,130,240,370,1.8462,120,200,320,1.6667,110,160,270,1.4545,90,120,210,1.3333,70,100,170,1.4286,121,68
710,180,540,160,450,610,2.8125,140,250,390,1.7857,130,210,340,1.6154,110,160,270,1.4545,90,120,210,1.3333,80,100,180,1.25,121,68
730,170,560,160,440,600,2.75,130,240,370,1.8462,120,210,330,1.75,100,160,260,1.6,80,130,210,1.625,80,100,180,1.25,121,68
710,170,530,150,420,570,2.8,140,240,380,1.7143,130,200,330,1.5385,110,150,260,1.3636,100,120,220,1.2,90,90,180,1.0,121,68
720,180,530,150,430,580,2.8667,130,230,360,1.7692,120,200,320,1.6667,100,150,250,1.5,90,120,210,1.3333,80,90,170,1.125,120,68
710,190,530,160,460,620,2.875,130,250,380,1.9231,130,210,340,1.6154,110,160,270,1.4545,90,120,210,1.3333,90,90,180,1.0,120,68
700,180,530,160,540,700,3.375,140,350,490,2.5,130,210,340,1.6154,110,160,270,1.4545,90,120,210,1.3333,80,100,180,1.25,120,68
720,170,550,150,440,590,2.9333,130,250,380,1.9231,120,220,340,1.8333,100,170,270,1.7,90,130,220,1.4444,80,110,190,1.375,121,68
720,170,550,160,440,600,2.75,140,280,420,2.0,130,210,340,1.6154,110,160,270,1.4545,90,120,210,1.3333,80,100,180,1.25,120,68
710,180,520,150,480,630,3.2,140,250,390,1.7857,130,210,340,1.6154,110,160,270,1.4545,100,120,220,1.2,90,110,200,1.2222,120,68
720,190,530,170,410,580,2.4118,130,250,380,1.9231,130,210,340,1.6154,110,170,280,1.5455,90,130,220,1.4444,80,110,190,1.375,120,68
700,190,520,170,450,620,2.6471,140,260,400,1.8571,120,210,330,1.75,120,170,290,1.4167,100,130,230,1.3,90,100,190,1.1111,120,68
720,180,540,170,430,600,2.5294,140,240,380,1.7143,130,210,340,1.6154,110,160,270,1.4545,90,120,210,1.3333,80,110,190,1.375,121,68
710,180,540,170,430,600,2.5294,150,240,390,1.6,130,210,340,1.6154,110,160,270,1.4545,100,120,220,1.2,80,100,180,1.25,121,68
710,180,530,150,420,570,2.8,130,230,360,1.7692,120,200,320,1.6667,100,160,260,1.6,90,120,210,1.3333,80,100,180,1.25,121,68
720,180,530,150,440,590,2.9333,130,250,380,1.9231,120,210,330,1.75,100,170,270,1.7,90,130,220,1.4444,80,110,190,1.375,121,68
710,190,520,160,430,590,2.6875,130,230,360,1.7692,130,200,330,1.5385,120,160,280,1.3333,90,120,210,1.3333,90,90,180,1.0,122,68
710,190,530,160,420,580,2.625,140,260,400,1.8571,130,220,350,1.6923,110,170,280,1.5455,90,130,220,1.4444,80,100,180,1.25,122,68
730,180,550,150,430,580,2.8667,130,240,370,1.8462,120,210,330,1.75,110,160,270,1.4545,90,130,220,1.4444,70,110,180,1.5714,122,68
710,180,520,160,420,580,2.625,140,220,360,1.5714,120,190,310,1.5833,110,140,250,1.2727,90,110,200,1.2222,80,100,180,1.25,122,68
710,190,530,150,430,580,2.8667,130,230,360,1.7692,110,190,300,1.7273,110,150,260,1.3636,80,110,190,1.375,80,100,180,1.25,122,68
710,180,520,150,470,620,3.1333,140,240,380,1.7143,120,200,320,1.6667,100,160,260,1.6,90,120,210,1.3333,80,100,180,1.25,122,68
700,190,520,160,440,600,2.75,140,240,380,1.7143,130,220,350,1.6923,110,160,270,1.4545,90,120,210,1.3333,90,100,190,1.1111,122,68
710,180,530,150,420,570,2.8,130,240,370,1.8462,120,210,330,1.75,110,170,280,1.5455,90,130,220,1.4444,80,110,190,1.375,122,68
690,180,530,180,400,580,2.2222,140,240,380,1.7143,130,200,330,1.5385,110,160,270,1.4545,90,120,210,1.3333,80,100,180,1.25,122,68
710,170,530,150,430,580,2.8667,130,230,360,1.7692,120,200,320,1.6667,100,160,260,1.6,90,120,210,1.3333,80,100,180,1.25,122,68
710,180,520,160,490,650,3.0625,130,230,360,1.7692,130,210,340,1.6154,110,160,270,1.4545,90,130,220,1.4444,80,100,180,1.25,122,68
700,190,520,160,430,590,2.6875,140,230,370,1.6429,130,200,330,1.5385,120,150,270,1.25,100,120,220,1.2,80,100,180,1.25,122,68
710,180,530,160,430,590,2.6875,140,250,390,1.7857,130,210,340,1.6154,110,160,270,1.4545,100,130,230,1.3,90,110,200,1.2222,122,68
720,180,540,170,410,580,2.4118,140,230,370,1.6429,130,200,330,1.5385,110,170,280,1.5455,90,130,220,1.4444,90,100,190,1.1111,122,68
710,180,530,150,410,560,2.7333,130,210,340,1.6154,130,190,320,1.4615,110,150,260,1.3636,90,120,210,1.3333,80,90,170,1.125,122,68
700,180,530,160,420,580,2.625,130,230,360,1.7692,120,200,320,1.6667,110,150,260,1.3636,80,120,200,1.5,80,100,180,1.25,122,68
700,190,520,160,430,590,2.6875,140,240,380,1.7143,130,210,340,1.6154,110,160,270,1.4545,100,130,230,1.3,80,100,180,1.25,123,68
700,180,530,160,410,570,2.5625,130,240,370,1.8462,120,210,330,1.75,110,160,270,1.4545,90,130,220,1.4444,80,100,180,1.25,123,68
720,170,550,180,430,610,2.3889,140,240,380,1.7143,130,200,330,1.5385,100,160,260,1.6,90,120,210,1.3333,80,90,170,1.125,122,68
710,180,530,150,440,590,2.9333,140,230,370,1.6429,130,200,330,1.5385,110,160,270,1.4545,100,120,220,1.2,80,100,180,1.25,122,68
710,180,520,150,490,640,3.2667,130,280,410,2.1538,130,210,340,1.6154,100,170,270,1.7,90,130,220,1.4444,80,100,180,1.25,122,68
700,190,510,160,440,600,2.75,140,240,380,1.7143,130,210,340,1.6154,120,160,280,1.3333,90,130,220,1.4444,80,100,180,1.25,122,68
720,190,550,150,430,580,2.8667,140,240,380,1.7143,130,210,340,1.6154,110,170,280,1.5455,90,130,220,1.4444,80,110,190,1.375,122,68
720,170,550,190,450,640,2.3684,140,240,380,1.7143,130,210,340,1.6154,100,160,260,1.6,80,120,200,1.5,70,110,180,1.5714,122,68
720,170,540,150,430,580,2.8667,130,230,360,1.7692,120,200,320,1.6667,100,160,260,1.6,90,120,210,1.3333,70,100,170,1.4286,122,68
710,180,530,160,450,610,2.8125,140,230,370,1.6429,130,200,330,1.5385,110,150,260,1.3636,100,120,220,1.2,90,100,190,1.1111,122,68
710,180,520,160,410,570,2.5625,130,230,360,1.7692,130,210,340,1.6154,110,160,270,1.4545,90,120,210,1.3333,90,100,190,1.1111,122,68
700,190,520,160,420,580,2.625,140,230,370,1.6429,130,200,330,1.5385,120,160,280,1.3333,90,120,210,1.3333,80,100,180,1.25,122,68
710,180,530,160,430,590,2.6875,140,270,410,1.9286,130,220,350,1.6923,110,170,280,1.5455,100,130,230,1.3,80,110,190,1.375,122,68
710,180,530,160,470,630,2.9375,130,220,350,1.6923,130,190,320,1.4615,110,150,260,1.3636,90,120,210,1.3333,90,90,180,1.0,122,67
700,180,530,160,420,580,2.625,140,220,360,1.5714,130,190,320,1.4615,110,150,260,1.3636,90,110,200,1.2222,80,100,180,1.25,121,67
710,170,530,160,420,580,2.625,140,250,390,1.7857,120,210,330,1.75,100,160,260,1.6,90,130,220,1.4444,80,110,190,1.375,121,67
710,180,520,160,490,650,3.0625,130,330,460,2.5385,130,240,370,1.8462,110,170,280,1.5455,90,130,220,1.4444,90,110,200,1.2222,122,67
720,190,540,160,430,590,2.6875,140,300,440,2.1429,110,230,340,2.0909,110,170,280,1.5455,90,130,220,1.4444,80,110,190,1.375,122,67
710,180,530,160,420,580,2.625,140,230,370,1.6429,130,200,330,1.5385,120,150,270,1.25,90,110,200,1.2222,80,100,180,1.25,122,67
710,180,530,150,410,560,2.7333,130,220,350,1.6923,120,190,310,1.5833,110,150,260,1.3636,90,110,200,1.2222,70,100,170,1.4286,121,67
710,180,520,150,450,600,3.0,140,250,390,1.7857,130,210,340,1.6154,100,160,260,1.6,90,120,210,1.3333,80,110,190,1.375,121,67
700,190,520,160,450,610,2.8125,140,250,390,1.7857,130,210,340,1.6154,110,160,270,1.4545,90,130,220,1.4444,90,100,190,1.1111,121,67
710,180,540,160,430,590,2.6875,140,240,380,1.7143,120,210,330,1.75,110,150,260,1.3636,90,120,210,1.3333,80,90,170,1.125,121,67
720,170,550,170,440,610,2.5882,140,250,390,1.7857,130,210,340,1.6154,100,160,260,1.6,90,120,210,1.3333,80,110,190,1.375,121,67
720,170,540,150,430,580,2.8667,130,240,370,1.8462,120,200,320,1.6667,100,160,260,1.6,90,120,210,1.3333,80,100,180,1.25,120,67
710,180,520,160,460,620,2.875,140,240,380,1.7143,130,200,330,1.5385,110,160,270,1.4545,100,120,220,1.2,80,90,170,1.125,120,67
700,190,520,160,450,610,2.8125,140,240,380,1.7143,130,200,330,1.5385,120,160,280,1.3333,90,120,210,1.3333,90,100,190,1.1111,120,66
710,180,520,150,430,580,2.8667,130,240,370,1.8462,120,210,330,1.75,110,160,270,1.4545,90,130,220,1.4444,80,110,190,1.375,120,67
700,190,520,160,430,590,2.6875,140,240,380,1.7143,130,200,330,1.5385,110,160,270,1.4545,100,120,220,1.2,90,100,190,1.1111,121,67
720,180,550,160,440,600,2.75,130,260,390,2.0,120,220,340,1.8333,110,170,280,1.5455,90,130,220,1.4444,80,110,190,1.375,121,67
720,170,540,150,440,590,2.9333,120,250,370,2.0833,120,220,340,1.8333,100,160,260,1.6,80,130,210,1.625,80,100,180,1.25,121,67
710,180,530,160,450,610,2.8125,130,250,380,1.9231,120,210,330,1.75,110,160,270,1.4545,90,120,210,1.3333,80,100,180,1.25,120,66
710,180,530,160,430,590,2.6875,130,250,380,1.9231,120,210,330,1.75,100,160,260,1.6,90,120,210,1.3333,80,100,180,1.25,120,66
710,180,520,160,440,600,2.75,140,240,380,1.7143,130,210,340,1.6154,110,160,270,1.4545,100,120,220,1.2,90,110,200,1.2222,120,66
700,190,520,170,430,600,2.5294,140,260,400,1.8571,130,210,340,1.6154,120,170,290,1.4167,100,130,230,1.3,90,100,190,1.1111,121,66
710,180,530,160,430,590,2.6875,140,250,390,1.7857,130,210,340,1.6154,110,170,280,1.5455,100,140,240,1.4,90,110,200,1.2222,121,66
720,180,530,160,420,580,2.625,140,260,400,1.8571,130,210,340,1.6154,110,160,270,1.4545,90,130,220,1.4444,80,110,190,1.375,121,66
710,190,520,160,440,600,2.75,140,260,400,1.8571,130,210,340,1.6154,110,160,270,1.4545,100,120,220,1.2,90,100,190,1.1111,120,66
700,190,520,170,430,600,2.5294,140,250,390,1.7857,130,210,340,1.6154,120,160,280,1.3333,90,120,210,1.3333,90,100,190,1.1111,120,66
700,190,520,170,430,600,2.5294,140,260,400,1.8571,140,210,350,1.5,120,170,290,1.4167,100,120,220,1.2,90,110,200,1.2222,121,66
720,180,540,160,430,590,2.6875,140,260,400,1.8571,120,220,340,1.8333,110,170,280,1.5455,90,140,230,1.5556,80,110,190,1.375,121,66
710,180,530,170,420,590,2.4706,140,240,380,1.7143,130,210,340,1.6154,120,170,290,1.4167,100,130,230,1.3,80,100,180,1.25,121,66
710,180,530,150,430,580,2.8667,130,250,380,1.9231,120,210,330,1.75,110,160,270,1.4545,90,130,220,1.4444,80,110,190,1.375,121,66
710,180,520,150,440,590,2.9333,140,270,410,1.9286,130,220,350,1.6923,110,170,280,1.5455,90,130,220,1.4444,80,120,200,1.5,120,66
710,190,520,160,460,620,2.875,130,290,420,2.2308,130,240,370,1.8462,110,180,290,1.6364,90,140,230,1.5556,80,120,200,1.5,121,66
700,190,520,160,430,590,2.6875,140,260,400,1.8571,130,220,350,1.6923,110,170,280,1.5455,100,130,230,1.3,80,100,180,1.25,121,66
720,180,540,160,440,600,2.75,140,280,420,2.0,130,230,360,1.7692,110,170,280,1.5455,90,130,220,1.4444,80,120,200,1.5,121,67
710,180,530,170,420,590,2.4706,140,240,380,1.7143,140,200,340,1.4286,110,160,270,1.4545,100,120,220,1.2,90,100,190,1.1111,121,66
720,180,530,160,430,590,2.6875,130,250,380,1.9231,130,210,340,1.6154,110,170,280,1.5455,80,130,210,1.625,80,110,190,1.375,121,66
700,190,520,170,420,590,2.4706,140,260,400,1.8571,130,210,340,1.6154,120,160,280,1.3333,100,120,220,1.2,80,100,180,1.25,121,66
710,180,530,150,480,630,3.2,130,290,420,2.2308,120,230,350,1.9167,110,170,280,1.5455,90,130,220,1.4444,80,110,190,1.375,121,67
700,180,520,160,460,620,2.875,140,270,410,1.9286,130,220,350,1.6923,110,170,280,1.5455,100,130,230,1.3,70,110,180,1.5714,122,67
720,180,550,160,450,610,2.8125,130,280,410,2.1538,120,230,350,1.9167,110,180,290,1.6364,90,140,230,1.5556,80,120,200,1.5,122,67
730,170,550,150,420,570,2.8,130,250,380,1.9231,120,210,330,1.75,110,160,270,1.4545,80,120,200,1.5,80,100,180,1.25,122,67
710,180,530,160,410,570,2.5625,120,240,360,2.0,120,210,330,1.75,110,160,270,1.4545,90,120,210,1.3333,90,100,190,1.1111,122,67
710,180,520,160,440,600,2.75,140,260,400,1.8571,120,220,340,1.8333,110,160,270,1.4545,90,130,220,1.4444,80,100,180,1.25,122,67
700,190,520,160,460,620,2.875,140,260,400,1.8571,130,220,350,1.6923,110,160,270,1.4545,100,140,240,1.4,90,110,200,1.2222,122,67
700,180,520,150,420,570,2.8,130,250,380,1.9231,130,220,350,1.6923,110,170,280,1.5455,90,130,220,1.4444,80,110,190,1.375,122,67
710,180,540,170,420,590,2.4706,140,280,420,2.0,130,230,360,1.7692,110,180,290,1.6364,100,130,230,1.3,80,110,190,1.375,121,67
720,170,540,150,480,630,3.2,130,310,440,2.3846,120,200,320,1.6667,100,160,260,1.6,90,130,220,1.4444,80,110,190,1.375,121,67
710,180,520,150,460,610,3.0667,130,250,380,1.9231,120,200,320,1.6667,100,160,260,1.6,90,120,210,1.3333,70,100,170,1.4286,121,67
700,190,530,150,440,590,2.9333,130,240,370,1.8462,130,200,330,1.5385,110,160,270,1.4545,90,130,220,1.4444,80,100,180,1.25,121,67
710,170,530,150,470,620,3.1333,130,260,390,2.0,120,220,340,1.8333,100,170,270,1.7,80,130,210,1.625,70,110,180,1.5714,121,67
710,180,520,150,440,590,2.9333,140,270,410,1.9286,130,230,360,1.7692,100,170,270,1.7,90,130,220,1.4444,80,120,200,1.5,122,67
750,180,550,160,390,550,2.4375,140,250,390,1.7857,130,210,340,1.6154,110,170,280,1.5455,90,130,220,1.4444,70,110,180,1.5714,101,59
740,200,530,170,430,600,2.5294,140,240,380,1.7143,140,200,340,1.4286,120,150,270,1.25,100,120,220,1.2,90,100,190,1.1111,101,59
740,210,530,170,540,710,3.1765,160,350,510,2.1875,150,260,410,1.7333,120,180,300,1.5,110,140,250,1.2727,90,100,190,1.1111,102,60
740,210,530,180,540,720,3.0,160,290,450,1.8125,140,240,380,1.7143,130,160,290,1.2308,100,120,220,1.2,100,110,210,1.1,102,60
730,210,530,230,450,680,1.9565,170,360,530,2.1176,160,280,440,1.75,140,180,320,1.2857,120,150,270,1.25,100,110,210,1.1,102,60
730,200,550,220,440,660,2.0,160,290,450,1.8125,150,230,380,1.5333,130,170,300,1.3077,100,140,240,1.4,90,120,210,1.3333,102,60
750,180,550,180,440,620,2.4444,140,260,400,1.8571,130,230,360,1.7692,110,160,270,1.4545,90,130,220,1.4444,80,110,190,1.375,102,60
710,200,500,170,510,680,3.0,140,420,560,3.0,130,220,350,1.6923,120,130,250,1.0833,100,90,190,0.9,80,80,160,1.0,102,60
740,210,530,170,500,670,2.9412,150,300,450,2.0,140,230,370,1.6429,120,170,290,1.4167,100,130,230,1.3,80,100,180,1.25,102,60
720,210,520,180,530,710,2.9444,150,320,470,2.1333,140,250,390,1.7857,120,180,300,1.5,100,130,230,1.3,100,110,210,1.1,102,60
740,200,550,220,430,650,1.9545,140,280,420,2.0,130,230,360,1.7692,120,160,280,1.3333,100,130,230,1.3,80,120,200,1.5,102,60
740,190,550,210,440,650,2.0952,160,280,440,1.75,150,220,370,1.4667,120,170,290,1.4167,100,130,230,1.3,90,100,190,1.1111,102,60
750,190,550,170,410,580,2.4118,140,240,380,1.7143,140,200,340,1.4286,100,160,260,1.6,100,120,220,1.2,80,100,180,1.25,102,60
740,200,530,170,470,640,2.7647,140,250,390,1.7857,130,210,340,1.6154,110,160,270,1.4545,90,120,210,1.3333,90,100,190,1.1111,102,60
730,210,520,170,520,690,3.0588,150,310,460,2.0667,140,230,370,1.6429,120,170,290,1.4167,100,130,230,1.3,90,110,200,1.2222,103,60
740,210,540,160,510,670,3.1875,140,340,480,2.4286,130,260,390,2.0,120,180,300,1.5,90,140,230,1.5556,80,120,200,1.5,103,60
740,200,550,220,440,660,2.0,170,300,470,1.7647,150,240,390,1.6,130,180,310,1.3846,100,140,240,1.4,100,130,230,1.3,103,60
740,190,550,210,440,650,2.0952,160,260,420,1.625,140,220,360,1.5714,120,170,290,1.4167,100,130,230,1.3,80,100,180,1.25,102,60
750,190,550,160,450,610,2.8125,140,240,380,1.7143,130,200,330,1.5385,110,160,270,1.4545,90,120,210,1.3333,80,100,180,1.25,102,60
740,200,530,170,460,630,2.7059,150,260,410,1.7333,120,210,330,1.75,120,170,290,1.4167,100,130,230,1.3,90,100,190,1.1111,102,60
740,210,530,170,540,710,3.1765,150,310,460,2.0667,140,240,380,1.7143,120,170,290,1.4167,100,130,230,1.3,90,110,200,1.2222,102,60
730,210,520,180,490,670,2.7222,160,290,450,1.8125,140,240,380,1.7143,130,170,300,1.3077,110,130,240,1.1818,90,120,210,1.3333,103,60
740,210,550,230,440,670,1.913,170,290,460,1.7059,150,240,390,1.6,130,180,310,1.3846,100,140,240,1.4,90,110,200,1.2222,103,60
740,190,540,190,420,610,2.2105,150,250,400,1.6667,140,220,360,1.5714,110,160,270,1.4545,100,130,230,1.3,80,110,190,1.375,102,60
750,200,540,170,440,610,2.5882,140,250,390,1.7857,140,210,350,1.5,110,160,270,1.4545,100,120,220,1.2,80,100,180,1.25,102,60
730,210,530,170,440,610,2.5882,150,250,400,1.6667,140,210,350,1.5,120,160,280,1.3333,100,120,220,1.2,90,100,190,1.1111,102,60
740,200,520,170,530,700,3.1176,140,320,460,2.2857,140,250,390,1.7857,110,180,290,1.6364,100,140,240,1.4,90,120,210,1.3333,102,60
740,220,540,170,480,650,2.8235,150,310,460,2.0667,140,250,390,1.7857,120,180,300,1.5,100,140,240,1.4,80,120,200,1.5,102,60
750,200,550,220,440,660,2.0,170,300,470,1.7647,150,250,400,1.6667,130,190,320,1.4615,100,150,250,1.5,100,120,220,1.2,102,60
750,200,540,170,430,600,2.5294,140,250,390,1.7857,130,220,350,1.6923,120,160,280,1.3333,100,130,230,1.3,80,100,180,1.25,102,60
750,210,530,170,480,650,2.8235,140,270,410,1.9286,140,230,370,1.6429,120,170,290,1.4167,110,130,240,1.1818,90,110,200,1.2222,102,60
740,210,540,180,430,610,2.3889,150,290,440,1.9333,150,240,390,1.6,130,180,310,1.3846,110,140,250,1.2727,100,110,210,1.1,102,60
750,200,550,220,440,660,2.0,170,290,460,1.7059,160,240,400,1.5,130,170,300,1.3077,110,130,240,1.1818,90,110,200,1.2222,102,60
750,210,540,170,450,620,2.6471,150,270,420,1.8,140,220,360,1.5714,120,160,280,1.3333,100,120,220,1.2,90,110,200,1.2222,102,60
730,210,530,180,500,680,2.7778,150,290,440,1.9333,140,230,370,1.6429,130,170,300,1.3077,100,120,220,1.2,100,110,210,1.1,102,60
760,200,550,180,560,740,3.1111,150,380,530,2.5333,140,290,430,2.0714,110,200,310,1.8182,90,150,240,1.6667,80,130,210,1.625,102,60
740,210,540,210,430,640,2.0476,160,300,460,1.875,150,240,390,1.6,130,180,310,1.3846,110,140,250,1.2727,100,110,210,1.1,102,60
760,200,560,220,440,660,2.0,170,340,510,2.0,160,260,420,1.625,130,180,310,1.3846,100,140,240,1.4,90,120,210,1.3333,102,60
740,200,530,170,410,580,2.4118,150,240,390,1.6,140,210,350,1.5,120,160,280,1.3333,100,120,220,1.2,90,90,180,1.0,102,59
750,210,550,170,470,640,2.7647,150,270,420,1.8,130,230,360,1.7692,110,170,280,1.5455,90,130,220,1.4444,80,110,190,1.375,102,59
740,220,530,180,540,720,3.0,160,320,480,2.0,140,250,390,1.7857,130,180,310,1.3846,100,130,230,1.3,90,110,200,1.2222,102,59
720,210,550,230,440,670,1.913,170,300,470,1.7647,150,240,390,1.6,130,180,310,1.3846,110,140,250,1.2727,100,110,210,1.1,101,59
780,170,580,190,430,620,2.2632,150,260,410,1.7333,130,220,350,1.6923,110,170,280,1.5455,80,120,200,1.5,70,110,180,1.5714,101,59
740,200,540,170,410,580,2.4118,140,220,360,1.5714,130,200,330,1.5385,120,150,270,1.25,90,120,210,1.3333,90,90,180,1.0,101,59
760,200,530,160,480,640,3.0,140,310,450,2.2143,130,240,370,1.8462,110,180,290,1.6364,90,140,230,1.5556,70,120,190,1.7143,101,59
740,230,530,200,540,740,2.7,160,430,590,2.6875,150,300,450,2.0,130,190,320,1.4615,110,140,250,1.2727,100,110,210,1.1,101,59
750,210,550,170,530,700,3.1176,150,310,460,2.0667,140,240,380,1.7143,130,170,300,1.3077,100,130,230,1.3,90,110,200,1.2222,101,59
750,200,550,220,400,620,1.8182,190,310,500,1.6316,160,250,410,1.5625,130,180,310,1.3846,120,140,260,1.1667,100,120,220,1.2,100,58
760,200,550,180,430,610,2.3889,150,270,420,1.8,140,230,370,1.6429,110,170,280,1.5455,100,140,240,1.4,80,110,190,1.375,99,58
750,210,530,170,430,600,2.5294,150,240,390,1.6,140,210,350,1.5,120,160,280,1.3333,100,120,220,1.2,90,100,190,1.1111,99,58
750,220,530,180,540,720,3.0,150,380,530,2.5333,140,280,420,2.0,120,200,320,1.6667,100,140,240,1.4,90,110,200,1.2222,99,58
730,220,520,180,530,710,2.9444,160,300,460,1.875,150,240,390,1.6,120,170,290,1.4167,110,130,240,1.1818,100,110,210,1.1,100,58
690,210,550,180,430,610,2.3889,150,290,440,1.9333,140,250,390,1.7857,120,190,310,1.5833,100,150,250,1.5,90,120,210,1.3333,99,58
750,200,540,170,380,550,2.2353,150,250,400,1.6667,140,220,360,1.5714,120,160,280,1.3333,100,130,230,1.3,80,100,180,1.25,98,57
750,210,490,170,460,630,2.7059,140,270,410,1.9286,140,220,360,1.5714,120,170,290,1.4167,90,130,220,1.4444,90,110,200,1.2222,98,57
750,260,530,180,540,720,3.0,160,320,480,2.0,140,240,380,1.7143,130,180,310,1.3846,100,140,240,1.4,90,120,210,1.3333,99,57
730,220,520,180,530,710,2.9444,160,300,460,1.875,150,240,390,1.6,130,170,300,1.3077,110,130,240,1.1818,80,110,190,1.375,99,57
760,210,560,230,440,670,1.913,160,320,480,2.0,140,280,420,2.0,130,200,330,1.5385,100,160,260,1.6,90,120,210,1.3333,99,57
750,200,550,220,420,640,1.9091,170,280,450,1.6471,150,230,380,1.5333,130,170,300,1.3077,110,130,240,1.1818,100,110,210,1.1,98,57
760,200,540,170,410,580,2.4118,150,250,400,1.6667,140,210,350,1.5,120,170,290,1.4167,100,130,230,1.3,90,100,190,1.1111,98,57
740,220,530,180,540,720,3.0,160,360,520,2.25,150,270,420,1.8,130,200,330,1.5385,110,160,270,1.4545,90,130,220,1.4444,98,57
750,210,540,180,550,730,3.0556,150,310,460,2.0667,140,240,380,1.7143,120,180,300,1.5,100,140,240,1.4,90,110,200,1.2222,98,57
740,210,520,180,490,670,2.7222,160,300,460,1.875,140,240,380,1.7143,130,180,310,1.3846,100,130,230,1.3,100,110,210,1.1,99,57
740,220,540,240,430,670,1.7917,200,280,480,1.4,170,230,400,1.3529,150,180,330,1.2,130,140,270,1.0769,120,110,230,0.91667,99,57
750,200,550,180,430,610,2.3889,150,270,420,1.8,140,220,360,1.5714,120,170,290,1.4167,100,130,230,1.3,90,110,200,1.2222,98,57
770,200,560,170,430,600,2.5294,140,250,390,1.7857,130,220,350,1.6923,110,170,280,1.5455,90,130,220,1.4444,80,110,190,1.375,98,57
750,210,530,180,480,660,2.6667,160,260,420,1.625,140,210,350,1.5,130,160,290,1.2308,110,120,230,1.0909,100,100,200,1.0,98,57
750,220,530,180,540,720,3.0,160,310,470,1.9375,150,250,400,1.6667,130,170,300,1.3077,110,130,240,1.1818,90,110,200,1.2222,98,57
740,220,540,180,450,630,2.5,160,290,450,1.8125,150,240,390,1.6,120,180,300,1.5,110,140,250,1.2727,100,110,210,1.1,99,57
760,200,560,220,440,660,2.0,170,290,460,1.7059,150,240,390,1.6,130,180,310,1.3846,100,140,240,1.4,100,120,220,1.2,99,57
800,200,570,180,430,610,2.3889,150,260,410,1.7333,130,220,350,1.6923,120,170,290,1.4167,100,130,230,1.3,90,110,200,1.2222,98,57
730,230,520,200,450,650,2.25,180,250,430,1.3889,170,200,370,1.1765,140,150,290,1.0714,130,110,240,0.84615,110,90,200,0.81818,98,57
760,210,550,180,520,700,2.8889,150,260,410,1.7333,150,220,370,1.4667,120,160,280,1.3333,100,130,230,1.3,90,110,200,1.2222,98,57
740,210,520,190,530,720,2.7895,150,290,440,1.9333,150,230,380,1.5333,130,180,310,1.3846,110,130,240,1.1818,100,110,210,1.1,98,57
760,220,560,190,440,630,2.3158,160,290,450,1.8125,150,250,400,1.6667,130,190,320,1.4615,100,140,240,1.4,90,120,210,1.3333,98,57
750,200,560,220,410,630,1.8636,170,270,440,1.5882,150,220,370,1.4667,130,170,300,1.3077,110,130,240,1.1818,90,110,200,1.2222,98,57
770,190,550,180,390,570,2.1667,150,270,420,1.8,130,230,360,1.7692,120,180,300,1.5,90,140,230,1.5556,80,110,190,1.375,97,56
750,220,550,180,450,630,2.5,150,260,410,1.7333,140,220,360,1.5714,130,170,300,1.3077,100,130,230,1.3,90,100,190,1.1111,97,56
750,210,540,180,550,730,3.0556,150,340,490,2.2667,140,270,410,1.9286,120,190,310,1.5833,100,150,250,1.5,90,110,200,1.2222,98,56
750,210,550,230,440,670,1.913,170,300,470,1.7647,160,250,410,1.5625,130,190,320,1.4615,110,140,250,1.2727,100,120,220,1.2,97,56
760,200,560,200,450,650,2.25,160,280,440,1.75,140,240,380,1.7143,130,180,310,1.3846,100,130,230,1.3,90,110,200,1.2222,97,56
760,200,540,170,420,590,2.4706,150,250,400,1.6667,140,210,350,1.5,120,170,290,1.4167,100,130,230,1.3,90,100,190,1.1111,97,56
760,220,540,170,480,650,2.8235,150,270,420,1.8,140,230,370,1.6429,120,170,290,1.4167,100,130,230,1.3,90,110,200,1.2222,97,56
750,220,520,180,530,710,2.9444,160,320,480,2.0,150,250,400,1.6667,130,180,310,1.3846,110,130,240,1.1818,100,110,210,1.1,97,56
740,230,530,190,430,620,2.2632,160,290,450,1.8125,160,230,390,1.4375,130,180,310,1.3846,110,140,250,1.2727,100,110,210,1.1,97,56
760,210,560,230,430,660,1.8696,180,300,480,1.6667,160,250,410,1.5625,140,190,330,1.3571,110,140,250,1.2727,100,120,220,1.2,97,56
760,200,550,220,420,640,1.9091,160,260,420,1.625,150,240,390,1.6,130,180,310,1.3846,100,130,230,1.3,100,130,230,1.3,97,56
760,210,550,180,440,620,2.4444,150,260,410,1.7333,140,220,360,1.5714,120,160,280,1.3333,100,130,230,1.3,90,110,200,1.2222,97,56
790,210,540,180,520,700,2.8889,150,280,430,1.8667,140,240,380,1.7143,120,190,310,1.5833,100,130,230,1.3,90,120,210,1.3333,97,56
720,250,490,210,500,710,2.381,190,380,570,2.0,180,270,450,1.5,160,170,330,1.0625,130,120,250,0.92308,120,90,210,0.75,98,56
750,230,540,200,440,640,2.2,170,290,460,1.7059,150,250,400,1.6667,130,180,310,1.3846,110,140,250,1.2727,100,120,220,1.2,97,56
760,210,570,230,460,690,2.0,180,300,480,1.6667,160,250,410,1.5625,130,180,310,1.3846,110,140,250,1.2727,100,120,220,1.2,97,56
770,190,550,180,410,590,2.2778,150,260,410,1.7333,140,220,360,1.5714,120,170,290,1.4167,100,130,230,1.3,80,100,180,1.25,97,56
760,220,540,180,460,640,2.5556,160,260,420,1.625,150,220,370,1.4667,130,170,300,1.3077,110,140,250,1.2727,90,110,200,1.2222,97,56
760,220,530,180,540,720,3.0,160,360,520,2.25,140,250,390,1.7857,130,180,310,1.3846,100,140,240,1.4,90,120,210,1.3333,97,56
740,230,520,190,500,690,2.6316,170,290,460,1.7059,150,240,390,1.6,130,180,310,1.3846,110,130,240,1.1818,100,110,210,1.1,98,56
760,220,550,240,440,680,1.8333,170,310,480,1.8235,150,260,410,1.7333,130,190,320,1.4615,110,150,260,1.3636,100,120,220,1.2,98,56
770,210,560,230,410,640,1.7826,170,240,410,1.4118,150,200,350,1.3333,130,150,280,1.1538,110,120,230,1.0909,100,110,210,1.1,97,56
760,210,540,180,420,600,2.3333,150,240,390,1.6,140,220,360,1.5714,120,160,280,1.3333,100,120,220,1.2,90,100,190,1.1111,97,56
760,220,540,180,470,650,2.6111,160,280,440,1.75,150,240,390,1.6,120,180,300,1.5,100,140,240,1.4,90,110,200,1.2222,97,56
750,220,530,180,540,720,3.0,150,380,530,2.5333,150,280,430,1.8667,130,200,330,1.5385,120,140,260,1.1667,100,110,210,1.1,97,56
750,220,540,190,510,700,2.6842,160,310,470,1.9375,150,240,390,1.6,130,180,310,1.3846,110,140,250,1.2727,100,110,210,1.1,97,56
760,210,560,230,440,670,1.913,230,370,600,1.6087,180,300,480,1.6667,140,200,340,1.4286,120,160,280,1.3333,100,120,220,1.2,96,56
760,200,550,180,410,590,2.2778,160,250,410,1.5625,140,220,360,1.5714,120,170,290,1.4167,100,120,220,1.2,100,110,210,1.1,96,55
770,210,550,180,450,630,2.5,150,260,410,1.7333,140,220,360,1.5714,120,160,280,1.3333,100,130,230,1.3,90,110,200,1.2222,96,55
760,220,530,180,540,720,3.0,150,310,460,2.0667,140,250,390,1.7857,120,190,310,1.5833,100,150,250,1.5,90,120,210,1.3333,96,55
710,230,540,190,410,600,2.1579,170,290,460,1.7059,150,240,390,1.6,140,180,320,1.2857,110,140,250,1.2727,100,110,210,1.1,95,55
800,170,590,190,450,640,2.3684,160,290,450,1.8125,130,250,380,1.9231,110,190,300,1.7273,80,140,220,1.75,70,110,180,1.5714,95,54
760,210,560,180,390,570,2.1667,160,260,420,1.625,140,230,370,1.6429,130,170,300,1.3077,100,130,230,1.3,90,100,190,1.1111,95,54
760,200,480,170,430,600,2.5294,150,250,400,1.6667,140,220,360,1.5714,120,170,290,1.4167,100,130,230,1.3,90,110,200,1.2222,95,54
760,280,530,210,540,750,2.5714,170,340,510,2.0,160,250,410,1.5625,130,180,310,1.3846,110,130,240,1.1818,90,110,200,1.2222,95,54
740,230,520,190,530,720,2.7895,170,310,480,1.8235,150,250,400,1.6667,130,180,310,1.3846,110,140,250,1.2727,100,110,210,1.1,95,54
760,220,550,240,410,650,1.7083,170,290,460,1.7059,160,270,430,1.6875,130,200,330,1.5385,110,150,260,1.3636,100,120,220,1.2,95,54
760,210,550,230,410,640,1.7826,170,270,440,1.5882,150,230,380,1.5333,130,180,310,1.3846,110,140,250,1.2727,100,110,210,1.1,94,54
820,210,550,190,420,610,2.2105,150,240,390,1.6,150,210,360,1.4,120,160,280,1.3333,110,120,230,1.0909,90,100,190,1.1111,94,54
710,270,490,240,500,740,2.0833,210,300,510,1.4286,210,220,430,1.0476,180,150,330,0.8333299999999999,160,100,260,0.625,140,90,230,0.64286,94,54
750,220,530,190,540,730,2.8421,160,300,460,1.875,150,250,400,1.6667,130,180,310,1.3846,110,140,250,1.2727,100,110,210,1.1,94,54
750,220,540,190,490,680,2.5789,160,290,450,1.8125,150,240,390,1.6,130,190,320,1.4615,110,140,250,1.2727,100,110,210,1.1,94,54
730,210,540,230,420,650,1.8261,230,290,520,1.2609,160,250,410,1.5625,140,190,330,1.3571,110,140,250,1.2727,100,120,220,1.2,94,54
760,190,540,190,410,600,2.1579,150,260,410,1.7333,140,230,370,1.6429,110,170,280,1.5455,90,130,220,1.4444,80,110,190,1.375,94,54
760,220,540,180,550,730,3.0556,150,270,420,1.8,150,230,380,1.5333,110,170,280,1.5455,110,130,240,1.1818,90,110,200,1.2222,94,54
760,220,530,190,430,620,2.2632,150,280,430,1.8667,150,230,380,1.5333,130,190,320,1.4615,110,130,240,1.1818,100,110,210,1.1,94,53
750,230,530,190,540,730,2.8421,160,310,470,1.9375,150,250,400,1.6667,130,180,310,1.3846,110,140,250,1.2727,100,110,210,1.1,94,53
750,220,550,190,410,600,2.1579,170,280,450,1.6471,150,240,390,1.6,140,180,320,1.2857,110,140,250,1.2727,100,120,220,1.2,94,54
760,200,560,220,430,650,1.9545,170,290,460,1.7059,160,250,410,1.5625,130,180,310,1.3846,110,140,250,1.2727,90,120,210,1.3333,94,54
770,200,550,170,420,590,2.4706,150,260,410,1.7333,140,230,370,1.6429,120,170,290,1.4167,100,130,230,1.3,90,110,200,1.2222,94,53
770,220,530,180,480,660,2.6667,150,280,430,1.8667,140,240,380,1.7143,120,180,300,1.5,100,130,230,1.3,100,110,210,1.1,94,53
740,240,510,200,520,720,2.6,170,330,500,1.9412,160,230,390,1.4375,140,170,310,1.2143,120,130,250,1.0833,110,110,220,1.0,94,53
740,230,530,190,440,630,2.3158,170,290,460,1.7059,150,240,390,1.6,130,170,300,1.3077,110,130,240,1.1818,100,110,210,1.1,94,53
760,200,550,170,420,590,2.4706,140,260,400,1.8571,140,220,360,1.5714,110,170,280,1.5455,100,130,230,1.3,80,110,190,1.375,93,53
760,210,550,180,490,670,2.7222,140,280,420,2.0,140,240,380,1.7143,120,180,300,1.5,100,140,240,1.4,80,120,200,1.5,93,53
770,210,530,180,540,720,3.0,150,360,510,2.4,140,290,430,2.0714,130,200,330,1.5385,100,150,250,1.5,100,130,230,1.3,93,53
730,240,520,200,430,630,2.15,180,270,450,1.5,160,230,390,1.4375,150,160,310,1.0667,120,120,240,1.0,110,100,210,0.90909,94,53
760,210,550,230,420,650,1.8261,170,300,470,1.7647,160,250,410,1.5625,130,190,320,1.4615,110,140,250,1.2727,100,120,220,1.2,93,53
760,210,540,190,420,610,2.2105,150,270,420,1.8,150,230,380,1.5333,120,170,290,1.4167,110,130,240,1.1818,90,100,190,1.1111,93,53
760,220,540,180,460,640,2.5556,160,260,420,1.625,140,220,360,1.5714,120,170,290,1.4167,100,130,230,1.3,90,110,200,1.2222,93,53
750,220,530,180,470,650,2.6111,160,280,440,1.75,150,230,380,1.5333,120,180,300,1.5,110,130,240,1.1818,90,110,200,1.2222,93,53
760,220,540,180,550,730,3.0556,150,320,470,2.1333,150,260,410,1.7333,130,190,320,1.4615,110,140,250,1.2727,90,110,200,1.2222,93,53
740,220,540,190,430,620,2.2632,160,300,460,1.875,150,250,400,1.6667,130,190,320,1.4615,110,140,250,1.2727,100,110,210,1.1,93,53
770,200,560,220,430,650,1.9545,170,290,460,1.7059,160,250,410,1.5625,130,190,320,1.4615,110,150,260,1.3636,90,120,210,1.3333,93,53
750,210,530,200,390,590,1.95,160,240,400,1.5,140,200,340,1.4286,130,160,290,1.2308,110,120,230,1.0909,100,110,210,1.1,92,52
760,220,540,170,450,620,2.6471,150,270,420,1.8,140,230,370,1.6429,120,170,290,1.4167,100,130,230,1.3,90,110,200,1.2222,92,52
750,220,520,180,490,670,2.7222,150,290,440,1.9333,150,240,390,1.6,130,170,300,1.3077,110,130,240,1.1818,100,110,210,1.1,92,52
740,230,520,190,530,720,2.7895,160,340,500,2.125,150,260,410,1.7333,120,190,310,1.5833,110,140,250,1.2727,100,110,210,1.1,92,52
750,220,530,210,420,630,2.0,170,290,460,1.7059,150,250,400,1.6667,140,190,330,1.3571,110,140,250,1.2727,100,120,220,1.2,92,53
760,220,550,240,460,700,1.9167,180,320,500,1.7778,170,250,420,1.4706,140,180,320,1.2857,120,140,260,1.1667,100,120,220,1.2,92,52
760,210,530,180,390,570,2.1667,160,250,410,1.5625,150,210,360,1.4,130,170,300,1.3077,110,140,250,1.2727,90,100,190,1.1111,92,52
740,230,520,190,450,640,2.3684,170,280,450,1.6471,160,230,390,1.4375,130,170,300,1.3077,120,130,250,1.0833,100,100,200,1.0,92,52
750,220,510,190,520,710,2.7368,150,390,540,2.6,150,300,450,2.0,130,180,310,1.3846,110,150,260,1.3636,90,110,200,1.2222,92,53
730,240,520,190,500,690,2.6316,170,310,480,1.8235,160,250,410,1.5625,140,190,330,1.3571,110,140,250,1.2727,100,120,220,1.2,93,53
760,210,550,230,420,650,1.8261,170,300,470,1.7647,150,260,410,1.7333,130,190,320,1.4615,110,150,260,1.3636,100,120,220,1.2,92,53
750,210,540,230,390,620,1.6957,180,250,430,1.3889,160,210,370,1.3125,140,150,290,1.0714,110,110,220,1.0,100,80,180,0.8,92,53
750,210,530,180,430,610,2.3889,150,270,420,1.8,140,220,360,1.5714,130,160,290,1.2308,100,120,220,1.2,100,100,200,1.0,92,53
750,220,530,180,450,630,2.5,160,280,440,1.75,150,230,380,1.5333,130,170,300,1.3077,110,130,240,1.1818,90,110,200,1.2222,92,53
740,220,510,180,520,700,2.8889,160,410,570,2.5625,160,300,460,1.875,140,200,340,1.4286,120,140,260,1.1667,100,120,220,1.2,93,53
730,230,520,190,530,720,2.7895,170,300,470,1.7647,150,250,400,1.6667,140,180,320,1.2857,110,140,250,1.2727,100,120,220,1.2,93,53
750,210,540,230,450,680,1.9565,230,370,600,1.6087,190,300,490,1.5789,150,210,360,1.4,120,150,270,1.25,110,130,240,1.1818,93,53
750,210,550,180,420,600,2.3333,160,270,430,1.6875,140,240,380,1.7143,120,180,300,1.5,100,140,240,1.4,90,120,210,1.3333,92,53
750,200,530,170,450,620,2.6471,150,280,430,1.8667,130,230,360,1.7692,120,170,290,1.4167,100,130,230,1.3,90,110,200,1.2222,92,53
730,220,520,190,530,720,2.7895,160,310,470,1.9375,150,260,410,1.7333,130,190,320,1.4615,110,150,260,1.3636,100,120,220,1.2,93,53
750,210,540,180,420,600,2.3333,160,300,460,1.875,150,260,410,1.7333,120,200,320,1.6667,100,150,250,1.5,90,130,220,1.4444,92,53
750,210,540,230,410,640,1.7826,200,270,470,1.35,170,220,390,1.2941,140,150,290,1.0714,110,110,220,1.0,100,80,180,0.8,92,53
730,210,530,180,540,720,3.0,150,270,420,1.8,140,230,370,1.6429,120,170,290,1.4167,100,130,230,1.3,90,110,200,1.2222,92,53
760,200,530,220,320,540,1.4545,180,230,410,1.2778,150,210,360,1.4,120,160,280,1.3333,110,130,240,1.1818,90,110,200,1.2222,92,53
740,240,510,190,520,710,2.7368,170,320,490,1.8824,160,250,410,1.5625,140,190,330,1.3571,110,140,250,1.2727,100,120,220,1.2,93,53
740,230,520,250,440,690,1.76,200,380,580,1.9,170,300,470,1.7647,150,210,360,1.4,120,150,270,1.25,110,120,230,1.0909,93,53
750,220,540,240,410,650,1.7083,180,270,450,1.5,160,240,400,1.5,140,170,310,1.2143,110,130,240,1.1818,100,110,210,1.1,92,53
750,210,520,180,400,580,2.2222,160,270,430,1.6875,140,220,360,1.5714,130,170,300,1.3077,110,130,240,1.1818,90,100,190,1.1111,92,53
750,230,530,190,540,730,2.8421,160,340,500,2.125,150,240,390,1.6,120,170,290,1.4167,110,130,240,1.1818,90,100,190,1.1111,92,53
730,220,510,190,520,710,2.7368,160,320,480,2.0,150,250,400,1.6667,130,180,310,1.3846,110,140,250,1.2727,100,110,210,1.1,92,53
750,220,530,180,500,680,2.7778,160,300,460,1.875,150,260,410,1.7333,120,190,310,1.5833,100,150,250,1.5,90,130,220,1.4444,93,53
740,220,530,240,400,640,1.6667,190,270,460,1.4211,180,230,410,1.2778,150,160,310,1.0667,120,110,230,0.91667,110,80,190,0.72727,92,53
760,210,540,190,410,600,2.1579,160,280,440,1.75,150,240,390,1.6,130,180,310,1.3846,100,140,240,1.4,90,120,210,1.3333,92,53
750,220,530,180,410,590,2.2778,160,260,420,1.625,150,220,370,1.4667,130,170,300,1.3077,110,130,240,1.1818,90,100,190,1.1111,92,53
760,220,530,180,500,680,2.7778,160,330,490,2.0625,150,260,410,1.7333,120,190,310,1.5833,110,140,250,1.2727,90,120,210,1.3333,92,53
740,230,510,200,520,720,2.6,160,310,470,1.9375,160,240,400,1.5,140,180,320,1.2857,120,130,250,1.0833,110,100,210,0.90909,93,53
750,230,540,180,430,610,2.3889,160,320,480,2.0,150,260,410,1.7333,130,190,320,1.4615,110,150,260,1.3636,100,130,230,1.3,93,53
760,210,550,230,430,660,1.8696,180,290,470,1.6111,170,250,420,1.4706,140,190,330,1.3571,120,140,260,1.1667,100,120,220,1.2,93,53
760,210,540,200,420,620,2.1,170,260,430,1.5294,150,220,370,1.4667,130,170,300,1.3077,110,130,240,1.1818,90,100,190,1.1111,93,53
750,230,520,190,530,720,2.7895,170,370,540,2.1765,160,280,440,1.75,130,190,320,1.4615,110,140,250,1.2727,90,120,210,1.3333,93,53
750,230,540,200,430,630,2.15,160,300,460,1.875,160,260,420,1.625,130,190,320,1.4615,110,140,250,1.2727,90,120,210,1.3333,94,54
770,210,560,230,440,670,1.913,190,310,500,1.6316,170,260,430,1.5294,150,190,340,1.2667,110,150,260,1.3636,110,120,230,1.0909,94,54
760,210,470,180,380,560,2.1111,160,260,420,1.625,140,220,360,1.5714,120,170,290,1.4167,90,130,220,1.4444,90,100,190,1.1111,94,54
760,290,530,180,480,660,2.6667,160,270,430,1.6875,140,220,360,1.5714,120,170,290,1.4167,110,130,240,1.1818,90,110,200,1.2222,93,54
750,230,530,190,470,660,2.4737,160,280,440,1.75,150,230,380,1.5333,130,180,310,1.3846,110,140,250,1.2727,90,110,200,1.2222,94,54
750,220,520,190,530,720,2.7895,150,350,500,2.3333,150,260,410,1.7333,130,190,320,1.4615,110,140,250,1.2727,100,110,210,1.1,94,54
750,230,550,210,420,630,2.0,180,300,480,1.6667,160,250,410,1.5625,140,190,330,1.3571,110,140,250,1.2727,100,120,220,1.2,94,54
770,200,560,220,420,640,1.9091,160,290,450,1.8125,150,240,390,1.6,130,180,310,1.3846,100,130,230,1.3,90,120,210,1.3333,94,54
750,210,530,180,540,720,3.0,160,260,420,1.625,130,220,350,1.6923,130,160,290,1.2308,100,120,220,1.2,100,90,190,0.9,93,54
760,220,540,180,460,640,2.5556,150,260,410,1.7333,140,220,360,1.5714,130,170,300,1.3077,100,130,230,1.3,90,110,200,1.2222,93,54
740,220,530,190,500,690,2.6316,160,300,460,1.875,150,250,400,1.6667,130,180,310,1.3846,110,130,240,1.1818,90,110,200,1.2222,94,54
760,210,550,170,420,590,2.4706,150,270,420,1.8,140,230,370,1.6429,110,190,300,1.7273,100,150,250,1.5,80,120,200,1.5,94,54
760,210,550,230,440,670,1.913,190,300,490,1.5789,170,250,420,1.4706,140,190,330,1.3571,100,140,240,1.4,100,110,210,1.1,93,53
760,210,550,180,410,590,2.2778,160,260,420,1.625,150,220,370,1.4667,130,160,290,1.2308,110,130,240,1.1818,90,110,200,1.2222,93,53
760,210,540,180,450,630,2.5,150,270,420,1.8,150,230,380,1.5333,120,170,290,1.4167,110,130,240,1.1818,90,110,200,1.2222,93,53
750,220,540,190,470,660,2.4737,150,280,430,1.8667,150,230,380,1.5333,110,180,290,1.6364,110,130,240,1.1818,90,110,200,1.2222,93,53
750,220,540,190,420,610,2.2105,160,290,450,1.8125,150,250,400,1.6667,130,190,320,1.4615,110,150,260,1.3636,100,120,220,1.2,93,54
770,210,560,230,450,680,1.9565,180,300,480,1.6667,170,250,420,1.4706,130,190,320,1.4615,110,140,250,1.2727,90,120,210,1.3333,92,53
770,210,550,200,420,620,2.1,170,270,440,1.5882,150,230,380,1.5333,140,170,310,1.2143,120,130,250,1.0833,100,110,210,1.1,92,53
760,220,540,190,480,670,2.5263,160,270,430,1.6875,150,230,380,1.5333,130,170,300,1.3077,110,130,240,1.1818,100,110,210,1.1,92,53
750,220,420,190,430,620,2.2632,160,310,470,1.9375,150,240,390,1.6,130,180,310,1.3846,110,140,250,1.2727,100,110,210,1.1,93,53
760,330,540,190,550,740,2.8947,160,350,510,2.1875,150,280,430,1.8667,130,200,330,1.5385,110,160,270,1.4545,100,120,220,1.2,93,53
760,220,550,240,440,680,1.8333,180,310,490,1.7222,170,250,420,1.4706,140,190,330,1.3571,120,140,260,1.1667,100,120,220,1.2,93,53
780,210,570,230,410,640,1.7826,200,260,460,1.3,170,240,410,1.4118,140,210,350,1.5,120,150,270,1.25,100,120,220,1.2,93,53
770,210,540,180,420,600,2.3333,160,260,420,1.625,150,220,370,1.4667,120,170,290,1.4167,110,130,240,1.1818,90,100,190,1.1111,92,53
760,230,530,180,460,640,2.5556,170,280,450,1.6471,150,230,380,1.5333,130,170,300,1.3077,110,130,240,1.1818,90,110,200,1.2222,93,53
760,230,530,180,540,720,3.0,150,450,600,3.0,140,330,470,2.3571,120,210,330,1.75,90,150,240,1.6667,70,130,200,1.8571,93,53
750,230,540,190,490,680,2.5789,170,300,470,1.7647,150,250,400,1.6667,130,180,310,1.3846,110,140,250,1.2727,100,120,220,1.2,93,53
770,210,570,230,510,740,2.2174,230,350,580,1.5217,180,290,470,1.6111,140,210,350,1.5,120,150,270,1.25,100,130,230,1.3,93,53
770,200,560,190,420,610,2.2105,160,270,430,1.6875,140,230,370,1.6429,130,170,300,1.3077,100,130,230,1.3,90,110,200,1.2222,92,53
760,210,540,180,470,650,2.6111,150,270,420,1.8,140,220,360,1.5714,120,170,290,1.4167,100,120,220,1.2,100,110,210,1.1,93,53
750,220,530,190,540,730,2.8421,160,320,480,2.0,150,260,410,1.7333,130,190,320,1.4615,100,140,240,1.4,100,110,210,1.1,93,53
750,220,560,190,440,630,2.3158,160,320,480,2.0,150,260,410,1.7333,130,200,330,1.5385,100,150,250,1.5,100,120,220,1.2,92,53
790,190,580,210,430,640,2.0476,190,270,460,1.4211,160,230,390,1.4375,130,170,300,1.3077,100,120,220,1.2,90,80,170,0.88889,92,53
770,210,550,180,410,590,2.2778,160,260,420,1.625,150,220,370,1.4667,110,170,280,1.5455,110,130,240,1.1818,90,100,190,1.1111,92,53
770,220,490,180,490,670,2.7222,160,290,450,1.8125,140,230,370,1.6429,130,170,300,1.3077,110,130,240,1.1818,90,110,200,1.2222,92,52
760,280,530,200,540,740,2.7,170,360,530,2.1176,160,270,430,1.6875,140,190,330,1.3571,110,140,250,1.2727,100,120,220,1.2,92,53
760,230,530,180,540,720,3.0,160,320,480,2.0,150,260,410,1.7333,130,190,320,1.4615,110,140,250,1.2727,100,120,220,1.2,92,52
760,230,550,250,410,660,1.64,180,280,460,1.5556,170,260,430,1.5294,140,200,340,1.4286,120,150,270,1.25,100,120,220,1.2,92,52
780,210,560,210,430,640,2.0476,160,280,440,1.75,150,240,390,1.6,130,180,310,1.3846,100,140,240,1.4,90,120,210,1.3333,92,52
790,220,560,180,540,720,3.0,160,260,420,1.625,150,220,370,1.4667,120,160,280,1.3333,110,120,230,1.0909,90,100,190,1.1111,92,52
740,230,510,200,470,670,2.35,180,250,430,1.3889,170,210,380,1.2353,150,150,300,1.0,120,110,230,0.91667,100,90,190,0.9,91,52
760,230,530,190,540,730,2.8421,170,330,500,1.9412,160,250,410,1.5625,120,190,310,1.5833,110,130,240,1.1818,100,110,210,1.1,91,52
740,230,540,220,520,740,2.3636,180,330,510,1.8333,170,260,430,1.5294,140,190,330,1.3571,120,140,260,1.1667,110,110,220,1.0,92,52
770,200,560,220,430,650,1.9545,190,310,500,1.6316,170,260,430,1.5294,140,190,330,1.3571,110,150,260,1.3636,100,120,220,1.2,92,52
780,210,560,180,420,600,2.3333,160,260,420,1.625,140,230,370,1.6429,120,180,300,1.5,100,140,240,1.4,80,110,190,1.375,91,52
770,220,550,180,560,740,3.1111,160,450,610,2.8125,140,230,370,1.6429,130,170,300,1.3077,100,130,230,1.3,100,110,210,1.1,91,52
760,220,530,190,510,700,2.6842,160,290,450,1.8125,150,240,390,1.6,130,180,310,1.3846,110,130,240,1.1818,100,110,210,1.1,91,52
740,200,520,220,400,620,1.8182,170,270,440,1.5882,150,220,370,1.4667,130,160,290,1.2308,110,120,230,1.0909,100,110,210,1.1,91,52
770,220,550,170,420,590,2.4706,150,260,410,1.7333,140,230,370,1.6429,120,170,290,1.4167,100,130,230,1.3,90,110,200,1.2222,91,52
770,220,550,190,520,710,2.7368,160,310,470,1.9375,140,250,390,1.7857,130,190,320,1.4615,100,150,250,1.5,90,120,210,1.3333,91,52
750,220,530,190,540,730,2.8421,160,310,470,1.9375,150,260,410,1.7333,130,190,320,1.4615,110,140,250,1.2727,100,110,210,1.1,92,52
760,220,550,180,530,710,2.9444,150,320,470,2.1333,140,270,410,1.9286,120,200,320,1.6667,100,150,250,1.5,90,120,210,1.3333,92,53
770,210,560,230,440,670,1.913,190,310,500,1.6316,170,260,430,1.5294,140,200,340,1.4286,120,150,270,1.25,100,120,220,1.2,92,53
770,210,550,190,430,620,2.2632,160,280,440,1.75,150,230,380,1.5333,130,180,310,1.3846,110,140,250,1.2727,100,110,210,1.1,92,53
770,220,540,180,550,730,3.0556,160,320,480,2.0,150,250,400,1.6667,120,180,300,1.5,100,140,240,1.4,90,110,200,1.2222,92,52
760,230,530,190,490,680,2.5789,170,280,450,1.6471,150,240,390,1.6,130,170,300,1.3077,110,130,240,1.1818,100,100,200,1.0,92,53
760,230,540,190,550,740,2.8947,170,320,490,1.8824,150,260,410,1.7333,130,190,320,1.4615,110,140,250,1.2727,80,120,200,1.5,92,53
770,220,560,190,440,630,2.3158,170,300,470,1.7647,150,250,400,1.6667,130,190,320,1.4615,110,140,250,1.2727,90,120,210,1.3333,93,53
780,210,560,230,440,670,1.913,180,290,470,1.6111,170,250,420,1.4706,140,190,330,1.3571,120,140,260,1.1667,100,120,220,1.2,92,53
780,220,560,190,400,590,2.1053,160,250,410,1.5625,150,220,370,1.4667,120,160,280,1.3333,110,120,230,1.0909,100,100,200,1.0,92,53
770,220,550,170,490,660,2.8824,160,290,450,1.8125,150,240,390,1.6,130,180,310,1.3846,110,130,240,1.1818,100,110,210,1.1,92,53
760,220,540,190,550,740,2.8947,160,310,470,1.9375,150,250,400,1.6667,130,180,310,1.3846,110,140,250,1.2727,100,110,210,1.1,92,53
770,220,550,180,560,740,3.1111,150,360,510,2.4,150,280,430,1.8667,120,200,320,1.6667,110,150,260,1.3636,90,130,220,1.4444,93,53
770,220,570,240,440,680,1.8333,190,310,500,1.6316,170,260,430,1.5294,140,190,330,1.3571,120,140,260,1.1667,100,120,220,1.2,92,53
780,200,570,210,440,650,2.0952,170,290,460,1.7059,150,250,400,1.6667,130,180,310,1.3846,100,140,240,1.4,90,120,210,1.3333,92,53
790,210,550,180,440,620,2.4444,150,270,420,1.8,150,230,380,1.5333,120,170,290,1.4167,100,130,230,1.3,90,110,200,1.2222,92,53
770,240,550,180,480,660,2.6667,160,280,440,1.75,150,240,390,1.6,130,170,300,1.3077,110,130,240,1.1818,100,110,210,1.1,92,52
770,220,540,190,550,740,2.8947,160,370,530,2.3125,150,260,410,1.7333,130,190,320,1.4615,110,140,250,1.2727,100,110,210,1.1,92,53
760,230,550,190,430,620,2.2632,160,300,460,1.875,160,240,400,1.5,130,180,310,1.3846,120,140,260,1.1667,100,110,210,1.1,92,53
780,210,570,230,460,690,2.0,180,300,480,1.6667,160,260,420,1.625,140,190,330,1.3571,120,140,260,1.1667,100,120,220,1.2,92,53
770,210,560,190,400,590,2.1053,160,240,400,1.5,150,200,350,1.3333,130,160,290,1.2308,110,110,220,1.0,100,80,180,0.8,91,52
780,210,550,180,510,690,2.8333,150,290,440,1.9333,140,240,380,1.7143,120,180,300,1.5,100,140,240,1.4,90,110,200,1.2222,91,52
760,230,510,190,490,680,2.5789,170,270,440,1.5882,150,230,380,1.5333,130,170,300,1.3077,110,130,240,1.1818,90,100,190,1.1111,91,52
770,250,540,190,550,740,2.8947,160,360,520,2.25,150,290,440,1.9333,130,200,330,1.5385,110,150,260,1.3636,90,130,220,1.4444,91,52
760,230,550,250,430,680,1.72,180,300,480,1.6667,160,250,410,1.5625,140,190,330,1.3571,120,140,260,1.1667,100,120,220,1.2,91,52
780,210,570,230,440,670,1.913,190,290,480,1.5263,170,280,450,1.6471,140,210,350,1.5,110,160,270,1.4545,100,130,230,1.3,91,52
780,210,570,170,430,600,2.5294,150,270,420,1.8,140,230,370,1.6429,120,180,300,1.5,90,140,230,1.5556,80,110,190,1.375,91,52
790,210,550,180,480,660,2.6667,150,290,440,1.9333,140,240,380,1.7143,120,180,300,1.5,100,140,240,1.4,90,120,210,1.3333,91,52
760,230,550,190,500,690,2.6316,160,300,460,1.875,160,260,420,1.625,130,180,310,1.3846,110,140,250,1.2727,100,120,220,1.2,91,52
780,210,570,230,500,730,2.1739,220,340,560,1.5455,170,280,450,1.6471,140,200,340,1.4286,120,150,270,1.25,100,130,230,1.3,91,52
790,210,570,180,420,600,2.3333,150,280,430,1.8667,140,250,390,1.7857,120,180,300,1.5,100,130,230,1.3,90,120,210,1.3333,91,52
770,220,540,180,470,650,2.6111,160,280,440,1.75,150,230,380,1.5333,130,170,300,1.3077,110,130,240,1.1818,90,100,190,1.1111,91,52
780,230,550,180,560,740,3.1111,160,440,600,2.75,140,340,480,2.4286,120,190,310,1.5833,100,140,240,1.4,90,120,210,1.3333,91,52
770,230,540,190,550,740,2.8947,160,340,500,2.125,150,260,410,1.7333,130,190,320,1.4615,110,140,250,1.2727,90,120,210,1.3333,91,52
710,230,570,220,450,670,2.0455,170,310,480,1.8235,160,260,420,1.625,130,200,330,1.5385,120,150,270,1.25,90,120,210,1.3333,91,52
780,210,570,180,430,610,2.3889,160,260,420,1.625,150,220,370,1.4667,130,160,290,1.2308,110,120,230,1.0909,100,100,200,1.0,91,52
780,210,410,180,420,600,2.3333,160,290,450,1.8125,150,240,390,1.6,120,180,300,1.5,110,130,240,1.1818,90,100,190,1.1111,91,52
780,370,560,200,570,770,2.85,170,360,530,2.1176,160,280,440,1.75,140,200,340,1.4286,110,150,260,1.3636,90,120,210,1.3333,92,52
770,220,550,190,460,650,2.4211,160,290,450,1.8125,150,260,410,1.7333,130,190,320,1.4615,110,140,250,1.2727,90,120,210,1.3333,91,52
790,220,580,240,440,680,1.8333,190,290,480,1.5263,170,240,410,1.4118,140,170,310,1.2143,120,150,270,1.25,100,130,230,1.3,91,52
790,210,580,200,460,660,2.3,160,270,430,1.6875,150,230,380,1.5333,120,180,300,1.5,110,130,240,1.1818,90,100,190,1.1111,91,52
780,210,560,190,570,760,3.0,140,340,480,2.4286,140,240,380,1.7143,120,170,290,1.4167,100,130,230,1.3,100,110,210,1.1,91,52
780,220,550,180,550,730,3.0556,170,290,460,1.7059,160,240,400,1.5,130,170,300,1.3077,100,130,230,1.3,100,100,200,1.0,91,51
780,230,550,190,560,750,2.9474,160,350,510,2.1875,150,270,420,1.8,130,200,330,1.5385,110,150,260,1.3636,100,120,220,1.2,91,52
770,230,560,250,390,640,1.56,200,320,520,1.6,170,290,460,1.7059,150,210,360,1.4,130,160,290,1.2308,100,120,220,1.2,91,52
780,210,520,230,400,630,1.7391,170,280,450,1.6471,160,240,400,1.5,130,170,300,1.3077,110,120,230,1.0909,100,110,210,1.1,91,52
740,290,520,230,530,760,2.3043,190,370,560,1.9474,190,250,440,1.3158,160,150,310,0.9375,130,110,240,0.84615,110,80,190,0.72727,90,51
760,220,540,180,550,730,3.0556,160,320,480,2.0,150,250,400,1.6667,130,190,320,1.4615,110,140,250,1.2727,90,120,210,1.3333,91,51
770,220,560,180,530,710,2.9444,160,330,490,2.0625,140,260,400,1.8571,130,210,340,1.6154,100,150,250,1.5,90,130,220,1.4444,91,51
790,210,570,230,430,660,1.8696,180,300,480,1.6667,160,260,420,1.625,140,200,340,1.4286,110,150,260,1.3636,100,120,220,1.2,91,51
780,220,550,200,410,610,2.05,170,250,420,1.4706,160,210,370,1.3125,130,170,300,1.3077,110,130,240,1.1818,100,100,200,1.0,90,51
760,230,550,190,520,710,2.7368,160,300,460,1.875,150,220,370,1.4667,130,160,290,1.2308,110,120,230,1.0909,100,110,210,1.1,90,51
780,210,540,180,530,710,2.9444,150,290,440,1.9333,150,240,390,1.6,120,190,310,1.5833,100,140,240,1.4,90,120,210,1.3333,90,51
730,240,520,200,530,730,2.65,170,300,470,1.7647,150,250,400,1.6667,130,180,310,1.3846,120,130,250,1.0833,100,110,210,1.1,90,51
790,200,580,220,450,670,2.0455,170,310,480,1.8235,160,260,420,1.625,130,210,340,1.6154,100,150,250,1.5,90,130,220,1.4444,91,52
790,210,470,180,380,560,2.1111,160,260,420,1.625,140,220,360,1.5714,120,180,300,1.5,100,140,240,1.4,80,110,190,1.375,91,52
780,320,550,190,450,640,2.3684,160,280,440,1.75,150,230,380,1.5333,130,180,310,1.3846,110,130,240,1.1818,100,110,210,1.1,91,52
780,230,530,190,540,730,2.8421,160,330,490,2.0625,150,260,410,1.7333,130,190,320,1.4615,110,140,250,1.2727,90,120,210,1.3333,92,52
780,250,550,190,560,750,2.9474,170,350,520,2.0588,160,290,450,1.8125,140,210,350,1.5,110,150,260,1.3636,110,120,230,1.0909,92,53
790,230,570,250,450,700,1.8,210,320,530,1.5238,180,270,450,1.5,150,200,350,1.3333,120,150,270,1.25,110,130,240,1.1818,92,53
780,220,570,200,410,610,2.05,160,270,430,1.6875,160,230,390,1.4375,130,180,310,1.3846,110,140,250,1.2727,90,110,200,1.2222,92,53
800,210,580,180,540,720,3.0,140,330,470,2.3571,140,260,400,1.8571,120,190,310,1.5833,100,150,250,1.5,90,120,210,1.3333,92,53
790,220,560,180,520,700,2.8889,160,290,450,1.8125,150,240,390,1.6,130,190,320,1.4615,100,140,240,1.4,100,120,220,1.2,92,53
780,230,550,190,560,750,2.9474,170,330,500,1.9412,160,260,420,1.625,130,190,320,1.4615,120,140,260,1.1667,100,110,210,1.1,93,53
780,230,570,220,450,670,2.0455,180,310,490,1.7222,160,270,430,1.6875,140,190,330,1.3571,120,160,280,1.3333,110,120,230,1.0909,92,53
810,210,590,230,460,690,2.0,170,300,470,1.7647,160,250,410,1.5625,130,190,320,1.4615,110,140,250,1.2727,90,120,210,1.3333,92,53
800,220,590,180,540,720,3.0,160,260,420,1.625,150,210,360,1.4,130,170,300,1.3077,100,110,210,1.1,100,80,180,0.8,92,53
800,210,560,170,390,560,2.2941,150,260,410,1.7333,140,230,370,1.6429,130,180,310,1.3846,100,140,240,1.4,100,120,220,1.2,92,53
790,240,530,190,540,730,2.8421,170,360,530,2.1176,150,260,410,1.7333,140,180,320,1.2857,110,130,240,1.1818,100,110,210,1.1,92,53
780,260,560,190,500,690,2.6316,170,310,480,1.8235,160,250,410,1.5625,130,180,310,1.3846,120,130,250,1.0833,100,110,210,1.1,92,53
800,220,590,240,470,710,1.9583,190,310,500,1.6316,170,270,440,1.5882,140,190,330,1.3571,110,150,260,1.3636,110,120,230,1.0909,92,53
810,210,590,190,390,580,2.0526,160,260,420,1.625,150,220,370,1.4667,120,170,290,1.4167,110,140,250,1.2727,90,110,200,1.2222,92,52
800,230,570,250,450,700,1.8,190,300,490,1.5789,170,250,420,1.4706,150,180,330,1.2,130,130,260,1.0,110,120,230,1.0909,91,52
800,230,560,190,380,570,2.0,160,250,410,1.5625,150,220,370,1.4667,130,170,300,1.3077,100,130,230,1.3,90,110,200,1.2222,91,52
780,240,550,190,560,750,2.9474,170,310,480,1.8235,160,250,410,1.5625,130,170,300,1.3077,120,130,250,1.0833,100,110,210,1.1,91,52
780,230,550,190,560,750,2.9474,160,310,470,1.9375,150,250,400,1.6667,130,190,320,1.4615,110,150,260,1.3636,100,120,220,1.2,91,52
770,230,570,200,420,620,2.1,170,340,510,2.0,150,270,420,1.8,130,200,330,1.5385,110,150,260,1.3636,90,130,220,1.4444,91,52
790,200,570,220,430,650,1.9545,170,290,460,1.7059,150,250,400,1.6667,120,190,310,1.5833,100,150,250,1.5,80,120,200,1.5,91,52
800,220,580,200,450,650,2.25,170,280,450,1.6471,150,230,380,1.5333,130,170,300,1.3077,110,130,240,1.1818,90,110,200,1.2222,91,52
780,220,560,190,570,760,3.0,170,370,540,2.1765,150,280,430,1.8667,130,190,320,1.4615,110,140,250,1.2727,90,120,210,1.3333,90,51
780,220,550,190,500,690,2.6316,150,310,460,2.0667,150,260,410,1.7333,130,190,320,1.4615,110,150,260,1.3636,90,120,210,1.3333,90,51
770,230,530,190,490,680,2.5789,160,320,480,2.0,150,260,410,1.7333,130,200,330,1.5385,110,150,260,1.3636,90,120,210,1.3333,90,51
770,240,560,260,440,700,1.6923,180,320,500,1.7778,170,260,430,1.5294,140,190,330,1.3571,120,140,260,1.1667,100,120,220,1.2,91,51
800,210,580,230,440,670,1.913,170,290,460,1.7059,150,250,400,1.6667,130,190,320,1.4615,110,150,260,1.3636,90,120,210,1.3333,91,51
780,220,550,190,490,680,2.5789,170,280,450,1.6471,150,230,380,1.5333,140,160,300,1.1429,110,120,230,1.0909,100,100,200,1.0,90,51
770,230,540,190,470,660,2.4737,170,280,450,1.6471,160,230,390,1.4375,130,170,300,1.3077,120,130,250,1.0833,100,100,200,1.0,90,51
770,230,530,190,540,730,2.8421,160,300,460,1.875,140,240,380,1.7143,130,190,320,1.4615,110,140,250,1.2727,100,130,230,1.3,90,51
770,240,550,190,540,730,2.8421,160,310,470,1.9375,150,250,400,1.6667,120,190,310,1.5833,110,150,260,1.3636,100,120,220,1.2,90,51
780,220,580,240,450,690,1.875,200,310,510,1.55,170,260,430,1.5294,140,200,340,1.4286,120,150,270,1.25,100,130,230,1.3,91,52
800,200,590,180,430,610,2.3889,150,280,430,1.8667,140,240,380,1.7143,120,180,300,1.5,100,140,240,1.4,90,120,210,1.3333,91,52
790,210,560,180,460,640,2.5556,160,300,460,1.875,150,240,390,1.6,130,180,310,1.3846,110,130,240,1.1818,100,110,210,1.1,91,51
790,230,560,190,570,760,3.0,170,290,460,1.7059,160,250,410,1.5625,130,170,300,1.3077,120,130,250,1.0833,100,110,210,1.1,91,52
780,230,560,190,570,760,3.0,160,380,540,2.375,160,290,450,1.8125,130,200,330,1.5385,120,150,270,1.25,100,130,230,1.3,91,52
790,220,580,220,450,670,2.0455,180,320,500,1.7778,160,270,430,1.6875,140,200,340,1.4286,110,150,260,1.3636,100,120,220,1.2,91,52
810,210,580,230,460,690,2.0,180,330,510,1.8333,170,280,450,1.6471,130,200,330,1.5385,120,140,260,1.1667,100,120,220,1.2,91,52
800,230,570,190,480,670,2.5263,160,260,420,1.625,150,220,370,1.4667,130,170,300,1.3077,110,130,240,1.1818,100,110,210,1.1,90,51
790,230,550,190,490,680,2.5789,170,290,460,1.7059,150,240,390,1.6,140,170,310,1.2143,110,120,230,1.0909,100,110,210,1.1,91,51
780,240,550,190,560,750,2.9474,170,410,580,2.4118,160,310,470,1.9375,130,190,320,1.4615,110,140,250,1.2727,100,120,220,1.2,91,51
780,230,570,190,470,660,2.4737,160,310,470,1.9375,150,260,410,1.7333,130,190,320,1.4615,110,150,260,1.3636,100,120,220,1.2,91,52
800,210,590,230,460,690,2.0,180,320,500,1.7778,170,270,440,1.5882,130,210,340,1.6154,110,160,270,1.4545,90,130,220,1.4444,91,52
810,210,580,200,450,650,2.25,160,290,450,1.8125,150,250,400,1.6667,130,180,310,1.3846,100,140,240,1.4,90,120,210,1.3333,90,51
800,230,570,180,510,690,2.8333,160,300,460,1.875,140,240,380,1.7143,130,180,310,1.3846,100,140,240,1.4,90,120,210,1.3333,90,51
800,230,560,190,570,760,3.0,160,410,570,2.5625,150,260,410,1.7333,130,190,320,1.4615,110,140,250,1.2727,100,120,220,1.2,90,51
780,240,560,190,570,760,3.0,170,320,490,1.8824,160,260,420,1.625,140,190,330,1.3571,110,140,250,1.2727,100,120,220,1.2,91,51
790,220,590,240,460,700,1.9167,180,320,500,1.7778,160,270,430,1.6875,140,200,340,1.4286,120,150,270,1.25,100,130,230,1.3,90,51
820,200,590,220,430,650,1.9545,170,270,440,1.5882,150,230,380,1.5333,130,170,300,1.3077,100,120,220,1.2,90,80,170,0.88889,90,51
800,230,570,180,480,660,2.6667,160,280,440,1.75,150,240,390,1.6,130,170,300,1.3077,110,130,240,1.1818,90,110,200,1.2222,90,51
780,230,430,190,440,630,2.3158,170,300,470,1.7647,150,250,400,1.6667,130,180,310,1.3846,110,130,240,1.1818,90,120,210,1.3333,90,51
790,350,570,190,580,770,3.0526,160,390,550,2.4375,150,300,450,2.0,120,220,340,1.8333,100,160,260,1.6,90,140,230,1.5556,90,51
790,220,590,190,470,660,2.4737,160,330,490,2.0625,140,270,410,1.9286,130,200,330,1.5385,100,160,260,1.6,90,130,220,1.4444,90,51
810,200,600,220,450,670,2.0455,220,290,510,1.3182,170,250,420,1.4706,140,170,310,1.2143,120,130,250,1.0833,100,130,230,1.3,90,51
800,210,570,180,480,660,2.6667,150,320,470,2.1333,140,260,400,1.8571,120,190,310,1.5833,90,150,240,1.6667,90,130,220,1.4444,90,51
790,230,550,190,520,710,2.7368,160,280,440,1.75,150,240,390,1.6,130,180,310,1.3846,110,140,250,1.2727,100,120,220,1.2,90,51
780,230,570,190,510,700,2.6842,160,300,460,1.875,160,250,410,1.5625,130,180,310,1.3846,120,140,260,1.1667,100,120,220,1.2,91,51
810,220,580,180,470,650,2.6111,160,290,450,1.8125,140,240,380,1.7143,130,190,320,1.4615,100,140,240,1.4,100,120,220,1.2,90,51
780,230,530,190,540,730,2.8421,150,340,490,2.2667,150,270,420,1.8,120,190,310,1.5833,110,140,250,1.2727,100,110,210,1.1,90,51
780,250,540,190,550,740,2.8947,170,320,490,1.8824,150,260,410,1.7333,130,190,320,1.4615,110,140,250,1.2727,100,120,220,1.2,90,51
790,240,570,260,420,680,1.6154,190,380,570,2.0,170,310,480,1.8235,140,220,360,1.5714,110,160,270,1.4545,100,140,240,1.4,91,51
810,220,590,240,450,690,1.875,170,290,460,1.7059,150,240,390,1.6,140,180,320,1.2857,110,130,240,1.1818,100,120,220,1.2,91,51
840,220,550,200,440,640,2.2,170,270,440,1.5882,160,230,390,1.4375,140,170,310,1.2143,110,120,230,1.0909,110,110,220,1.0,91,51
740,290,500,240,510,750,2.125,210,380,590,1.8095,200,270,470,1.35,180,170,350,0.94444,150,110,260,0.73333,140,90,230,0.64286,90,51
770,240,540,200,550,750,2.75,170,330,500,1.9412,160,260,420,1.625,130,190,320,1.4615,110,140,250,1.2727,100,120,220,1.2,90,51
790,230,580,180,530,710,2.9444,150,340,490,2.2667,140,270,410,1.9286,120,200,320,1.6667,100,160,260,1.6,90,130,220,1.4444,90,51
800,210,590,230,460,690,2.0,190,310,500,1.6316,170,260,430,1.5294,140,200,340,1.4286,120,150,270,1.25,100,140,240,1.4,90,51
800,210,570,180,430,610,2.3889,160,290,450,1.8125,150,240,390,1.6,130,170,300,1.3077,100,130,230,1.3,90,110,200,1.2222,90,51
780,230,560,190,570,760,3.0,170,370,540,2.1765,160,270,430,1.6875,120,170,290,1.4167,110,130,240,1.1818,100,100,200,1.0,89,51
780,220,550,190,510,700,2.6842,160,330,490,2.0625,140,270,410,1.9286,130,190,320,1.4615,110,150,260,1.3636,100,110,210,1.1,89,51
780,230,560,190,570,760,3.0,170,330,500,1.9412,150,260,410,1.7333,130,190,320,1.4615,110,140,250,1.2727,100,120,220,1.2,89,51
780,220,570,240,440,680,1.8333,190,310,500,1.6316,170,270,440,1.5882,150,190,340,1.2667,120,150,270,1.25,110,120,230,1.0909,90,51
800,210,570,230,440,670,1.913,170,290,460,1.7059,160,250,410,1.5625,130,180,310,1.3846,110,140,250,1.2727,90,130,220,1.4444,90,51
780,230,560,180,500,680,2.7778,160,250,410,1.5625,150,220,370,1.4667,130,170,300,1.3077,110,130,240,1.1818,90,100,190,1.1111,89,51
790,220,560,180,560,740,3.1111,150,290,440,1.9333,150,240,390,1.6,120,190,310,1.5833,100,150,250,1.5,90,120,210,1.3333,89,51
790,230,550,180,560,740,3.1111,160,260,420,1.625,150,230,380,1.5333,130,180,310,1.3846,110,140,250,1.2727,100,120,220,1.2,89,51
780,240,570,190,450,640,2.3684,170,280,450,1.6471,160,230,390,1.4375,140,170,310,1.2143,120,130,250,1.0833,110,100,210,0.90909,90,51
790,210,570,230,420,650,1.8261,190,310,500,1.6316,160,270,430,1.6875,140,200,340,1.4286,110,150,260,1.3636,110,120,230,1.0909,90,51
800,220,590,190,440,630,2.3158,160,280,440,1.75,150,230,380,1.5333,130,170,300,1.3077,100,130,230,1.3,100,110,210,1.1,89,51
810,210,580,180,450,630,2.5,150,280,430,1.8667,140,240,380,1.7143,130,180,310,1.3846,100,130,230,1.3,100,120,220,1.2,89,51
780,230,550,190,560,750,2.9474,160,300,460,1.875,150,240,390,1.6,130,180,310,1.3846,110,130,240,1.1818,100,110,210,1.1,89,51
790,230,570,190,520,710,2.7368,170,290,460,1.7059,150,240,390,1.6,130,190,320,1.4615,110,140,250,1.2727,90,120,210,1.3333,89,51
790,220,580,240,450,690,1.875,190,300,490,1.5789,160,260,420,1.625,140,190,330,1.3571,120,140,260,1.1667,110,120,230,1.0909,89,51
800,210,570,220,440,660,2.0,170,280,450,1.6471,150,230,380,1.5333,130,180,310,1.3846,110,140,250,1.2727,100,110,210,1.1,89,51
790,230,560,180,510,690,2.8333,160,290,450,1.8125,150,240,390,1.6,130,180,310,1.3846,110,150,260,1.3636,100,110,210,1.1,89,51
790,230,560,180,470,650,2.6111,160,290,450,1.8125,140,250,390,1.7857,120,180,300,1.5,100,140,240,1.4,90,120,210,1.3333,89,51
770,230,550,190,560,750,2.9474,170,330,500,1.9412,150,270,420,1.8,130,200,330,1.5385,110,150,260,1.3636,90,130,220,1.4444,89,51
790,220,580,190,450,640,2.3684,160,320,480,2.0,140,270,410,1.9286,130,200,330,1.5385,100,160,260,1.6,90,130,220,1.4444,89,51
800,210,590,230,450,680,1.9565,170,300,470,1.7647,160,260,420,1.625,130,200,330,1.5385,110,150,260,1.3636,90,130,220,1.4444,89,51
800,210,570,170,470,640,2.7647,150,270,420,1.8,130,230,360,1.7692,120,170,290,1.4167,90,130,220,1.4444,90,100,190,1.1111,89,51
790,230,560,180,470,650,2.6111,160,260,420,1.625,150,220,370,1.4667,120,170,290,1.4167,110,130,240,1.1818,90,110,200,1.2222,88,50
780,230,550,190,510,700,2.6842,160,290,450,1.8125,150,240,390,1.6,130,180,310,1.3846,110,140,250,1.2727,100,110,210,1.1,88,50
780,230,540,190,550,740,2.8947,170,290,460,1.7059,150,240,390,1.6,130,190,320,1.4615,110,140,250,1.2727,100,120,220,1.2,89,50
780,240,580,260,430,690,1.6538,190,300,490,1.5789,170,260,430,1.5294,140,190,330,1.3571,120,140,260,1.1667,110,120,230,1.0909,89,50
800,200,580,220,430,650,1.9545,180,260,440,1.4444,160,220,380,1.375,130,180,310,1.3846,100,140,240,1.4,100,120,220,1.2,89,50
790,220,560,180,470,650,2.6111,150,310,460,2.0667,140,250,390,1.7857,120,180,300,1.5,100,140,240,1.4,90,120,210,1.3333,88,50
790,230,560,180,500,680,2.7778,160,290,450,1.8125,150,240,390,1.6,130,180,310,1.3846,100,140,240,1.4,90,120,210,1.3333,88,50
770,240,560,210,430,640,2.0476,180,290,470,1.6111,170,250,420,1.4706,150,180,330,1.2,120,130,250,1.0833,110,110,220,1.0,88,51
790,210,580,230,410,640,1.7826,230,340,570,1.4783,200,340,540,1.7,160,220,380,1.375,120,160,280,1.3333,110,130,240,1.1818,88,51
790,210,570,180,400,580,2.2222,150,260,410,1.7333,150,220,370,1.4667,120,170,290,1.4167,110,130,240,1.1818,90,110,200,1.2222,88,50
820,220,540,180,440,620,2.4444,160,270,430,1.6875,150,230,380,1.5333,130,170,300,1.3077,110,120,230,1.0909,100,110,210,1.1,88,50
770,220,550,180,520,700,2.8889,160,280,440,1.75,140,240,380,1.7143,130,180,310,1.3846,100,140,240,1.4,90,120,210,1.3333,88,50
780,220,580,240,510,750,2.125,190,340,530,1.7895,170,270,440,1.5882,140,200,340,1.4286,100,150,250,1.5,100,120,220,1.2,88,50
790,200,570,220,430,650,1.9545,160,290,450,1.8125,150,250,400,1.6667,130,180,310,1.3846,110,140,250,1.2727,90,120,210,1.3333,87,50
740,220,560,190,410,600,2.1579,160,290,450,1.8125,150,260,410,1.7333,130,190,320,1.4615,110,150,260,1.3636,100,120,220,1.2,87,50
820,180,590,200,440,640,2.2,170,290,460,1.7059,140,260,400,1.8571,110,200,310,1.8182,90,150,240,1.6667,80,120,200,1.5,87,50
800,230,560,190,430,620,2.2632,160,280,440,1.75,150,230,380,1.5333,130,180,310,1.3846,110,130,240,1.1818,100,110,210,1.1,87,50
760,240,420,200,430,630,2.15,170,260,430,1.5294,160,220,380,1.375,140,160,300,1.1429,120,120,240,1.0,110,100,210,0.90909,87,50
770,340,540,220,550,770,2.5,170,340,510,2.0,150,270,420,1.8,130,190,320,1.4615,110,150,260,1.3636,100,120,220,1.2,87,50
760,230,530,200,540,740,2.7,160,320,480,2.0,160,260,420,1.625,130,190,320,1.4615,110,150,260,1.3636,100,120,220,1.2,87,50
770,220,550,190,400,590,2.1053,170,270,440,1.5882,150,230,380,1.5333,130,170,300,1.3077,110,130,240,1.1818,100,110,210,1.1,87,50
780,220,560,180,440,620,2.4444,150,270,420,1.8,150,230,380,1.5333,120,170,290,1.4167,100,130,230,1.3,90,110,200,1.2222,87,50
770,220,520,170,530,700,3.1176,150,310,460,2.0667,130,270,400,2.0769,120,190,310,1.5833,100,160,260,1.6,90,120,210,1.3333,87,50
780,250,550,180,560,740,3.1111,160,320,480,2.0,150,250,400,1.6667,130,190,320,1.4615,110,140,250,1.2727,100,120,220,1.2,87,50
760,230,540,250,420,670,1.68,190,340,530,1.7895,160,280,440,1.75,140,200,340,1.4286,110,140,250,1.2727,110,120,230,1.0909,88,50
780,220,570,240,410,650,1.7083,170,280,450,1.6471,160,240,400,1.5,130,180,310,1.3846,110,140,250,1.2727,90,110,200,1.2222,88,50
790,210,570,200,400,600,2.0,160,260,420,1.625,150,220,370,1.4667,130,170,300,1.3077,110,120,230,1.0909,100,120,220,1.2,88,50
780,220,550,190,560,750,2.9474,160,420,580,2.625,150,300,450,2.0,130,210,340,1.6154,110,160,270,1.4545,100,110,210,1.1,87,50
750,230,540,190,470,660,2.4737,170,300,470,1.7647,150,240,390,1.6,130,180,310,1.3846,110,130,240,1.1818,100,110,210,1.1,87,50
790,210,560,180,570,750,3.1667,150,350,500,2.3333,140,280,420,2.0,120,210,330,1.75,100,160,260,1.6,80,130,210,1.625,87,50
780,230,570,250,460,710,1.84,190,300,490,1.5789,170,250,420,1.4706,140,190,330,1.3571,120,140,260,1.1667,100,120,220,1.2,87,50
790,210,580,230,430,660,1.8696,160,280,440,1.75,150,240,390,1.6,130,190,320,1.4615,110,140,250,1.2727,100,110,210,1.1,87,50
780,210,550,180,540,720,3.0,160,250,410,1.5625,140,210,350,1.5,130,160,290,1.2308,100,120,220,1.2,100,100,200,1.0,87,50
780,230,550,190,490,680,2.5789,160,270,430,1.6875,150,230,380,1.5333,120,170,290,1.4167,110,130,240,1.1818,90,110,200,1.2222,87,50
760,230,540,190,550,740,2.8947,160,310,470,1.9375,150,250,400,1.6667,130,190,320,1.4615,100,140,240,1.4,100,120,220,1.2,87,50
750,220,540,180,440,620,2.4444,150,270,420,1.8,140,240,380,1.7143,130,170,300,1.3077,110,130,240,1.1818,100,110,210,1.1,87,50
780,210,570,230,450,680,1.9565,200,310,510,1.55,170,260,430,1.5294,140,190,330,1.3571,120,140,260,1.1667,100,120,220,1.2,87,50
790,210,570,180,390,570,2.1667,150,260,410,1.7333,140,230,370,1.6429,120,180,300,1.5,100,130,230,1.3,90,110,200,1.2222,86,50
770,220,550,180,430,610,2.3889,160,260,420,1.625,150,220,370,1.4667,130,160,290,1.2308,100,120,220,1.2,100,110,210,1.1,86,49
780,220,550,180,560,740,3.1111,150,330,480,2.2,150,260,410,1.7333,120,190,310,1.5833,100,150,250,1.5,90,120,210,1.3333,86,49
770,230,550,190,560,750,2.9474,170,290,460,1.7059,150,250,400,1.6667,130,180,310,1.3846,110,140,250,1.2727,90,120,210,1.3333,86,49
780,220,560,240,440,680,1.8333,180,310,490,1.7222,170,270,440,1.5882,140,200,340,1.4286,120,150,270,1.25,100,120,220,1.2,86,49
750,220,550,200,410,610,2.05,160,290,450,1.8125,150,230,380,1.5333,130,180,310,1.3846,110,140,250,1.2727,90,110,200,1.2222,86,49
790,200,570,160,400,560,2.5,140,270,410,1.9286,130,240,370,1.8462,110,190,300,1.7273,80,150,230,1.875,70,130,200,1.8571,86,49
780,200,570,220,410,630,1.8636,200,280,480,1.4,160,250,410,1.5625,140,180,320,1.2857,120,140,260,1.1667,100,120,220,1.2,86,49
760,230,550,200,420,620,2.1,160,300,460,1.875,160,260,420,1.625,130,200,330,1.5385,110,150,260,1.3636,100,130,230,1.3,86,49
770,210,560,230,510,740,2.2174,200,340,540,1.7,170,270,440,1.5882,140,200,340,1.4286,120,150,270,1.25,100,120,220,1.2,86,49
770,210,530,180,400,580,2.2222,160,250,410,1.5625,150,220,370,1.4667,130,170,300,1.3077,100,130,230,1.3,90,110,200,1.2222,86,49
760,240,530,190,440,630,2.3158,170,280,450,1.6471,150,230,380,1.5333,130,180,310,1.3846,110,120,230,1.0909,100,110,210,1.1,86,49
760,230,520,190,530,720,2.7895,160,380,540,2.375,150,280,430,1.8667,140,180,320,1.2857,110,130,240,1.1818,100,110,210,1.1,86,49
740,240,520,200,530,730,2.65,170,310,480,1.8235,160,250,410,1.5625,140,190,330,1.3571,120,130,250,1.0833,100,110,210,1.1,86,49
770,220,550,240,430,670,1.7917,180,300,480,1.6667,160,250,410,1.5625,140,180,320,1.2857,110,140,250,1.2727,100,120,220,1.2,86,49
770,250,520,190,530,720,2.7895,170,360,530,2.1176,160,280,440,1.75,140,180,320,1.2857,110,130,240,1.1818,100,110,210,1.1,86,49
750,250,520,210,530,740,2.5238,180,310,490,1.7222,170,240,410,1.4118,150,170,320,1.1333,120,120,240,1.0,110,100,210,0.90909,85,49
780,210,550,180,400,580,2.2222,150,270,420,1.8,140,230,370,1.6429,120,170,290,1.4167,100,130,230,1.3,90,110,200,1.2222,86,49
760,230,540,190,490,680,2.5789,160,260,420,1.625,150,220,370,1.4667,130,170,300,1.3077,110,130,240,1.1818,100,100,200,1.0,85,49
780,220,540,180,550,730,3.0556,160,450,610,2.8125,150,340,490,2.2667,120,230,350,1.9167,110,180,290,1.6364,90,160,250,1.7778,85,49
750,240,520,200,530,730,2.65,170,320,490,1.8824,160,260,420,1.625,140,190,330,1.3571,120,140,260,1.1667,100,120,220,1.2,85,49
770,230,600,250,470,720,1.88,180,330,510,1.8333,170,270,440,1.5882,140,200,340,1.4286,120,150,270,1.25,100,130,230,1.3,85,49
780,170,560,190,400,590,2.1053,180,270,450,1.5,160,240,400,1.5,140,180,320,1.2857,110,140,250,1.2727,100,120,220,1.2,85,49
770,220,550,190,390,580,2.0526,160,260,420,1.625,150,220,370,1.4667,130,160,290,1.2308,110,120,230,1.0909,90,100,190,1.1111,85,49
770,220,530,190,540,730,2.8421,160,350,510,2.1875,150,230,380,1.5333,130,170,300,1.3077,100,130,230,1.3,90,110,200,1.2222,85,49
760,240,520,190,530,720,2.7895,170,320,490,1.8824,150,260,410,1.7333,130,200,330,1.5385,110,140,250,1.2727,100,120,220,1.2,85,49
750,240,530,190,500,690,2.6316,170,290,460,1.7059,150,240,390,1.6,140,180,320,1.2857,120,140,260,1.1667,100,120,220,1.2,85,49
780,220,560,240,410,650,1.7083,200,280,480,1.4,170,230,400,1.3529,140,170,310,1.2143,120,120,240,1.0,100,90,190,0.9,85,49
780,220,560,190,420,610,2.2105,160,270,430,1.6875,150,230,380,1.5333,130,180,310,1.3846,110,140,250,1.2727,90,120,210,1.3333,86,49
770,220,540,180,440,620,2.4444,160,270,430,1.6875,150,230,380,1.5333,130,170,300,1.3077,110,130,240,1.1818,90,110,200,1.2222,86,49
770,230,520,200,530,730,2.65,170,310,480,1.8235,160,250,410,1.5625,140,180,320,1.2857,110,140,250,1.2727,100,110,210,1.1,85,49
750,250,520,190,530,720,2.7895,170,310,480,1.8235,160,250,410,1.5625,140,200,340,1.4286,110,140,250,1.2727,110,110,220,1.0,85,49
770,230,560,250,400,650,1.6,180,330,510,1.8333,160,290,450,1.8125,130,210,340,1.6154,110,160,270,1.4545,100,130,230,1.3,85,49
780,210,560,230,420,650,1.8261,180,290,470,1.6111,160,250,410,1.5625,140,190,330,1.3571,110,140,250,1.2727,100,110,210,1.1,86,50
770,220,540,190,390,580,2.0526,170,250,420,1.4706,150,220,370,1.4667,130,170,300,1.3077,110,130,240,1.1818,90,100,190,1.1111,86,50
770,230,550,180,560,740,3.1111,160,430,590,2.6875,150,320,470,2.1333,130,220,350,1.6923,100,170,270,1.7,100,150,250,1.5,86,50
770,220,540,190,550,740,2.8947,160,300,460,1.875,150,250,400,1.6667,130,190,320,1.4615,110,140,250,1.2727,90,110,200,1.2222,85,49
760,230,530,200,540,740,2.7,160,300,460,1.875,160,260,420,1.625,130,180,310,1.3846,120,140,260,1.1667,100,110,210,1.1,85,49
770,230,560,250,430,680,1.72,230,310,540,1.3478,170,260,430,1.5294,140,200,340,1.4286,120,150,270,1.25,100,130,230,1.3,85,49
780,210,570,210,430,640,2.0476,170,280,450,1.6471,150,240,390,1.6,130,180,310,1.3846,100,140,240,1.4,90,120,210,1.3333,86,49
780,210,550,180,560,740,3.1111,150,270,420,1.8,150,230,380,1.5333,120,180,300,1.5,110,130,240,1.1818,90,120,210,1.3333,86,49
770,230,530,190,450,640,2.3684,160,270,430,1.6875,150,220,370,1.4667,130,170,300,1.3077,110,130,240,1.1818,90,110,200,1.2222,85,49
760,240,510,190,520,710,2.7368,170,310,480,1.8235,160,250,410,1.5625,130,190,320,1.4615,110,140,250,1.2727,100,130,230,1.3,85,49
790,250,550,190,480,670,2.5263,160,310,470,1.9375,150,260,410,1.7333,120,200,320,1.6667,100,160,260,1.6,90,130,220,1.4444,85,49
770,200,580,220,480,700,2.1818,220,300,520,1.3636,170,250,420,1.4706,140,190,330,1.3571,120,140,260,1.1667,100,120,220,1.2,86,49
810,190,570,170,310,480,1.8235,140,240,380,1.7143,130,210,340,1.6154,110,170,280,1.5455,90,130,220,1.4444,70,110,180,1.5714,86,49
760,240,530,200,540,740,2.7,170,440,610,2.5882,160,290,450,1.8125,140,200,340,1.4286,110,160,270,1.4545,100,120,220,1.2,85,49
770,230,470,190,480,670,2.5263,160,390,550,2.4375,150,290,440,1.9333,130,200,330,1.5385,100,150,250,1.5,100,120,220,1.2,85,49
760,300,550,220,560,780,2.5455,180,370,550,2.0556,160,290,450,1.8125,140,200,340,1.4286,110,150,260,1.3636,110,120,230,1.0909,85,50
780,210,570,230,450,680,1.9565,200,300,500,1.5,170,250,420,1.4706,150,190,340,1.2667,120,160,280,1.3333,110,130,240,1.1818,86,50
780,210,560,230,390,620,1.6957,200,260,460,1.3,170,240,410,1.4118,140,220,360,1.5714,120,160,280,1.3333,100,130,230,1.3,86,50
780,220,540,190,470,660,2.4737,160,290,450,1.8125,150,240,390,1.6,130,180,310,1.3846,110,130,240,1.1818,100,110,210,1.1,86,50
770,240,530,190,530,720,2.7895,170,290,460,1.7059,160,250,410,1.5625,130,180,310,1.3846,110,130,240,1.1818,100,110,210,1.1,86,50
760,240,530,190,540,730,2.8421,170,370,540,2.1765,150,280,430,1.8667,130,200,330,1.5385,100,150,250,1.5,80,120,200,1.5,86,51
780,230,560,250,450,700,1.8,180,320,500,1.7778,160,280,440,1.75,140,200,340,1.4286,110,160,270,1.4545,100,120,220,1.2,86,51
780,220,570,240,460,700,1.9167,200,370,570,1.85,170,290,460,1.7059,140,200,340,1.4286,120,140,260,1.1667,110,120,230,1.0909,88,52
780,210,550,180,410,590,2.2778,160,280,440,1.75,140,240,380,1.7143,130,170,300,1.3077,100,130,230,1.3,100,110,210,1.1,88,52
770,230,550,190,490,680,2.5789,160,310,470,1.9375,150,250,400,1.6667,130,180,310,1.3846,110,140,250,1.2727,90,110,200,1.2222,88,52
780,230,550,190,490,680,2.5789,170,330,500,1.9412,150,260,410,1.7333,140,190,330,1.3571,100,150,250,1.5,100,110,210,1.1,89,53
780,230,570,250,440,690,1.76,200,300,500,1.5,180,260,440,1.4444,150,190,340,1.2667,130,140,270,1.0769,110,120,230,1.0909,90,53
770,230,540,190,550,740,2.8947,170,360,530,2.1176,160,280,440,1.75,140,200,340,1.4286,110,150,260,1.3636,100,120,220,1.2,92,55
780,230,570,250,450,700,1.8,180,310,490,1.7222,160,270,430,1.6875,140,190,330,1.3571,120,150,270,1.25,110,120,230,1.0909,92,55
800,210,590,230,430,660,1.8696,210,270,480,1.2857,170,220,390,1.2941,140,150,290,1.0714,120,100,220,0.8333299999999999,100,90,190,0.9,93,56
800,210,570,180,450,630,2.5,160,290,450,1.8125,150,230,380,1.5333,130,170,300,1.3077,110,130,240,1.1818,90,110,200,1.2222,93,56
780,230,520,190,520,710,2.7368,170,320,490,1.8824,150,260,410,1.7333,130,180,310,1.3846,110,130,240,1.1818,100,110,210,1.1,93,56
780,230,570,190,500,690,2.6316,160,330,490,2.0625,150,260,410,1.7333,130,190,320,1.4615,110,140,250,1.2727,90,130,220,1.4444,95,57
800,210,580,230,450,680,1.9565,170,290,460,1.7059,160,240,400,1.5,130,170,300,1.3077,120,130,250,1.0833,100,110,210,1.1,95,57
770,220,550,190,520,710,2.7368,170,290,460,1.7059,160,240,400,1.5,130,170,300,1.3077,120,130,250,1.0833,100,100,200,1.0,96,57
780,220,550,180,560,740,3.1111,140,420,560,3.0,130,300,430,2.3077,100,200,300,2.0,80,150,230,1.875,80,120,200,1.5,96,57
760,230,540,190,550,740,2.8947,150,350,500,2.3333,150,260,410,1.7333,130,190,320,1.4615,110,140,250,1.2727,100,120,220,1.2,96,57
790,220,580,240,460,700,1.9167,200,420,620,2.1,180,340,520,1.8889,150,220,370,1.4667,110,170,280,1.5455,100,140,240,1.4,97,58
780,210,570,230,430,660,1.8696,170,290,460,1.7059,160,240,400,1.5,130,180,310,1.3846,110,140,250,1.2727,100,110,210,1.1,97,58
780,210,560,170,450,620,2.6471,150,270,420,1.8,140,230,370,1.6429,130,170,300,1.3077,100,130,230,1.3,90,110,200,1.2222,97,58
780,220,550,190,560,750,2.9474,150,450,600,3.0,150,360,510,2.4,120,240,360,2.0,110,190,300,1.7273,100,130,230,1.3,98,58
760,230,540,190,550,740,2.8947,170,330,500,1.9412,150,250,400,1.6667,130,190,320,1.4615,100,140,240,1.4,90,120,210,1.3333,97,58
780,220,560,180,450,630,2.5,160,320,480,2.0,140,260,400,1.8571,130,200,330,1.5385,100,150,250,1.5,90,130,220,1.4444,97,58
780,220,570,240,460,700,1.9167,240,310,550,1.2917,190,260,450,1.3684,140,200,340,1.4286,110,150,260,1.3636,110,120,230,1.0909,98,58
780,210,570,190,430,620,2.2632,160,280,440,1.75,140,230,370,1.6429,130,170,300,1.3077,100,130,230,1.3,90,110,200,1.2222,98,59
780,210,550,170,560,730,3.2941,150,280,430,1.8667,150,230,380,1.5333,120,180,300,1.5,110,140,250,1.2727,90,110,200,1.2222,98,59
770,230,550,180,520,700,2.8889,160,310,470,1.9375,150,250,400,1.6667,130,180,310,1.3846,100,140,240,1.4,90,120,210,1.3333,98,59
790,220,550,170,560,730,3.2941,160,340,500,2.125,130,280,410,2.1538,130,200,330,1.5385,100,150,250,1.5,90,120,210,1.3333,98,59
770,240,560,260,450,710,1.7308,190,290,480,1.5263,170,250,420,1.4706,150,170,320,1.1333,130,130,260,1.0,110,90,200,0.81818,98,59
800,210,590,230,480,710,2.087,170,310,480,1.8235,150,240,390,1.6,130,200,330,1.5385,110,140,250,1.2727,100,120,220,1.2,99,59
790,210,520,180,420,600,2.3333,160,270,430,1.6875,140,230,370,1.6429,130,170,300,1.3077,100,130,230,1.3,100,110,210,1.1,99,59
790,270,560,190,520,710,2.7368,170,330,500,1.9412,160,250,410,1.5625,130,180,310,1.3846,110,130,240,1.1818,100,110,210,1.1,99,59
780,230,550,190,560,750,2.9474,160,340,500,2.125,160,260,420,1.625,130,180,310,1.3846,110,140,250,1.2727,100,120,220,1.2,99,59
780,230,570,190,470,660,2.4737,170,290,460,1.7059,150,240,390,1.6,140,190,330,1.3571,110,150,260,1.3636,100,120,220,1.2,99,59
780,210,580,230,460,690,2.0,180,320,500,1.7778,160,260,420,1.625,140,200,340,1.4286,120,150,270,1.25,100,130,230,1.3,99,59
810,200,600,180,460,640,2.5556,140,300,440,2.1429,140,260,400,1.8571,110,200,310,1.8182,100,160,260,1.6,80,130,210,1.625,100,59
800,210,580,180,510,690,2.8333,150,310,460,2.0667,140,260,400,1.8571,120,190,310,1.5833,110,140,250,1.2727,90,110,200,1.2222,100,59
780,220,560,190,530,720,2.7895,160,310,470,1.9375,150,250,400,1.6667,130,180,310,1.3846,110,140,250,1.2727,100,110,210,1.1,99,59
750,220,520,190,530,720,2.7895,170,320,490,1.8824,160,250,410,1.5625,130,180,310,1.3846,120,130,250,1.0833,100,110,210,1.1,99,59
790,230,570,250,460,710,1.84,190,330,520,1.7368,170,270,440,1.5882,140,190,330,1.3571,120,140,260,1.1667,110,120,230,1.0909,100,59
790,220,570,200,430,630,2.15,170,290,460,1.7059,150,240,390,1.6,130,180,310,1.3846,110,140,250,1.2727,100,110,210,1.1,100,59
780,220,550,170,400,570,2.3529,160,260,420,1.625,150,220,370,1.4667,130,160,290,1.2308,110,120,230,1.0909,100,90,190,0.9,100,59
800,230,570,180,540,720,3.0,160,330,490,2.0625,150,260,410,1.7333,120,190,310,1.5833,100,140,240,1.4,90,120,210,1.3333,100,59
770,230,520,190,530,720,2.7895,160,300,460,1.875,160,250,410,1.5625,130,180,310,1.3846,110,140,250,1.2727,100,120,220,1.2,99,59
780,250,570,190,500,690,2.6316,170,340,510,2.0,150,280,430,1.8667,130,200,330,1.5385,110,150,260,1.3636,90,130,220,1.4444,100,59
790,210,580,230,460,690,2.0,190,310,500,1.6316,160,270,430,1.6875,140,190,330,1.3571,110,150,260,1.3636,110,120,230,1.0909,100,59
790,210,580,180,380,560,2.1111,150,250,400,1.6667,140,220,360,1.5714,130,170,300,1.3077,90,130,220,1.4444,90,110,200,1.2222,100,59
790,210,560,180,490,670,2.7222,160,300,460,1.875,140,240,380,1.7143,130,180,310,1.3846,110,140,250,1.2727,90,110,200,1.2222,100,59
770,230,540,200,490,690,2.45,160,290,450,1.8125,160,240,400,1.5,130,180,310,1.3846,120,130,250,1.0833,100,110,210,1.1,100,59
770,230,550,180,560,740,3.1111,160,350,510,2.1875,140,290,430,2.0714,120,210,330,1.75,90,150,240,1.6667,80,130,210,1.625,100,59
790,220,590,240,470,710,1.9583,180,330,510,1.8333,160,280,440,1.75,140,200,340,1.4286,110,160,270,1.4545,100,130,230,1.3,100,59
800,200,580,220,460,680,2.0909,180,350,530,1.9444,170,280,450,1.6471,130,200,330,1.5385,110,150,260,1.3636,90,130,220,1.4444,100,59
780,220,560,180,450,630,2.5,160,290,450,1.8125,140,240,380,1.7143,130,170,300,1.3077,110,130,240,1.1818,90,110,200,1.2222,100,59
780,210,570,230,410,640,1.7826,180,290,470,1.6111,170,250,420,1.4706,140,190,330,1.3571,120,140,260,1.1667,100,120,220,1.2,101,59
770,220,510,180,520,700,2.8889,160,380,540,2.375,150,300,450,2.0,130,200,330,1.5385,110,160,270,1.4545,100,120,220,1.2,100,58
790,260,580,230,470,700,2.0435,170,330,500,1.9412,160,270,430,1.6875,140,190,330,1.3571,110,150,260,1.3636,100,120,220,1.2,101,59
790,210,580,230,430,660,1.8696,180,260,440,1.4444,170,230,400,1.3529,140,160,300,1.1429,110,120,230,1.0909,100,90,190,0.9,101,59
800,210,570,170,470,640,2.7647,160,290,450,1.8125,140,240,380,1.7143,130,170,300,1.3077,100,130,230,1.3,90,110,200,1.2222,101,59
790,230,560,180,430,610,2.3889,160,310,470,1.9375,150,250,400,1.6667,130,170,300,1.3077,110,130,240,1.1818,90,110,200,1.2222,101,59
780,230,540,200,550,750,2.75,170,340,510,2.0,160,260,420,1.625,140,190,330,1.3571,120,140,260,1.1667,110,120,230,1.0909,101,58
790,240,570,200,470,670,2.35,170,310,480,1.8235,160,260,420,1.625,140,190,330,1.3571,120,140,260,1.1667,100,120,220,1.2,101,59
790,220,590,240,500,740,2.0833,240,380,620,1.5833,200,300,500,1.5,160,180,340,1.125,130,160,290,1.2308,120,130,250,1.0833,101,59
800,200,570,180,530,710,2.9444,160,300,460,1.875,140,230,370,1.6429,120,180,300,1.5,100,140,240,1.4,90,110,200,1.2222,101,59
780,230,560,190,510,700,2.6842,160,330,490,2.0625,160,270,430,1.6875,130,180,310,1.3846,120,140,260,1.1667,100,110,210,1.1,101,59
760,240,530,210,540,750,2.5714,180,350,530,1.9444,170,270,440,1.5882,140,190,330,1.3571,130,130,260,1.0,110,120,230,1.0909,101,58
780,230,580,250,440,690,1.76,250,330,580,1.32,190,330,520,1.7368,160,240,400,1.5,130,170,300,1.3077,110,140,250,1.2727,101,58
800,200,580,220,420,640,1.9091,160,280,440,1.75,150,240,390,1.6,130,180,310,1.3846,110,140,250,1.2727,80,110,190,1.375,101,58
820,220,570,180,440,620,2.4444,150,280,430,1.8667,150,230,380,1.5333,130,170,300,1.3077,110,130,240,1.1818,90,110,200,1.2222,101,58
760,250,530,210,540,750,2.5714,180,390,570,2.1667,170,280,450,1.6471,140,180,320,1.2857,100,140,240,1.4,80,100,180,1.25,101,58
780,230,540,200,550,750,2.75,170,350,520,2.0588,160,280,440,1.75,140,190,330,1.3571,120,140,260,1.1667,100,120,220,1.2,100,58
780,240,560,260,500,760,1.9231,190,350,540,1.8421,180,290,470,1.6111,150,200,350,1.3333,120,150,270,1.25,110,120,230,1.0909,100,58
780,220,570,240,440,680,1.8333,180,300,480,1.6667,170,250,420,1.4706,140,180,320,1.2857,120,150,270,1.25,110,120,230,1.0909,100,58
790,210,570,180,450,630,2.5,150,280,430,1.8667,150,240,390,1.6,120,180,300,1.5,110,140,250,1.2727,90,110,200,1.2222,101,58
790,220,560,180,570,750,3.1667,160,440,600,2.75,140,330,470,2.3571,130,220,350,1.6923,100,140,240,1.4,100,120,220,1.2,100,58
770,230,550,190,560,750,2.9474,170,320,490,1.8824,160,250,410,1.5625,130,180,310,1.3846,120,130,250,1.0833,100,110,210,1.1,100,58
770,220,550,180,560,740,3.1111,160,330,490,2.0625,150,270,420,1.8,130,200,330,1.5385,110,150,260,1.3636,100,120,220,1.2,100,58
790,220,580,240,450,690,1.875,200,320,520,1.6,170,270,440,1.5882,150,200,350,1.3333,120,150,270,1.25,110,130,240,1.1818,100,58
790,210,570,190,440,630,2.3158,160,300,460,1.875,150,240,390,1.6,130,190,320,1.4615,100,140,240,1.4,100,120,220,1.2,101,58
790,220,570,180,520,700,2.8889,160,280,440,1.75,140,230,370,1.6429,130,170,300,1.3077,100,130,230,1.3,90,110,200,1.2222,101,58
790,220,570,180,500,680,2.7778,160,320,480,2.0,150,260,410,1.7333,120,180,300,1.5,100,140,240,1.4,90,120,210,1.3333,101,58
780,220,560,190,570,760,3.0,160,350,510,2.1875,150,280,430,1.8667,130,200,330,1.5385,110,150,260,1.3636,90,120,210,1.3333,101,58
790,220,570,210,450,660,2.1429,170,320,490,1.8824,160,280,440,1.75,130,200,330,1.5385,110,150,260,1.3636,100,120,220,1.2,100,58
800,220,590,240,450,690,1.875,180,300,480,1.6667,160,250,410,1.5625,140,180,320,1.2857,120,140,260,1.1667,110,110,220,1.0,101,58
800,210,510,180,440,620,2.4444,160,280,440,1.75,150,230,380,1.5333,110,180,290,1.6364,110,140,250,1.2727,90,110,200,1.2222,101,58
790,290,570,190,490,680,2.5789,160,300,460,1.875,150,250,400,1.6667,130,180,310,1.3846,110,140,250,1.2727,100,110,210,1.1,101,58
790,220,560,190,570,760,3.0,160,350,510,2.1875,150,270,420,1.8,130,190,320,1.4615,110,150,260,1.3636,100,120,220,1.2,101,58
780,230,560,190,480,670,2.5263,170,280,450,1.6471,160,240,400,1.5,140,190,330,1.3571,120,140,260,1.1667,100,120,220,1.2,100,58
790,220,580,240,440,680,1.8333,190,300,490,1.5789,170,260,430,1.5294,150,190,340,1.2667,120,140,260,1.1667,110,120,230,1.0909,101,58
800,210,580,190,430,620,2.2632,160,290,450,1.8125,150,240,390,1.6,120,190,310,1.5833,110,140,250,1.2727,90,110,200,1.2222,101,58
790,220,560,190,470,660,2.4737,160,290,450,1.8125,150,240,390,1.6,130,180,310,1.3846,110,130,240,1.1818,100,110,210,1.1,100,57
770,230,550,190,490,680,2.5789,170,310,480,1.8235,150,240,390,1.6,130,180,310,1.3846,110,140,250,1.2727,100,120,220,1.2,100,57
780,220,550,180,560,740,3.1111,150,350,500,2.3333,150,280,430,1.8667,120,210,330,1.75,100,150,250,1.5,90,130,220,1.4444,100,57
780,230,570,210,450,660,2.1429,170,320,490,1.8824,160,270,430,1.6875,130,190,320,1.4615,120,160,280,1.3333,100,130,230,1.3,100,57
790,210,580,230,460,690,2.0,170,310,480,1.8235,150,260,410,1.7333,130,190,320,1.4615,110,150,260,1.3636,90,120,210,1.3333,101,57
800,210,570,180,480,660,2.6667,150,280,430,1.8667,140,240,380,1.7143,130,170,300,1.3077,100,120,220,1.2,100,100,200,1.0,101,57
770,230,550,190,560,750,2.9474,170,400,570,2.3529,160,330,490,2.0625,140,210,350,1.5,120,150,270,1.25,100,120,220,1.2,100,57
770,220,540,190,450,640,2.3684,160,290,450,1.8125,150,240,390,1.6,130,190,320,1.4615,110,140,250,1.2727,100,110,210,1.1,100,57
780,230,570,180,480,660,2.6667,160,300,460,1.875,150,250,400,1.6667,120,190,310,1.5833,110,140,250,1.2727,90,120,210,1.3333,100,57
790,210,590,230,440,670,1.913,180,310,490,1.7222,160,260,420,1.625,140,200,340,1.4286,110,150,260,1.3636,100,120,220,1.2,100,57
780,220,550,200,490,690,2.45,170,290,460,1.7059,160,240,400,1.5,140,170,310,1.2143,120,130,250,1.0833,100,100,200,1.0,100,57
770,230,540,190,490,680,2.5789,170,310,480,1.8235,150,250,400,1.6667,140,180,320,1.2857,110,140,250,1.2727,110,110,220,1.0,100,56
770,230,540,200,550,750,2.75,150,370,520,2.4667,150,290,440,1.9333,130,200,330,1.5385,110,140,250,1.2727,90,120,210,1.3333,100,56
770,230,560,230,440,670,1.913,170,310,480,1.8235,170,260,430,1.5294,140,200,340,1.4286,120,150,270,1.25,110,130,240,1.1818,100,56
790,210,580,230,470,700,2.0435,180,370,550,2.0556,170,300,470,1.7647,140,210,350,1.5,110,160,270,1.4545,90,130,220,1.4444,100,57
780,210,560,180,430,610,2.3889,160,280,440,1.75,150,230,380,1.5333,130,170,300,1.3077,110,130,240,1.1818,90,110,200,1.2222,100,57
780,220,550,190,450,640,2.3684,160,300,460,1.875,150,250,400,1.6667,130,190,320,1.4615,110,140,250,1.2727,100,120,220,1.2,99,56
770,230,550,190,480,670,2.5263,170,300,470,1.7647,160,250,410,1.5625,140,190,330,1.3571,120,140,260,1.1667,100,120,220,1.2,99,56
780,220,570,240,430,670,1.7917,190,310,500,1.6316,160,260,420,1.625,140,190,330,1.3571,110,150,260,1.3636,110,120,230,1.0909,100,57
780,210,560,210,430,640,2.0476,170,290,460,1.7059,160,250,410,1.5625,130,190,320,1.4615,110,140,250,1.2727,90,120,210,1.3333,100,57
780,220,560,180,480,660,2.6667,150,310,460,2.0667,150,250,400,1.6667,120,190,310,1.5833,110,140,250,1.2727,90,110,200,1.2222,100,57
770,220,540,190,550,740,2.8947,160,290,450,1.8125,150,250,400,1.6667,130,180,310,1.3846,110,140,250,1.2727,90,120,210,1.3333,100,57
780,230,550,190,560,750,2.9474,160,350,510,2.1875,150,280,430,1.8667,130,200,330,1.5385,90,150,240,1.6667,90,120,210,1.3333,100,57
740,230,550,200,560,760,2.8,180,310,490,1.7222,160,240,400,1.5,140,180,320,1.2857,120,130,250,1.0833,110,100,210,0.90909,100,57
810,190,590,210,430,640,2.0476,210,270,480,1.2857,210,230,440,1.0952,140,170,310,1.2143,110,130,240,1.1818,100,120,220,1.2,100,57
780,220,560,170,460,630,2.7059,150,270,420,1.8,150,230,380,1.5333,120,180,300,1.5,110,140,250,1.2727,90,110,200,1.2222,101,57
780,220,560,180,480,660,2.6667,160,300,460,1.875,150,250,400,1.6667,130,180,310,1.3846,110,140,250,1.2727,90,110,200,1.2222,101,57
770,220,540,200,550,750,2.75,170,390,560,2.2941,160,290,450,1.8125,140,200,340,1.4286,120,150,270,1.25,110,120,230,1.0909,100,57
750,230,530,200,450,650,2.25,160,300,460,1.875,160,260,420,1.625,130,180,310,1.3846,120,140,260,1.1667,100,110,210,1.1,100,57
780,220,560,240,390,630,1.625,180,340,520,1.8889,160,300,460,1.875,140,210,350,1.5,110,160,270,1.4545,100,130,230,1.3,101,57
770,220,570,200,470,670,2.35,170,230,400,1.3529,150,210,360,1.4,130,170,300,1.3077,110,140,250,1.2727,90,110,200,1.2222,101,57
840,200,550,180,420,600,2.3333,150,270,420,1.8,140,220,360,1.5714,120,170,290,1.4167,100,120,220,1.2,90,110,200,1.2222,101,57
770,230,540,190,550,740,2.8947,170,340,510,2.0,150,270,420,1.8,130,200,330,1.5385,110,150,260,1.3636,90,140,230,1.5556,100,56
760,230,550,200,410,610,2.05,170,290,460,1.7059,160,250,410,1.5625,140,180,320,1.2857,120,140,260,1.1667,100,110,210,1.1,100,56
760,210,550,230,430,660,1.8696,180,290,470,1.6111,170,240,410,1.4118,140,190,330,1.3571,120,140,260,1.1667,100,120,220,1.2,100,56
780,210,570,180,440,620,2.4444,150,280,430,1.8667,140,240,380,1.7143,120,180,300,1.5,100,140,240,1.4,90,120,210,1.3333,100,57
780,210,560,180,570,750,3.1667,160,370,530,2.3125,150,260,410,1.7333,120,180,300,1.5,110,150,260,1.3636,90,110,200,1.2222,100,56
760,220,550,190,480,670,2.5263,160,310,470,1.9375,150,250,400,1.6667,120,190,310,1.5833,110,140,250,1.2727,100,120,220,1.2,99,56
770,210,550,180,490,670,2.7222,160,280,440,1.75,140,240,380,1.7143,130,180,310,1.3846,100,140,240,1.4,100,120,220,1.2,99,56
790,220,570,240,440,680,1.8333,180,290,470,1.6111,160,250,410,1.5625,140,190,330,1.3571,110,140,250,1.2727,100,110,210,1.1,99,56
780,220,560,200,420,620,2.1,170,280,450,1.6471,160,240,400,1.5,140,170,310,1.2143,120,130,250,1.0833,100,110,210,1.1,100,57
780,220,510,190,450,640,2.3684,160,290,450,1.8125,160,240,400,1.5,130,180,310,1.3846,120,130,250,1.0833,100,100,200,1.0,100,57
790,270,540,200,550,750,2.75,170,340,510,2.0,150,290,440,1.9333,140,200,340,1.4286,110,150,260,1.3636,100,120,220,1.2,100,57
770,250,540,200,550,750,2.75,170,330,500,1.9412,170,260,430,1.5294,140,180,320,1.2857,120,130,250,1.0833,100,110,210,1.1,100,56
770,230,560,190,420,610,2.2105,170,280,450,1.6471,150,240,390,1.6,140,200,340,1.4286,110,150,260,1.3636,100,120,220,1.2,100,56
800,210,590,230,460,690,2.0,180,330,510,1.8333,160,270,430,1.6875,130,210,340,1.6154,110,150,260,1.3636,90,130,220,1.4444,100,57
810,210,590,180,460,640,2.5556,150,300,450,2.0,150,260,410,1.7333,120,190,310,1.5833,100,150,250,1.5,90,130,220,1.4444,100,57
790,220,570,190,500,690,2.6316,160,320,480,2.0,150,260,410,1.7333,120,180,300,1.5,110,150,260,1.3636,90,120,210,1.3333,100,57
790,220,560,190,560,750,2.9474,160,330,490,2.0625,150,270,420,1.8,130,190,320,1.4615,110,150,260,1.3636,100,120,220,1.2,100,57
770,230,550,190,470,660,2.4737,170,320,490,1.8824,160,260,420,1.625,140,190,330,1.3571,120,140,260,1.1667,100,120,220,1.2,100,57
800,220,580,240,450,690,1.875,190,310,500,1.6316,170,270,440,1.5882,140,200,340,1.4286,110,150,260,1.3636,110,120,230,1.0909,100,57
790,220,570,200,430,630,2.15,170,290,460,1.7059,150,240,390,1.6,140,180,320,1.2857,110,140,250,1.2727,110,110,220,1.0,101,57
790,220,560,180,510,690,2.8333,160,320,480,2.0,140,250,390,1.7857,130,190,320,1.4615,110,140,250,1.2727,100,120,220,1.2,101,57
770,230,540,180,480,660,2.6667,160,310,470,1.9375,150,250,400,1.6667,130,190,320,1.4615,110,150,260,1.3636,90,120,210,1.3333,100,56
760,230,540,190,550,740,2.8947,170,340,510,2.0,150,270,420,1.8,120,190,310,1.5833,110,130,240,1.1818,90,110,200,1.2222,100,56
790,220,580,190,460,650,2.4211,160,330,490,2.0625,150,280,430,1.8667,130,200,330,1.5385,100,160,260,1.6,100,130,230,1.3,100,56
800,210,590,230,450,680,1.9565,170,320,490,1.8824,170,260,430,1.5294,130,190,320,1.4615,120,150,270,1.25,100,130,230,1.3,100,56
800,210,580,180,460,640,2.5556,160,330,490,2.0625,150,260,410,1.7333,120,190,310,1.5833,110,140,250,1.2727,90,120,210,1.3333,101,57
740,220,560,190,500,690,2.6316,170,330,500,1.9412,160,270,430,1.6875,130,190,320,1.4615,110,140,250,1.2727,90,120,210,1.3333,100,56
780,230,560,190,570,760,3.0,160,360,520,2.25,140,300,440,2.1429,130,210,340,1.6154,110,160,270,1.4545,100,120,220,1.2,100,56
800,220,580,240,450,690,1.875,190,320,510,1.6842,170,270,440,1.5882,140,200,340,1.4286,120,150,270,1.25,110,120,230,1.0909,100,56
790,220,570,240,410,650,1.7083,180,320,500,1.7778,160,260,420,1.625,140,180,320,1.2857,120,140,260,1.1667,110,110,220,1.0,100,56
790,220,560,190,470,660,2.4737,160,310,470,1.9375,140,270,410,1.9286,130,190,320,1.4615,110,140,250,1.2727,100,110,210,1.1,100,56
790,230,560,190,490,680,2.5789,170,320,490,1.8824,160,270,430,1.6875,140,200,340,1.4286,110,140,250,1.2727,100,120,220,1.2,100,56
780,230,550,200,560,760,2.8,170,410,580,2.4118,170,330,500,1.9412,140,220,360,1.5714,120,170,290,1.4167,100,140,240,1.4,100,56
780,230,570,220,450,670,2.0455,180,330,510,1.8333,160,270,430,1.6875,150,200,350,1.3333,120,150,270,1.25,110,130,240,1.1818,100,56
800,210,580,230,470,700,2.0435,170,330,500,1.9412,150,270,420,1.8,130,200,330,1.5385,120,150,270,1.25,100,140,240,1.4,100,56
800,220,560,190,440,630,2.3158,170,290,460,1.7059,160,250,410,1.5625,130,170,300,1.3077,120,130,250,1.0833,100,110,210,1.1,100,56
780,240,550,210,460,670,2.1905,180,310,490,1.7222,170,250,420,1.4706,150,180,330,1.2,130,130,260,1.0,100,110,210,1.1,99,56
780,230,530,190,540,730,2.8421,170,430,600,2.5294,160,350,510,2.1875,140,230,370,1.6429,110,150,260,1.3636,110,120,230,1.0909,99,56
770,250,550,200,510,710,2.55,170,330,500,1.9412,170,270,440,1.5882,140,190,330,1.3571,120,140,260,1.1667,110,120,230,1.0909,99,56
790,220,570,240,450,690,1.875,190,330,520,1.7368,170,280,450,1.6471,140,200,340,1.4286,120,150,270,1.25,100,120,220,1.2,100,56
800,220,570,200,440,640,2.2,170,300,470,1.7647,160,250,410,1.5625,140,190,330,1.3571,110,140,250,1.2727,110,120,230,1.0909,99,56
780,230,560,190,470,660,2.4737,170,330,500,1.9412,160,260,420,1.625,130,190,320,1.4615,110,140,250,1.2727,100,130,230,1.3,99,56
790,220,570,190,560,750,2.9474,150,330,480,2.2,150,270,420,1.8,130,200,330,1.5385,110,150,260,1.3636,90,130,220,1.4444,99,56
790,220,560,180,570,750,3.1667,160,350,510,2.1875,150,280,430,1.8667,130,200,330,1.5385,110,160,270,1.4545,90,130,220,1.4444,99,56
790,230,570,250,450,700,1.8,180,320,500,1.7778,170,270,440,1.5882,150,200,350,1.3333,130,150,280,1.1538,110,120,230,1.0909,99,56
790,220,580,240,420,660,1.75,190,290,480,1.5263,170,230,400,1.3529,150,160,310,1.0667,120,100,220,0.8333299999999999,110,80,190,0.72727,99,56
790,210,570,180,450,630,2.5,150,310,460,2.0667,150,260,410,1.7333,130,190,320,1.4615,110,140,250,1.2727,100,110,210,1.1,100,56
800,220,510,180,470,650,2.6111,160,320,480,2.0,140,270,410,1.9286,130,200,330,1.5385,110,150,260,1.3636,100,120,220,1.2,100,56
770,290,540,220,550,770,2.5,180,400,580,2.2222,170,310,480,1.8235,140,200,340,1.4286,130,150,280,1.1538,110,120,230,1.0909,99,56
780,230,550,190,470,660,2.4737,170,320,490,1.8824,160,270,430,1.6875,130,190,320,1.4615,110,150,260,1.3636,100,120,220,1.2,99,56
780,230,570,250,420,670,1.68,200,280,480,1.4,170,240,410,1.4118,150,210,360,1.4,130,150,280,1.1538,110,130,240,1.1818,100,56
800,210,580,180,450,630,2.5,150,320,470,2.1333,150,270,420,1.8,120,190,310,1.5833,100,150,250,1.5,90,120,210,1.3333,100,56
790,220,560,180,470,650,2.6111,160,320,480,2.0,150,270,420,1.8,130,190,320,1.4615,110,150,260,1.3636,90,120,210,1.3333,100,56
780,230,550,180,560,740,3.1111,160,370,530,2.3125,140,290,430,2.0714,130,200,330,1.5385,110,150,260,1.3636,100,120,220,1.2,100,56
770,230,540,200,550,750,2.75,170,340,510,2.0,160,280,440,1.75,140,190,330,1.3571,120,140,260,1.1667,110,120,230,1.0909,99,56
770,230,560,250,420,670,1.68,210,380,590,1.8095,180,320,500,1.7778,150,210,360,1.4,130,160,290,1.2308,120,140,260,1.1667,99,56
790,210,570,230,450,680,1.9565,170,320,490,1.8824,160,260,420,1.625,140,190,330,1.3571,110,140,250,1.2727,100,120,220,1.2,99,56
780,220,560,180,450,630,2.5,160,290,450,1.8125,150,250,400,1.6667,130,170,300,1.3077,110,130,240,1.1818,80,110,190,1.375,100,56
770,220,550,190,560,750,2.9474,170,360,530,2.1176,150,280,430,1.8667,140,200,340,1.4286,110,150,260,1.3636,100,120,220,1.2,99,55
770,220,550,190,500,690,2.6316,170,320,490,1.8824,150,270,420,1.8,130,200,330,1.5385,110,150,260,1.3636,100,120,220,1.2,99,55
780,220,570,240,450,690,1.875,240,310,550,1.2917,180,260,440,1.4444,150,190,340,1.2667,120,140,260,1.1667,110,120,230,1.0909,99,55
790,210,560,180,440,620,2.4444,160,290,450,1.8125,150,240,390,1.6,130,180,310,1.3846,100,140,240,1.4,100,120,220,1.2,99,56
770,230,550,200,540,740,2.7,170,320,490,1.8824,160,240,400,1.5,140,170,310,1.2143,120,130,250,1.0833,110,100,210,0.90909,99,56
770,220,540,190,490,680,2.5789,170,300,470,1.7647,150,250,400,1.6667,140,180,320,1.2857,110,130,240,1.1818,100,110,210,1.1,98,55
760,230,540,190,550,740,2.8947,160,340,500,2.125,150,270,420,1.8,130,200,330,1.5385,110,150,260,1.3636,100,120,220,1.2,98,55
780,220,570,240,430,670,1.7917,180,310,490,1.7222,160,260,420,1.625,140,190,330,1.3571,110,150,260,1.3636,100,110,210,1.1,98,55
790,210,570,230,440,670,1.913,170,290,460,1.7059,160,250,410,1.5625,140,190,330,1.3571,120,130,250,1.0833,100,110,210,1.1,99,55
770,220,520,190,440,630,2.3158,160,290,450,1.8125,160,240,400,1.5,130,180,310,1.3846,120,130,250,1.0833,100,100,200,1.0,99,55
790,220,590,210,470,680,2.2381,170,310,480,1.8235,150,270,420,1.8,130,190,320,1.4615,110,150,260,1.3636,100,130,230,1.3,97,55
800,200,590,180,390,570,2.1667,150,270,420,1.8,140,240,380,1.7143,120,190,310,1.5833,100,150,250,1.5,90,120,210,1.3333,98,55
790,210,580,180,440,620,2.4444,150,280,430,1.8667,140,240,380,1.7143,130,170,300,1.3077,100,130,230,1.3,90,120,210,1.3333,98,55
760,210,540,180,410,590,2.2778,160,270,430,1.6875,150,230,380,1.5333,130,170,300,1.3077,110,130,240,1.1818,90,100,190,1.1111,97,55
770,220,560,190,530,720,2.7895,170,330,500,1.9412,150,260,410,1.7333,130,190,320,1.4615,120,140,260,1.1667,100,120,220,1.2,97,55
780,210,570,180,470,650,2.6111,160,320,480,2.0,140,260,400,1.8571,130,200,330,1.5385,100,150,250,1.5,100,120,220,1.2,98,55
780,210,570,230,430,660,1.8696,170,290,460,1.7059,160,240,400,1.5,130,180,310,1.3846,110,140,250,1.2727,100,120,220,1.2,98,55
780,210,570,180,440,620,2.4444,150,290,440,1.9333,130,240,370,1.8462,120,170,290,1.4167,100,130,230,1.3,90,120,210,1.3333,98,55
780,210,570,170,480,650,2.8235,150,300,450,2.0,140,250,390,1.7857,120,180,300,1.5,100,140,240,1.4,80,120,200,1.5,97,55
810,210,560,180,450,630,2.5,150,290,440,1.9333,140,240,380,1.7143,120,180,300,1.5,90,140,230,1.5556,90,120,210,1.3333,97,55
750,250,510,210,470,680,2.2381,190,300,490,1.5789,180,240,420,1.3333,150,170,320,1.1333,140,120,260,0.85714,120,100,220,0.8333299999999999,97,55
770,240,560,210,440,650,2.0952,180,310,490,1.7222,170,250,420,1.4706,140,180,320,1.2857,120,140,260,1.1667,100,120,220,1.2,97,55
780,210,580,230,470,700,2.0435,160,340,500,2.125,150,270,420,1.8,130,190,320,1.4615,110,150,260,1.3636,90,120,210,1.3333,98,55
800,200,570,180,450,630,2.5,150,290,440,1.9333,140,250,390,1.7857,120,180,300,1.5,100,150,250,1.5,90,120,210,1.3333,97,55
760,230,540,180,550,730,3.0556,170,290,460,1.7059,160,240,400,1.5,130,170,300,1.3077,120,130,250,1.0833,100,100,200,1.0,97,55
780,220,560,180,570,750,3.1667,150,390,540,2.6,140,290,430,2.0714,130,170,300,1.3077,100,130,230,1.3,90,110,200,1.2222,97,55
770,220,560,190,450,640,2.3684,160,300,460,1.875,140,250,390,1.7857,130,190,320,1.4615,110,160,270,1.4545,100,120,220,1.2,97,55
800,210,580,230,460,690,2.0,160,310,470,1.9375,160,260,420,1.625,130,190,320,1.4615,110,150,260,1.3636,90,130,220,1.4444,97,55
800,220,580,240,430,670,1.7917,170,280,450,1.6471,160,240,400,1.5,140,180,320,1.2857,120,140,260,1.1667,110,120,230,1.0909,97,55
780,220,570,180,460,640,2.5556,160,290,450,1.8125,150,240,390,1.6,130,180,310,1.3846,110,140,250,1.2727,90,110,200,1.2222,97,55
790,210,560,180,530,710,2.9444,150,300,450,2.0,140,250,390,1.7857,130,190,320,1.4615,100,140,240,1.4,90,120,210,1.3333,97,55
770,230,560,190,510,700,2.6842,170,310,480,1.8235,160,250,410,1.5625,130,190,320,1.4615,120,140,260,1.1667,90,120,210,1.3333,97,54
790,210,580,200,440,640,2.2,170,310,480,1.8235,150,260,410,1.7333,130,200,330,1.5385,100,150,250,1.5,100,120,220,1.2,97,54
800,210,580,230,390,620,1.6957,170,260,430,1.5294,160,220,380,1.375,130,160,290,1.2308,110,120,230,1.0909,90,100,190,1.1111,97,55
790,220,550,190,450,640,2.3684,170,280,450,1.6471,150,240,390,1.6,130,170,300,1.3077,110,130,240,1.1818,100,100,200,1.0,97,55
770,220,560,230,430,660,1.8696,170,300,470,1.7647,160,260,420,1.625,130,190,320,1.4615,110,150,260,1.3636,90,130,220,1.4444,97,55
770,210,560,190,410,600,2.1579,170,270,440,1.5882,150,240,390,1.6,130,170,300,1.3077,120,130,250,1.0833,100,110,210,1.1,96,54
780,210,560,230,400,630,1.7391,180,290,470,1.6111,160,250,410,1.5625,140,190,330,1.3571,120,140,260,1.1667,100,120,220,1.2,97,55
770,220,560,180,460,640,2.5556,160,310,470,1.9375,150,250,400,1.6667,130,180,310,1.3846,110,140,250,1.2727,100,120,220,1.2,97,55
810,210,560,180,450,630,2.5,160,290,450,1.8125,150,240,390,1.6,130,170,300,1.3077,110,130,240,1.1818,90,110,200,1.2222,97,55
740,250,510,220,520,740,2.3636,190,340,530,1.7895,180,250,430,1.3889,160,160,320,1.0,140,120,260,0.85714,130,90,220,0.69231,97,55
770,230,540,190,500,690,2.6316,170,300,470,1.7647,160,250,410,1.5625,140,180,320,1.2857,120,140,260,1.1667,110,110,220,1.0,97,55
760,230,560,250,520,770,2.08,190,350,540,1.8421,170,290,460,1.7059,150,200,350,1.3333,130,150,280,1.1538,110,120,230,1.0909,97,55
790,200,580,210,450,660,2.1429,160,290,450,1.8125,150,250,400,1.6667,130,180,310,1.3846,110,140,250,1.2727,90,120,210,1.3333,97,55
780,210,570,180,440,620,2.4444,160,270,430,1.6875,140,220,360,1.5714,130,170,300,1.3077,110,130,240,1.1818,100,100,200,1.0,98,55
790,210,570,180,550,730,3.0556,150,380,530,2.5333,140,300,440,2.1429,130,180,310,1.3846,100,140,240,1.4,100,120,220,1.2,98,55
780,220,550,190,510,700,2.6842,170,310,480,1.8235,150,250,400,1.6667,130,180,310,1.3846,110,140,250,1.2727,100,120,220,1.2,97,55
760,230,560,190,480,670,2.5263,170,310,480,1.8235,150,250,400,1.6667,130,190,320,1.4615,110,140,250,1.2727,100,120,220,1.2,97,55
790,200,590,220,470,690,2.1364,170,320,490,1.8824,150,270,420,1.8,130,200,330,1.5385,110,150,260,1.3636,100,130,230,1.3,98,55
800,200,590,180,450,630,2.5,150,290,440,1.9333,140,240,380,1.7143,120,190,310,1.5833,100,140,240,1.4,90,120,210,1.3333,98,56
790,210,580,180,520,700,2.8889,160,290,450,1.8125,140,240,380,1.7143,130,180,310,1.3846,110,140,250,1.2727,90,120,210,1.3333,98,56
780,210,560,180,460,640,2.5556,160,290,450,1.8125,150,240,390,1.6,130,180,310,1.3846,110,130,240,1.1818,90,110,200,1.2222,98,55
770,220,540,190,510,700,2.6842,160,310,470,1.9375,150,250,400,1.6667,140,190,330,1.3571,110,140,250,1.2727,110,110,220,1.0,98,55
770,230,570,210,430,640,2.0476,170,300,470,1.7647,160,250,410,1.5625,140,180,320,1.2857,120,140,260,1.1667,100,120,220,1.2,98,55
790,200,580,210,450,660,2.1429,170,290,460,1.7059,150,250,400,1.6667,130,180,310,1.3846,110,140,250,1.2727,90,120,210,1.3333,98,56
790,210,570,180,450,630,2.5,160,270,430,1.6875,140,230,370,1.6429,120,170,290,1.4167,110,130,240,1.1818,90,100,190,1.1111,98,56
780,220,560,190,480,670,2.5263,160,310,470,1.9375,150,250,400,1.6667,130,180,310,1.3846,110,140,250,1.2727,100,110,210,1.1,98,56
780,220,560,180,500,680,2.7778,160,330,490,2.0625,150,270,420,1.8,130,200,330,1.5385,110,150,260,1.3636,90,120,210,1.3333,97,55
780,220,570,240,440,680,1.8333,170,290,460,1.7059,160,250,410,1.5625,140,180,320,1.2857,120,140,260,1.1667,100,120,220,1.2,98,55
780,210,570,190,440,630,2.3158,160,280,440,1.75,150,230,380,1.5333,130,170,300,1.3077,110,130,240,1.1818,100,110,210,1.1,98,55
790,210,570,170,540,710,3.1765,160,320,480,2.0,140,260,400,1.8571,120,180,300,1.5,110,140,250,1.2727,90,110,200,1.2222,98,55
770,220,550,190,470,660,2.4737,160,290,450,1.8125,150,240,390,1.6,130,180,310,1.3846,110,130,240,1.1818,100,110,210,1.1,97,55
780,220,550,190,500,690,2.6316,160,310,470,1.9375,150,260,410,1.7333,130,180,310,1.3846,110,140,250,1.2727,100,120,220,1.2,97,55
770,230,560,190,440,630,2.3158,170,310,480,1.8235,160,260,420,1.625,140,190,330,1.3571,110,140,250,1.2727,100,120,220,1.2,97,55
790,210,590,200,450,650,2.25,160,300,460,1.875,150,250,400,1.6667,120,190,310,1.5833,110,150,260,1.3636,90,120,210,1.3333,97,55
800,200,580,170,480,650,2.8235,130,290,420,2.2308,130,240,370,1.8462,120,180,300,1.5,100,140,240,1.4,80,120,200,1.5,97,55
770,220,560,180,450,630,2.5,160,290,450,1.8125,150,240,390,1.6,140,170,310,1.2143,110,130,240,1.1818,100,110,210,1.1,97,55
780,210,550,190,490,680,2.5789,150,300,450,2.0,150,240,390,1.6,130,190,320,1.4615,110,140,250,1.2727,100,110,210,1.1,97,55
760,230,560,190,450,640,2.3684,170,290,460,1.7059,150,240,390,1.6,130,180,310,1.3846,100,130,230,1.3,90,110,200,1.2222,97,55
790,200,580,220,450,670,2.0455,170,310,480,1.8235,150,260,410,1.7333,130,200,330,1.5385,100,150,250,1.5,90,130,220,1.4444,97,55
780,210,580,170,420,590,2.4706,150,270,420,1.8,140,230,370,1.6429,120,180,300,1.5,100,140,240,1.4,80,110,190,1.375,98,55
800,200,590,170,470,640,2.7647,140,290,430,2.0714,140,240,380,1.7143,120,180,300,1.5,100,140,240,1.4,90,120,210,1.3333,97,55
790,210,570,180,480,660,2.6667,150,300,450,2.0,140,250,390,1.7857,130,180,310,1.3846,100,140,240,1.4,100,130,230,1.3,97,55
790,220,560,190,570,760,3.0,160,330,490,2.0625,150,280,430,1.8667,130,200,330,1.5385,110,150,260,1.3636,100,130,230,1.3,97,55
780,230,540,200,470,670,2.35,170,320,490,1.8824,160,270,430,1.6875,140,200,340,1.4286,120,140,260,1.1667,110,120,230,1.0909,97,55
770,220,570,240,450,690,1.875,190,320,510,1.6842,170,260,430,1.5294,140,190,330,1.3571,120,140,260,1.1667,110,120,230,1.0909,98,55
800,200,580,220,440,660,2.0,190,270,460,1.4211,170,230,400,1.3529,130,170,300,1.3077,110,120,230,1.0909,90,90,180,1.0,97,55
770,220,560,180,470,650,2.6111,160,310,470,1.9375,150,250,400,1.6667,130,180,310,1.3846,110,130,240,1.1818,90,110,200,1.2222,97,55
790,210,480,180,490,670,2.7222,150,330,480,2.2,140,260,400,1.8571,120,190,310,1.5833,100,150,250,1.5,90,120,210,1.3333,97,55
770,310,530,210,540,750,2.5714,170,360,530,2.1176,170,280,450,1.6471,140,190,330,1.3571,130,140,270,1.0769,110,110,220,1.0,97,55
760,240,550,220,440,660,2.0,180,330,510,1.8333,170,270,440,1.5882,140,190,330,1.3571,130,140,270,1.0769,110,120,230,1.0909,97,55
780,210,570,230,420,650,1.8261,200,270,470,1.35,180,240,420,1.3333,140,200,340,1.4286,120,150,270,1.25,100,120,220,1.2,97,55
780,210,560,180,430,610,2.3889,160,290,450,1.8125,150,240,390,1.6,120,180,300,1.5,110,140,250,1.2727,90,110,200,1.2222,97,55
790,220,560,180,480,660,2.6667,160,320,480,2.0,150,260,410,1.7333,130,190,320,1.4615,110,140,250,1.2727,100,110,210,1.1,97,55
760,230,430,190,440,630,2.3158,160,440,600,2.75,150,320,470,2.1333,120,200,320,1.6667,100,150,250,1.5,90,120,210,1.3333,96,55
760,330,570,210,540,750,2.5714,180,450,630,2.5,170,400,570,2.3529,140,280,420,2.0,130,200,330,1.5385,110,170,280,1.5455,96,55
800,190,580,210,450,660,2.1429,210,350,560,1.6667,210,280,490,1.3333,150,200,350,1.3333,120,150,270,1.25,100,130,230,1.3,97,55
780,220,570,180,440,620,2.4444,170,280,450,1.6471,150,240,390,1.6,130,170,300,1.3077,110,130,240,1.1818,90,110,200,1.2222,97,55
780,230,600,230,460,690,2.0,180,330,510,1.8333,170,270,440,1.5882,150,190,340,1.2667,120,140,260,1.1667,100,120,220,1.2,96,55
800,180,590,200,440,640,2.2,180,300,480,1.6667,160,240,400,1.5,140,180,320,1.2857,110,140,250,1.2727,100,120,220,1.2,96,55
800,210,590,180,460,640,2.5556,160,280,440,1.75,140,240,380,1.7143,130,170,300,1.3077,100,130,230,1.3,100,110,210,1.1,97,55
800,210,570,180,520,700,2.8889,150,390,540,2.6,130,290,420,2.2308,120,200,320,1.6667,100,150,250,1.5,100,120,220,1.2,96,55
790,230,560,190,570,760,3.0,170,360,530,2.1176,150,290,440,1.9333,140,200,340,1.4286,110,160,270,1.4545,90,120,210,1.3333,96,55
770,230,560,190,570,760,3.0,170,380,550,2.2353,160,290,450,1.8125,130,200,330,1.5385,110,150,260,1.3636,100,130,230,1.3,96,55
810,210,600,230,470,700,2.0435,190,330,520,1.7368,170,280,450,1.6471,140,200,340,1.4286,120,160,280,1.3333,100,130,230,1.3,96,55
800,210,580,190,460,650,2.4211,150,310,460,2.0667,150,250,400,1.6667,120,180,300,1.5,110,140,250,1.2727,90,110,200,1.2222,97,55
790,220,570,180,570,750,3.1667,150,350,500,2.3333,150,270,420,1.8,110,190,300,1.7273,110,140,250,1.2727,90,120,210,1.3333,97,55
780,220,560,180,560,740,3.1111,160,340,500,2.125,150,270,420,1.8,130,190,320,1.4615,110,140,250,1.2727,90,120,210,1.3333,96,55
790,220,570,180,550,730,3.0556,160,340,500,2.125,150,270,420,1.8,130,190,320,1.4615,110,150,260,1.3636,90,120,210,1.3333,96,55
780,220,580,240,450,690,1.875,190,310,500,1.6316,170,260,430,1.5294,150,190,340,1.2667,120,140,260,1.1667,110,110,220,1.0,97,55
780,240,550,190,560,750,2.9474,170,350,520,2.0588,150,280,430,1.8667,140,190,330,1.3571,110,140,250,1.2727,100,120,220,1.2,96,54
770,230,570,190,420,610,2.2105,160,260,420,1.625,160,250,410,1.5625,130,190,320,1.4615,120,140,260,1.1667,100,120,220,1.2,96,54
790,200,580,220,450,670,2.0455,170,310,480,1.8235,160,260,420,1.625,130,190,320,1.4615,110,150,260,1.3636,90,120,210,1.3333,97,55
800,210,580,230,470,700,2.0435,170,360,530,2.1176,160,300,460,1.875,130,210,340,1.6154,120,150,270,1.25,100,120,220,1.2,97,55
780,220,550,190,560,750,2.9474,170,360,530,2.1176,150,260,410,1.7333,140,190,330,1.3571,110,140,250,1.2727,100,120,220,1.2,96,55
770,230,550,200,440,640,2.2,170,340,510,2.0,150,270,420,1.8,140,190,330,1.3571,120,140,260,1.1667,110,120,230,1.0909,96,55
780,220,570,240,440,680,1.8333,170,330,500,1.9412,160,270,430,1.6875,130,200,330,1.5385,110,150,260,1.3636,100,130,230,1.3,97,55
790,210,580,230,470,700,2.0435,170,320,490,1.8824,150,270,420,1.8,130,190,320,1.4615,110,150,260,1.3636,100,120,220,1.2,97,55
790,210,570,180,470,650,2.6111,150,290,440,1.9333,140,240,380,1.7143,130,170,300,1.3077,100,140,240,1.4,90,120,210,1.3333,97,55
780,220,560,180,480,660,2.6667,170,310,480,1.8235,150,250,400,1.6667,130,180,310,1.3846,110,130,240,1.1818,100,110,210,1.1,96,55
770,220,540,190,550,740,2.8947,160,370,530,2.3125,150,290,440,1.9333,130,200,330,1.5385,110,150,260,1.3636,100,120,220,1.2,96,55
770,230,560,190,480,670,2.5263,160,320,480,2.0,160,260,420,1.625,130,190,320,1.4615,120,140,260,1.1667,100,120,220,1.2,97,55
790,210,580,230,450,680,1.9565,180,320,500,1.7778,170,270,440,1.5882,140,190,330,1.3571,110,150,260,1.3636,100,130,230,1.3,97,55
780,210,570,180,430,610,2.3889,160,290,450,1.8125,150,240,390,1.6,120,180,300,1.5,100,140,240,1.4,90,110,200,1.2222,97,55
760,210,540,180,480,660,2.6667,160,320,480,2.0,140,240,380,1.7143,130,160,290,1.2308,110,120,230,1.0909,100,90,190,0.9,97,55
810,220,560,190,520,710,2.7368,150,340,490,2.2667,150,270,420,1.8,140,190,330,1.3571,110,140,250,1.2727,100,120,220,1.2,96,55
710,250,500,230,510,740,2.2174,210,310,520,1.4762,190,250,440,1.3158,180,160,340,0.88889,150,110,260,0.73333,150,90,240,0.6,97,55
780,210,570,230,460,690,2.0,170,330,500,1.9412,150,280,430,1.8667,140,200,340,1.4286,110,160,270,1.4545,100,130,230,1.3,97,55
780,210,580,230,470,700,2.0435,170,310,480,1.8235,160,260,420,1.625,130,180,310,1.3846,120,140,260,1.1667,100,110,210,1.1,97,55
780,200,560,180,440,620,2.4444,150,280,430,1.8667,140,250,390,1.7857,130,170,300,1.3077,100,130,230,1.3,100,110,210,1.1,97,55
770,220,550,190,490,680,2.5789,160,310,470,1.9375,150,260,410,1.7333,130,180,310,1.3846,110,140,250,1.2727,100,110,210,1.1,96,55
770,220,550,190,560,750,2.9474,170,410,580,2.4118,150,330,480,2.2,130,190,320,1.4615,110,140,250,1.2727,90,120,210,1.3333,96,55
760,220,550,190,490,680,2.5789,170,320,490,1.8824,150,260,410,1.7333,140,190,330,1.3571,110,140,250,1.2727,100,120,220,1.2,97,55
780,210,580,230,440,670,1.913,180,310,490,1.7222,160,260,420,1.625,140,200,340,1.4286,110,150,260,1.3636,100,120,220,1.2,97,55
790,200,570,190,430,620,2.2632,160,260,420,1.625,150,220,370,1.4667,120,160,280,1.3333,100,110,210,1.1,90,80,170,0.88889,97,55
780,220,570,180,470,650,2.6111,150,300,450,2.0,150,240,390,1.6,120,180,300,1.5,110,130,240,1.1818,90,110,200,1.2222,97,55
790,210,550,180,560,740,3.1111,160,340,500,2.125,150,270,420,1.8,130,190,320,1.4615,100,140,240,1.4,90,120,210,1.3333,97,55
770,240,540,200,550,750,2.75,170,370,540,2.1765,150,280,430,1.8667,140,190,330,1.3571,120,140,260,1.1667,110,110,220,1.0,97,55
780,230,570,230,450,680,1.9565,180,330,510,1.8333,170,270,440,1.5882,140,210,350,1.5,130,150,280,1.1538,110,130,240,1.1818,97,55
790,210,580,230,430,660,1.8696,190,270,460,1.4211,160,230,390,1.4375,140,190,330,1.3571,110,150,260,1.3636,110,120,230,1.0909,98,55
790,210,560,180,450,630,2.5,150,290,440,1.9333,140,240,380,1.7143,120,170,290,1.4167,100,130,230,1.3,100,120,220,1.2,98,55
780,230,560,190,500,690,2.6316,170,330,500,1.9412,150,250,400,1.6667,130,180,310,1.3846,110,130,240,1.1818,100,110,210,1.1,97,55
770,220,550,180,560,740,3.1111,150,440,590,2.9333,140,330,470,2.3571,120,220,340,1.8333,110,150,260,1.3636,100,130,230,1.3,97,55
770,220,560,190,510,700,2.6842,160,330,490,2.0625,160,270,430,1.6875,130,190,320,1.4615,120,140,260,1.1667,100,120,220,1.2,97,55
800,210,590,230,430,660,1.8696,230,390,620,1.6957,200,330,530,1.65,150,220,370,1.4667,130,180,310,1.3846,110,130,240,1.1818,97,55
780,210,570,200,430,630,2.15,170,290,460,1.7059,160,230,390,1.4375,130,180,310,1.3846,120,130,250,1.0833,100,100,200,1.0,97,55
870,210,560,180,500,680,2.7778,150,310,460,2.0667,150,250,400,1.6667,120,190,310,1.5833,110,140,250,1.2727,90,110,200,1.2222,97,55
780,230,560,190,570,760,3.0,160,350,510,2.1875,160,280,440,1.75,130,200,330,1.5385,110,150,260,1.3636,100,130,230,1.3,97,55
780,220,580,240,560,800,2.3333,190,370,560,1.9474,180,300,480,1.6667,140,200,340,1.4286,130,160,290,1.2308,110,120,230,1.0909,97,55
770,220,540,190,550,740,2.8947,170,380,550,2.2353,150,280,430,1.8667,140,190,330,1.3571,110,140,250,1.2727,100,120,220,1.2,97,55
780,230,580,190,500,690,2.6316,160,350,510,2.1875,150,290,440,1.9333,130,190,320,1.4615,110,150,260,1.3636,100,120,220,1.2,97,55
800,200,580,220,480,700,2.1818,220,350,570,1.5909,180,290,470,1.6111,150,210,360,1.4,120,150,270,1.25,110,130,240,1.1818,97,55
780,220,570,180,560,740,3.1111,170,360,530,2.1176,150,260,410,1.7333,130,180,310,1.3846,110,130,240,1.1818,100,110,210,1.1,98,56
780,220,580,240,440,680,1.8333,190,290,480,1.5263,180,240,420,1.3333,140,160,300,1.1429,120,120,240,1.0,110,120,230,1.0909,98,56
780,200,570,220,450,670,2.0455,170,300,470,1.7647,160,250,410,1.5625,130,180,310,1.3846,110,140,250,1.2727,100,110,210,1.1,98,56
780,210,560,180,450,630,2.5,150,290,440,1.9333,140,240,380,1.7143,130,170,300,1.3077,100,130,230,1.3,90,110,200,1.2222,98,56
780,220,560,180,540,720,3.0,160,340,500,2.125,150,270,420,1.8,120,180,300,1.5,110,140,250,1.2727,90,120,210,1.3333,98,56
760,220,530,190,540,730,2.8421,170,340,510,2.0,150,270,420,1.8,140,190,330,1.3571,110,140,250,1.2727,100,120,220,1.2,98,56
760,230,560,190,400,590,2.1053,170,330,500,1.9412,150,280,430,1.8667,130,200,330,1.5385,110,150,260,1.3636,100,120,220,1.2,98,56
790,200,580,220,460,680,2.0909,180,320,500,1.7778,160,270,430,1.6875,140,210,350,1.5,110,150,260,1.3636,100,120,220,1.2,98,56
780,210,570,180,450,630,2.5,160,280,440,1.75,150,230,380,1.5333,130,170,300,1.3077,110,130,240,1.1818,90,100,190,1.1111,98,56
780,210,560,180,570,750,3.1667,150,400,550,2.6667,150,320,470,2.1333,130,200,330,1.5385,110,150,260,1.3636,100,120,220,1.2,98,56
770,220,540,190,520,710,2.7368,170,320,490,1.8824,160,250,410,1.5625,130,180,310,1.3846,120,130,250,1.0833,100,110,210,1.1,98,56
760,230,550,190,560,750,2.9474,170,350,520,2.0588,160,280,440,1.75,140,210,350,1.5,110,140,250,1.2727,100,120,220,1.2,98,56
770,210,560,210,440,650,2.0952,170,320,490,1.8824,150,270,420,1.8,140,200,340,1.4286,110,150,260,1.3636,100,120,220,1.2,98,56
780,210,570,230,440,670,1.913,170,300,470,1.7647,150,240,390,1.6,140,180,320,1.2857,110,140,250,1.2727,100,110,210,1.1,98,56
770,210,560,170,490,660,2.8824,160,290,450,1.8125,150,230,380,1.5333,130,170,300,1.3077,110,130,240,1.1818,90,100,190,1.1111,99,56
780,210,570,180,480,660,2.6667,150,320,470,2.1333,140,260,400,1.8571,130,190,320,1.4615,100,140,240,1.4,90,120,210,1.3333,98,56
790,210,540,190,550,740,2.8947,160,350,510,2.1875,160,270,430,1.6875,130,180,310,1.3846,120,140,260,1.1667,100,120,220,1.2,98,56
740,250,530,210,490,700,2.3333,190,300,490,1.5789,180,240,420,1.3333,150,170,320,1.1333,140,120,260,0.85714,120,100,220,0.8333299999999999,99,57
770,210,570,230,450,680,1.9565,190,320,510,1.6842,160,260,420,1.625,140,190,330,1.3571,120,140,260,1.1667,100,120,220,1.2,99,57
790,200,580,180,470,650,2.6111,150,300,450,2.0,140,250,390,1.7857,120,190,310,1.5833,100,150,250,1.5,90,120,210,1.3333,99,57
780,210,570,170,480,650,2.8235,150,300,450,2.0,140,250,390,1.7857,130,180,310,1.3846,100,140,240,1.4,90,110,200,1.2222,99,57
780,210,560,180,520,700,2.8889,150,320,470,2.1333,150,270,420,1.8,120,190,310,1.5833,100,150,250,1.5,100,120,220,1.2,99,57
770,220,540,190,550,740,2.8947,170,410,580,2.4118,160,310,470,1.9375,130,190,320,1.4615,120,140,260,1.1667,100,120,220,1.2,99,57
760,230,560,210,440,650,2.0952,180,320,500,1.7778,170,270,440,1.5882,140,190,330,1.3571,120,140,260,1.1667,100,120,220,1.2,99,57
750,200,590,220,450,670,2.0455,170,310,480,1.8235,160,260,420,1.625,140,190,330,1.3571,110,150,260,1.3636,100,120,220,1.2,100,57
790,210,550,180,490,670,2.7222,150,310,460,2.0667,150,250,400,1.6667,120,200,320,1.6667,110,140,250,1.2727,90,110,200,1.2222,99,57
760,240,540,190,550,740,2.8947,170,320,490,1.8824,160,250,410,1.5625,140,180,320,1.2857,120,130,250,1.0833,100,120,220,1.2,99,57
770,220,560,180,570,750,3.1667,160,330,490,2.0625,150,270,420,1.8,130,210,340,1.6154,100,150,250,1.5,100,130,230,1.3,99,57
780,210,580,230,460,690,2.0,180,320,500,1.7778,160,270,430,1.6875,140,190,330,1.3571,110,150,260,1.3636,110,120,230,1.0909,100,58
780,200,580,190,420,610,2.2105,160,260,420,1.625,150,210,360,1.4,130,180,310,1.3846,110,130,240,1.1818,90,110,200,1.2222,100,58
790,200,570,170,480,650,2.8235,150,310,460,2.0667,140,240,380,1.7143,120,190,310,1.5833,100,140,240,1.4,90,110,200,1.2222,100,58
770,220,560,180,490,670,2.7222,160,320,480,2.0,150,250,400,1.6667,130,180,310,1.3846,110,140,250,1.2727,100,120,220,1.2,100,57
790,210,560,170,570,740,3.3529,150,390,540,2.6,140,310,450,2.2143,120,200,320,1.6667,110,150,260,1.3636,90,130,220,1.4444,100,57
780,230,570,200,440,640,2.2,170,320,490,1.8824,160,270,430,1.6875,140,190,330,1.3571,120,150,270,1.25,100,130,230,1.3,100,57
800,210,590,230,430,660,1.8696,230,380,610,1.6522,180,330,510,1.8333,150,210,360,1.4,120,150,270,1.25,110,120,230,1.0909,100,57
800,210,580,180,460,640,2.5556,160,300,460,1.875,150,240,390,1.6,120,180,300,1.5,110,130,240,1.1818,100,100,200,1.0,100,57
830,220,570,190,500,690,2.6316,160,310,470,1.9375,150,260,410,1.7333,130,180,310,1.3846,120,140,260,1.1667,100,110,210,1.1,100,57
770,220,570,190,580,770,3.0526,160,330,490,2.0625,160,270,430,1.6875,130,190,320,1.4615,120,140,260,1.1667,100,120,220,1.2,99,57
800,200,590,220,530,750,2.4091,220,380,600,1.7273,170,310,480,1.8235,140,210,350,1.5,120,160,280,1.3333,100,130,230,1.3,99,57
800,210,570,180,440,620,2.4444,160,290,450,1.8125,150,250,400,1.6667,120,180,300,1.5,100,130,230,1.3,90,120,210,1.3333,99,57
770,230,560,190,480,670,2.5263,170,290,460,1.7059,160,240,400,1.5,130,170,300,1.3077,110,130,240,1.1818,100,100,200,1.0,99,57
780,220,560,180,570,750,3.1667,160,360,520,2.25,150,280,430,1.8667,130,200,330,1.5385,110,150,260,1.3636,90,130,220,1.4444,98,56
780,220,580,210,460,670,2.1905,170,320,490,1.8824,150,270,420,1.8,140,190,330,1.3571,110,150,260,1.3636,110,120,230,1.0909,98,56
800,200,590,220,450,670,2.0455,210,310,520,1.4762,170,260,430,1.5294,150,190,340,1.2667,130,140,270,1.0769,110,120,230,1.0909,98,56
790,210,570,180,440,620,2.4444,160,280,440,1.75,150,220,370,1.4667,130,170,300,1.3077,110,130,240,1.1818,100,100,200,1.0,98,56
780,220,560,190,570,760,3.0,160,310,470,1.9375,150,250,400,1.6667,130,180,310,1.3846,110,140,250,1.2727,100,110,210,1.1,98,56
770,220,550,180,560,740,3.1111,160,350,510,2.1875,150,280,430,1.8667,130,190,320,1.4615,110,140,250,1.2727,100,120,220,1.2,98,56
780,220,570,190,520,710,2.7368,160,320,480,2.0,150,270,420,1.8,130,190,320,1.4615,110,150,260,1.3636,100,120,220,1.2,98,56
780,220,530,180,470,650,2.6111,160,300,460,1.875,150,250,400,1.6667,130,180,310,1.3846,110,140,250,1.2727,100,110,210,1.1,98,56
800,250,560,180,570,750,3.1667,160,340,500,2.125,140,280,420,2.0,130,200,330,1.5385,100,150,250,1.5,100,120,220,1.2,98,56
770,240,550,200,560,760,2.8,180,330,510,1.8333,160,260,420,1.625,130,190,320,1.4615,120,140,260,1.1667,100,120,220,1.2,98,56
780,220,570,240,430,670,1.7917,180,270,450,1.5,160,250,410,1.5625,150,200,350,1.3333,100,150,250,1.5,100,120,220,1.2,98,56
790,210,580,230,470,700,2.0435,170,320,490,1.8824,160,250,410,1.5625,130,180,310,1.3846,110,140,250,1.2727,100,120,220,1.2,99,56
790,210,580,180,450,630,2.5,160,290,450,1.8125,150,250,400,1.6667,120,180,300,1.5,100,140,240,1.4,90,110,200,1.2222,99,57
800,210,580,180,510,690,2.8333,150,340,490,2.2667,140,270,410,1.9286,110,190,300,1.7273,90,140,230,1.5556,80,110,190,1.375,99,57
780,220,560,190,570,760,3.0,170,350,520,2.0588,150,270,420,1.8,140,190,330,1.3571,110,140,250,1.2727,110,110,220,1.0,98,56
780,220,570,190,420,610,2.2105,170,330,500,1.9412,150,270,420,1.8,130,200,330,1.5385,110,140,250,1.2727,100,120,220,1.2,99,56
800,210,600,230,470,700,2.0435,180,310,490,1.7222,160,270,430,1.6875,130,190,320,1.4615,110,150,260,1.3636,90,120,210,1.3333,99,57
800,200,590,180,440,620,2.4444,150,290,440,1.9333,140,250,390,1.7857,120,180,300,1.5,110,140,250,1.2727,90,110,200,1.2222,99,57
800,210,580,180,570,750,3.1667,150,350,500,2.3333,150,270,420,1.8,120,190,310,1.5833,110,150,260,1.3636,90,120,210,1.3333,99,57
790,220,570,190,510,700,2.6842,160,310,470,1.9375,150,250,400,1.6667,130,180,310,1.3846,110,130,240,1.1818,100,110,210,1.1,99,57
790,220,570,180,560,740,3.1111,160,360,520,2.25,150,280,430,1.8667,130,210,340,1.6154,110,150,260,1.3636,100,120,220,1.2,99,56
790,220,580,240,440,680,1.8333,170,320,490,1.8824,170,270,440,1.5882,140,200,340,1.4286,120,140,260,1.1667,100,130,230,1.3,99,57
770,220,560,240,460,700,1.9167,240,350,590,1.4583,190,300,490,1.5789,160,210,370,1.3125,130,160,290,1.2308,120,130,250,1.0833,99,57
800,210,580,170,500,670,2.9412,150,310,460,2.0667,140,250,390,1.7857,130,180,310,1.3846,100,140,240,1.4,90,120,210,1.3333,99,56
780,220,560,180,570,750,3.1667,170,380,550,2.2353,150,290,440,1.9333,130,190,320,1.4615,110,140,250,1.2727,90,120,210,1.3333,98,56
770,220,570,180,580,760,3.2222,150,400,550,2.6667,150,310,460,2.0667,120,200,320,1.6667,110,150,260,1.3636,100,120,220,1.2,99,56
790,200,590,220,460,680,2.0909,180,310,490,1.7222,160,260,420,1.625,130,190,320,1.4615,110,140,250,1.2727,100,120,220,1.2,99,56
790,200,580,190,430,620,2.2632,150,320,470,2.1333,150,250,400,1.6667,120,190,310,1.5833,100,140,240,1.4,90,110,200,1.2222,99,56
790,210,560,180,460,640,2.5556,150,290,440,1.9333,140,240,380,1.7143,120,170,290,1.4167,100,130,230,1.3,100,110,210,1.1,98,56
770,230,550,190,450,640,2.3684,170,270,440,1.5882,150,230,380,1.5333,130,170,300,1.3077,110,130,240,1.1818,100,110,210,1.1,98,56
770,220,570,180,580,760,3.2222,160,380,540,2.375,150,300,450,2.0,130,210,340,1.6154,100,160,260,1.6,100,130,230,1.3,99,56
780,200,570,220,430,650,1.9545,170,290,460,1.7059,150,250,400,1.6667,130,200,330,1.5385,110,140,250,1.2727,100,110,210,1.1,99,56
780,210,590,210,460,670,2.1905,170,310,480,1.8235,150,260,410,1.7333,130,190,320,1.4615,110,140,250,1.2727,90,120,210,1.3333,99,57
780,190,560,160,410,570,2.5625,140,270,410,1.9286,120,220,340,1.8333,110,160,270,1.4545,90,130,220,1.4444,70,100,170,1.4286,98,57
780,220,550,190,490,680,2.5789,160,300,460,1.875,160,240,400,1.5,130,180,310,1.3846,120,130,250,1.0833,100,110,210,1.1,98,57
770,230,550,190,560,750,2.9474,170,380,550,2.2353,150,300,450,2.0,140,190,330,1.3571,110,140,250,1.2727,100,120,220,1.2,98,57
780,220,570,180,450,630,2.5,160,320,480,2.0,150,260,410,1.7333,130,190,320,1.4615,110,150,260,1.3636,90,130,220,1.4444,99,57
750,210,590,230,450,680,1.9565,180,300,480,1.6667,160,250,410,1.5625,140,190,330,1.3571,110,140,250,1.2727,100,120,220,1.2,99,57
780,220,560,180,420,600,2.3333,160,270,430,1.6875,150,220,370,1.4667,130,170,300,1.3077,120,130,250,1.0833,100,100,200,1.0,99,57
780,220,550,190,490,680,2.5789,160,300,460,1.875,150,240,390,1.6,130,180,310,1.3846,110,140,250,1.2727,100,110,210,1.1,99,57
750,230,540,200,550,750,2.75,170,330,500,1.9412,170,250,420,1.4706,140,180,320,1.2857,120,130,250,1.0833,110,110,220,1.0,99,57
780,210,570,230,460,690,2.0,160,320,480,2.0,160,270,430,1.6875,130,200,330,1.5385,110,150,260,1.3636,90,130,220,1.4444,99,57
780,210,570,230,400,630,1.7391,170,250,420,1.4706,160,200,360,1.25,140,170,310,1.2143,110,150,260,1.3636,100,120,220,1.2,100,58
770,210,560,180,440,620,2.4444,160,280,440,1.75,150,220,370,1.4667,120,170,290,1.4167,110,130,240,1.1818,100,100,200,1.0,100,58
780,210,560,180,490,670,2.7222,160,310,470,1.9375,150,250,400,1.6667,130,180,310,1.3846,100,140,240,1.4,90,120,210,1.3333,100,58
770,220,550,190,560,750,2.9474,150,390,540,2.6,150,290,440,1.9333,120,200,320,1.6667,110,150,260,1.3636,100,120,220,1.2,99,57
770,220,560,190,470,660,2.4737,160,300,460,1.875,160,250,410,1.5625,130,180,310,1.3846,120,140,260,1.1667,100,110,210,1.1,99,57
800,210,590,230,430,660,1.8696,210,400,610,1.9048,170,310,480,1.8235,140,210,350,1.5,120,160,280,1.3333,100,130,230,1.3,100,57
790,210,580,180,430,610,2.3889,160,270,430,1.6875,150,220,370,1.4667,130,170,300,1.3077,110,130,240,1.1818,100,100,200,1.0,100,57
880,210,580,180,460,640,2.5556,150,290,440,1.9333,140,240,380,1.7143,120,180,300,1.5,100,140,240,1.4,90,110,200,1.2222,100,58
810,210,600,230,430,660,1.8696,170,270,440,1.5882,150,230,380,1.5333,140,170,310,1.2143,110,120,230,1.0909,100,110,210,1.1,97,56
810,210,600,180,430,610,2.3889,150,270,420,1.8,140,230,370,1.6429,120,180,300,1.5,100,130,230,1.3,90,110,200,1.2222,97,56
800,210,530,180,480,660,2.6667,160,290,450,1.8125,140,230,370,1.6429,130,170,300,1.3077,110,130,240,1.1818,90,110,200,1.2222,96,56
800,270,580,180,490,670,2.7222,150,290,440,1.9333,140,250,390,1.7857,130,180,310,1.3846,100,140,240,1.4,90,120,210,1.3333,96,56
800,220,580,180,500,680,2.7778,160,310,470,1.9375,150,250,400,1.6667,130,190,320,1.4615,110,140,250,1.2727,100,120,220,1.2,96,55
790,220,590,240,410,650,1.7083,170,260,430,1.5294,160,220,380,1.375,140,190,330,1.3571,120,140,260,1.1667,110,120,230,1.0909,96,55
810,200,610,190,450,640,2.3684,160,290,450,1.8125,150,240,390,1.6,120,190,310,1.5833,110,140,250,1.2727,100,110,210,1.1,97,55
800,200,590,170,460,630,2.7059,150,280,430,1.8667,140,230,370,1.6429,130,170,300,1.3077,110,130,240,1.1818,90,110,200,1.2222,96,55
790,210,540,170,530,700,3.1176,160,300,460,1.875,150,250,400,1.6667,120,180,300,1.5,110,140,250,1.2727,90,120,210,1.3333,96,55
810,200,600,200,440,640,2.2,160,290,450,1.8125,140,250,390,1.7857,130,190,320,1.4615,100,140,240,1.4,100,120,220,1.2,96,55
800,210,590,180,410,590,2.2778,140,260,400,1.8571,140,220,360,1.5714,130,170,300,1.3077,110,120,230,1.0909,100,110,210,1.1,96,55
810,210,590,170,450,620,2.6471,150,280,430,1.8667,130,230,360,1.7692,110,180,290,1.6364,80,140,220,1.75,70,110,180,1.5714,96,55
800,220,580,180,500,680,2.7778,150,300,450,2.0,150,250,400,1.6667,130,180,310,1.3846,110,140,250,1.2727,100,110,210,1.1,96,55
800,220,580,180,460,640,2.5556,160,310,470,1.9375,150,260,410,1.7333,130,180,310,1.3846,110,140,250,1.2727,100,120,220,1.2,96,55
800,220,590,240,450,690,1.875,170,300,470,1.7647,160,250,410,1.5625,140,180,320,1.2857,120,140,260,1.1667,110,110,220,1.0,96,55
810,210,600,180,450,630,2.5,150,280,430,1.8667,140,230,370,1.6429,120,180,300,1.5,100,150,250,1.5,90,110,200,1.2222,96,55
800,210,590,170,540,710,3.1765,150,320,470,2.1333,140,250,390,1.7857,120,190,310,1.5833,100,140,240,1.4,90,130,220,1.4444,96,55
800,210,590,170,500,670,2.9412,150,310,460,2.0667,140,250,390,1.7857,120,190,310,1.5833,90,150,240,1.6667,90,130,220,1.4444,96,55
790,210,580,170,490,660,2.8824,160,300,460,1.875,140,250,390,1.7857,130,190,320,1.4615,100,160,260,1.6,90,130,220,1.4444,96,55
800,210,590,200,460,660,2.3,160,310,470,1.9375,150,260,410,1.7333,120,190,310,1.5833,110,150,260,1.3636,90,130,220,1.4444,97,55
810,210,610,190,440,630,2.3158,160,280,440,1.75,140,240,380,1.7143,130,180,310,1.3846,110,140,250,1.2727,90,110,200,1.2222,97,55
810,200,590,170,490,660,2.8824,150,290,440,1.9333,140,240,380,1.7143,120,180,300,1.5,100,130,230,1.3,90,120,210,1.3333,97,55
790,220,580,170,450,620,2.6471,160,280,440,1.75,150,240,390,1.6,140,170,310,1.2143,110,130,240,1.1818,100,110,210,1.1,96,55
800,210,590,170,540,710,3.1765,160,320,480,2.0,140,260,400,1.8571,130,190,320,1.4615,100,140,240,1.4,90,130,220,1.4444,96,55
790,210,580,180,440,620,2.4444,160,290,450,1.8125,150,260,410,1.7333,130,180,310,1.3846,110,140,250,1.2727,90,120,210,1.3333,97,55
810,210,600,230,470,700,2.0435,160,300,460,1.875,150,250,400,1.6667,130,180,310,1.3846,110,140,250,1.2727,90,120,210,1.3333,97,55
810,210,590,170,450,620,2.6471,140,270,410,1.9286,140,230,370,1.6429,130,170,300,1.3077,100,130,230,1.3,90,110,200,1.2222,97,55
800,220,580,170,460,630,2.7059,160,280,440,1.75,150,230,380,1.5333,130,170,300,1.3077,110,130,240,1.1818,100,110,210,1.1,97,55
800,220,580,180,550,730,3.0556,160,320,480,2.0,150,250,400,1.6667,130,190,320,1.4615,100,140,240,1.4,100,120,220,1.2,96,55
800,220,590,170,520,690,3.0588,150,320,470,2.1333,140,260,400,1.8571,130,200,330,1.5385,100,150,250,1.5,100,120,220,1.2,97,55
790,210,590,230,440,670,1.913,170,300,470,1.7647,150,250,400,1.6667,130,200,330,1.5385,100,150,250,1.5,100,120,220,1.2,97,55
790,200,580,200,410,610,2.05,170,290,460,1.7059,150,240,390,1.6,130,170,300,1.3077,110,130,240,1.1818,90,120,210,1.3333,96,55
800,210,580,180,460,640,2.5556,160,280,440,1.75,150,230,380,1.5333,120,170,290,1.4167,100,130,230,1.3,90,110,200,1.2222,96,55
800,220,580,180,480,660,2.6667,160,290,450,1.8125,150,230,380,1.5333,120,180,300,1.5,100,140,240,1.4,100,110,210,1.1,96,55
800,220,570,190,580,770,3.0526,160,320,480,2.0,150,260,410,1.7333,120,180,300,1.5,110,140,250,1.2727,90,120,210,1.3333,96,55
780,230,580,200,440,640,2.2,170,290,460,1.7059,160,240,400,1.5,140,180,320,1.2857,120,140,260,1.1667,110,110,220,1.0,96,55
820,200,610,220,440,660,2.0,170,330,500,1.9412,150,270,420,1.8,130,200,330,1.5385,100,150,250,1.5,100,120,220,1.2,96,55
800,210,590,180,440,620,2.4444,160,270,430,1.6875,150,220,370,1.4667,130,170,300,1.3077,110,130,240,1.1818,100,100,200,1.0,96,55
860,210,590,180,470,650,2.6111,160,290,450,1.8125,140,240,380,1.7143,120,180,300,1.5,110,140,250,1.2727,90,110,200,1.2222,96,55
730,270,510,240,520,760,2.1667,220,320,540,1.4545,200,240,440,1.2,180,160,340,0.88889,170,110,280,0.6470600000000001,150,80,230,0.53333,96,55
800,220,590,190,460,650,2.4211,150,300,450,2.0,150,250,400,1.6667,130,190,320,1.4615,110,150,260,1.3636,100,130,230,1.3,96,55
820,210,600,230,500,730,2.1739,170,320,490,1.8824,150,270,420,1.8,130,190,320,1.4615,110,150,260,1.3636,100,120,220,1.2,96,55
810,200,600,190,470,660,2.4737,160,310,470,1.9375,140,260,400,1.8571,130,190,320,1.4615,100,150,250,1.5,90,120,210,1.3333,97,55
830,210,600,170,490,660,2.8824,150,310,460,2.0667,140,260,400,1.8571,110,190,300,1.7273,100,150,250,1.5,80,120,200,1.5,97,55
800,230,560,190,570,760,3.0,170,440,610,2.5882,160,340,500,2.125,140,230,370,1.6429,110,130,240,1.1818,100,120,220,1.2,96,55
790,240,560,190,570,760,3.0,170,370,540,2.1765,160,290,450,1.8125,140,200,340,1.4286,120,150,270,1.25,100,120,220,1.2,96,55
800,230,600,200,460,660,2.3,170,330,500,1.9412,160,270,430,1.6875,130,200,330,1.5385,120,150,270,1.25,100,130,230,1.3,97,55
810,200,600,220,450,670,2.0455,200,310,510,1.55,170,250,420,1.4706,130,190,320,1.4615,110,140,250,1.2727,100,130,230,1.3,97,55
810,210,600,180,440,620,2.4444,150,280,430,1.8667,140,240,380,1.7143,120,180,300,1.5,100,130,230,1.3,100,110,210,1.1,97,55
820,210,590,180,600,780,3.3333,150,440,590,2.9333,150,340,490,2.2667,120,190,310,1.5833,110,140,250,1.2727,100,120,220,1.2,96,55
800,230,570,200,580,780,2.9,170,350,520,2.0588,160,270,430,1.6875,140,190,330,1.3571,120,140,260,1.1667,110,110,220,1.0,96,55
780,230,570,200,510,710,2.55,170,330,500,1.9412,160,270,430,1.6875,140,190,330,1.3571,120,140,260,1.1667,110,110,220,1.0,96,55
820,210,610,230,470,700,2.0435,230,320,550,1.3913,180,270,450,1.5,150,200,350,1.3333,130,150,280,1.1538,110,130,240,1.1818,96,55
810,210,600,180,460,640,2.5556,160,290,450,1.8125,150,250,400,1.6667,130,180,310,1.3846,110,140,250,1.2727,90,110,200,1.2222,96,55
810,210,600,170,610,780,3.5882,140,380,520,2.7143,140,260,400,1.8571,120,200,320,1.6667,100,150,250,1.5,80,120,200,1.5,96,55
820,210,590,170,600,770,3.5294,150,350,500,2.3333,140,270,410,1.9286,120,200,320,1.6667,100,150,250,1.5,80,140,220,1.75,95,55
810,230,590,190,600,790,3.1579,170,340,510,2.0,160,270,430,1.6875,130,200,330,1.5385,120,150,270,1.25,100,120,220,1.2,95,55
830,220,610,240,470,710,1.9583,200,320,520,1.6,180,270,450,1.5,150,200,350,1.3333,120,150,270,1.25,110,120,230,1.0909,95,55
820,220,610,200,450,650,2.25,170,290,460,1.7059,160,250,410,1.5625,130,180,310,1.3846,110,130,240,1.1818,100,110,210,1.1,96,55
820,210,600,180,550,730,3.0556,150,300,450,2.0,150,250,400,1.6667,130,180,310,1.3846,110,140,250,1.2727,90,120,210,1.3333,95,55
800,220,580,190,520,710,2.7368,170,320,490,1.8824,150,250,400,1.6667,130,190,320,1.4615,110,150,260,1.3636,90,130,220,1.4444,95,54
800,220,580,180,590,770,3.2778,160,370,530,2.3125,150,290,440,1.9333,130,210,340,1.6154,100,160,260,1.6,90,130,220,1.4444,95,54
790,220,580,240,460,700,1.9167,180,330,510,1.8333,170,270,440,1.5882,140,200,340,1.4286,120,150,270,1.25,100,130,230,1.3,95,54
820,210,600,230,460,690,2.0,150,300,450,2.0,150,260,410,1.7333,130,190,320,1.4615,110,150,260,1.3636,90,130,220,1.4444,96,55
810,220,580,180,520,700,2.8889,150,280,430,1.8667,140,240,380,1.7143,120,180,300,1.5,100,140,240,1.4,90,120,210,1.3333,96,55
800,230,570,190,500,690,2.6316,160,310,470,1.9375,150,250,400,1.6667,130,190,320,1.4615,110,140,250,1.2727,100,110,210,1.1,95,54
790,230,560,190,570,760,3.0,160,350,510,2.1875,150,270,420,1.8,130,190,320,1.4615,110,150,260,1.3636,100,120,220,1.2,95,54
780,230,580,180,480,660,2.6667,160,320,480,2.0,150,260,410,1.7333,130,200,330,1.5385,110,160,270,1.4545,100,130,230,1.3,96,55
810,200,610,220,460,680,2.0909,170,320,490,1.8824,160,260,420,1.625,130,200,330,1.5385,110,150,260,1.3636,90,130,220,1.4444,96,55
810,200,580,180,450,630,2.5,150,290,440,1.9333,140,240,380,1.7143,130,170,300,1.3077,100,130,230,1.3,90,120,210,1.3333,96,55
790,230,570,180,490,670,2.7222,170,320,490,1.8824,150,240,390,1.6,130,170,300,1.3077,110,130,240,1.1818,100,110,210,1.1,95,55
800,220,570,180,580,760,3.2222,160,330,490,2.0625,150,260,410,1.7333,130,190,320,1.4615,110,150,260,1.3636,90,130,220,1.4444,96,55
770,230,560,190,570,760,3.0,170,330,500,1.9412,160,260,420,1.625,130,190,320,1.4615,120,140,260,1.1667,100,120,220,1.2,96,55
800,210,600,230,470,700,2.0435,170,340,510,2.0,150,280,430,1.8667,130,200,330,1.5385,100,160,260,1.6,90,140,230,1.5556,96,55
820,200,600,220,470,690,2.1364,170,320,490,1.8824,150,270,420,1.8,130,200,330,1.5385,100,150,250,1.5,100,120,220,1.2,96,55
790,230,560,190,560,750,2.9474,160,340,500,2.125,160,260,420,1.625,130,190,320,1.4615,110,140,250,1.2727,100,110,210,1.1,95,55
790,230,580,190,560,750,2.9474,160,310,470,1.9375,150,270,420,1.8,120,200,320,1.6667,110,150,260,1.3636,100,120,220,1.2,95,55
800,210,600,190,480,670,2.5263,160,350,510,2.1875,150,290,440,1.9333,130,210,340,1.6154,100,160,260,1.6,90,140,230,1.5556,96,55
820,200,600,220,460,680,2.0909,170,310,480,1.8235,150,260,410,1.7333,130,200,330,1.5385,100,150,250,1.5,90,120,210,1.3333,96,55
800,220,580,190,430,620,2.2632,160,270,430,1.6875,160,220,380,1.375,130,170,300,1.3077,120,130,250,1.0833,110,100,210,0.90909,96,55
810,220,590,180,500,680,2.7778,160,320,480,2.0,150,250,400,1.6667,120,180,300,1.5,110,140,250,1.2727,90,110,200,1.2222,95,55
810,220,580,190,590,780,3.1053,170,440,610,2.5882,160,290,450,1.8125,130,200,330,1.5385,110,140,250,1.2727,100,120,220,1.2,95,55
790,230,590,190,520,710,2.7368,170,330,500,1.9412,160,270,430,1.6875,140,190,330,1.3571,120,140,260,1.1667,100,120,220,1.2,95,55
800,200,610,220,470,690,2.1364,180,330,510,1.8333,170,280,450,1.6471,130,200,330,1.5385,120,150,270,1.25,100,130,230,1.3,95,54
820,190,610,190,450,640,2.3684,150,280,430,1.8667,140,230,370,1.6429,120,170,290,1.4167,100,120,220,1.2,90,90,180,1.0,96,55
820,210,600,180,470,650,2.6111,150,330,480,2.2,140,270,410,1.9286,120,200,320,1.6667,110,150,260,1.3636,90,120,210,1.3333,95,54
800,220,400,180,410,590,2.2778,160,330,490,2.0625,150,260,410,1.7333,130,190,320,1.4615,120,140,260,1.1667,100,110,210,1.1,95,54
810,220,600,240,460,700,1.9167,180,320,500,1.7778,160,270,430,1.6875,140,200,340,1.4286,120,160,280,1.3333,100,120,220,1.2,95,54
800,210,600,230,420,650,1.8261,180,250,430,1.3889,170,210,380,1.2353,140,140,280,1.0,120,90,210,0.75,100,80,180,0.8,95,54
810,200,590,170,480,650,2.8235,150,300,450,2.0,140,250,390,1.7857,120,190,310,1.5833,100,140,240,1.4,90,130,220,1.4444,95,54
800,220,490,180,480,660,2.6667,160,290,450,1.8125,150,240,390,1.6,130,180,310,1.3846,100,140,240,1.4,100,120,220,1.2,94,54
780,310,570,200,580,780,2.9,170,440,610,2.5882,160,320,480,2.0,140,200,340,1.4286,110,150,260,1.3636,100,120,220,1.2,94,54
800,210,580,230,500,730,2.1739,190,400,590,2.1053,160,350,510,2.1875,140,200,340,1.4286,120,140,260,1.1667,100,110,210,1.1,94,54
790,220,580,180,570,750,3.1667,160,320,480,2.0,150,250,400,1.6667,130,180,310,1.3846,110,140,250,1.2727,90,120,210,1.3333,95,54
800,210,590,180,450,630,2.5,160,270,430,1.6875,150,230,380,1.5333,130,170,300,1.3077,110,140,250,1.2727,80,110,190,1.375,95,54
790,210,570,180,430,610,2.3889,160,270,430,1.6875,150,230,380,1.5333,130,180,310,1.3846,110,140,250,1.2727,100,110,210,1.1,94,54
780,220,570,180,530,710,2.9444,160,320,480,2.0,150,250,400,1.6667,130,180,310,1.3846,110,140,250,1.2727,100,120,220,1.2,94,54
780,210,570,190,580,770,3.0526,160,330,490,2.0625,150,270,420,1.8,130,190,320,1.4615,110,140,250,1.2727,100,120,220,1.2,94,54
790,210,590,230,440,670,1.913,230,330,560,1.4348,190,310,500,1.6316,150,210,360,1.4,130,160,290,1.2308,110,130,240,1.1818,95,54
800,200,590,160,430,590,2.6875,150,280,430,1.8667,140,230,370,1.6429,120,170,290,1.4167,90,130,220,1.4444,90,110,200,1.2222,95,54
810,210,570,180,470,650,2.6111,160,300,460,1.875,140,240,380,1.7143,130,180,310,1.3846,100,130,230,1.3,90,110,200,1.2222,95,54
770,240,540,200,550,750,2.75,180,400,580,2.2222,160,290,450,1.8125,130,190,320,1.4615,110,130,240,1.1818,100,110,210,1.1,94,54
790,230,570,190,580,770,3.0526,160,350,510,2.1875,150,270,420,1.8,140,190,330,1.3571,110,150,260,1.3636,100,120,220,1.2,94,54
790,220,580,240,480,720,2.0,180,380,560,2.1111,170,310,480,1.8235,140,210,350,1.5,120,160,280,1.3333,100,130,230,1.3,94,54
790,210,580,230,440,670,1.913,170,290,460,1.7059,160,250,410,1.5625,140,180,320,1.2857,120,140,260,1.1667,100,110,210,1.1,95,54
800,210,580,170,460,630,2.7059,160,290,450,1.8125,150,240,390,1.6,110,180,290,1.6364,110,150,260,1.3636,90,110,200,1.2222,95,54
790,220,570,180,580,760,3.2222,150,350,500,2.3333,150,270,420,1.8,130,190,320,1.4615,110,150,260,1.3636,100,110,210,1.1,94,54
790,220,610,180,560,740,3.1111,160,350,510,2.1875,140,280,420,2.0,130,200,330,1.5385,110,150,260,1.3636,100,120,220,1.2,94,54
800,180,590,200,450,650,2.25,180,310,490,1.7222,170,260,430,1.5294,130,190,320,1.4615,120,150,270,1.25,100,120,220,1.2,95,54
800,210,420,170,350,520,2.0588,150,250,400,1.6667,140,210,350,1.5,130,170,300,1.3077,110,130,240,1.1818,90,100,190,1.1111,95,54
810,380,600,190,470,660,2.4737,160,320,480,2.0,150,250,400,1.6667,130,180,310,1.3846,110,130,240,1.1818,90,120,210,1.3333,95,54
790,210,560,180,570,750,3.1667,160,310,470,1.9375,150,260,410,1.7333,130,180,310,1.3846,110,140,250,1.2727,100,120,220,1.2,94,54
780,230,570,190,560,750,2.9474,170,350,520,2.0588,150,280,430,1.8667,130,200,330,1.5385,110,150,260,1.3636,100,130,230,1.3,95,54
810,210,600,230,440,670,1.913,170,300,470,1.7647,150,250,400,1.6667,130,190,320,1.4615,110,150,260,1.3636,100,120,220,1.2,95,54
810,210,590,230,460,690,2.0,160,320,480,2.0,160,270,430,1.6875,130,190,320,1.4615,120,140,260,1.1667,100,120,220,1.2,95,54
800,220,580,180,540,720,3.0,160,300,460,1.875,150,240,390,1.6,130,170,300,1.3077,110,130,240,1.1818,100,100,200,1.0,95,54
790,220,570,180,470,650,2.6111,160,290,450,1.8125,150,250,400,1.6667,120,180,300,1.5,110,130,240,1.1818,100,110,210,1.1,94,54
790,220,570,190,580,770,3.0526,160,330,490,2.0625,150,260,410,1.7333,130,190,320,1.4615,110,140,250,1.2727,100,120,220,1.2,94,54
790,220,580,190,440,630,2.3158,160,310,470,1.9375,150,250,400,1.6667,130,190,320,1.4615,110,140,250,1.2727,100,110,210,1.1,95,54
810,210,600,230,450,680,1.9565,180,310,490,1.7222,160,250,410,1.5625,140,190,330,1.3571,110,140,250,1.2727,100,120,220,1.2,95,54
790,210,570,190,410,600,2.1579,160,270,430,1.6875,150,230,380,1.5333,130,160,290,1.2308,110,120,230,1.0909,110,100,210,0.90909,95,54
800,220,580,180,480,660,2.6667,150,320,470,2.1333,140,250,390,1.7857,130,180,310,1.3846,100,140,240,1.4,100,120,220,1.2,94,54
800,220,570,180,580,760,3.2222,160,320,480,2.0,150,260,410,1.7333,130,190,320,1.4615,110,140,250,1.2727,100,120,220,1.2,95,54
780,230,560,190,570,760,3.0,160,360,520,2.25,160,280,440,1.75,140,200,340,1.4286,120,140,260,1.1667,100,120,220,1.2,95,54
810,220,600,240,470,710,1.9583,180,330,510,1.8333,160,270,430,1.6875,140,200,340,1.4286,120,150,270,1.25,100,130,230,1.3,95,54
800,210,590,190,450,640,2.3684,160,290,450,1.8125,150,240,390,1.6,130,180,310,1.3846,110,130,240,1.1818,90,110,200,1.2222,95,55
810,210,590,170,490,660,2.8824,150,300,450,2.0,140,250,390,1.7857,120,180,300,1.5,100,130,230,1.3,90,110,200,1.2222,95,55
790,220,570,190,520,710,2.7368,170,310,480,1.8235,150,240,390,1.6,140,180,320,1.2857,120,130,250,1.0833,100,110,210,1.1,95,54
800,220,570,190,580,770,3.0526,170,370,540,2.1765,150,300,450,2.0,130,200,330,1.5385,110,140,250,1.2727,100,120,220,1.2,95,54
780,230,570,200,450,650,2.25,180,310,490,1.7222,160,250,410,1.5625,140,180,320,1.2857,130,130,260,1.0,110,110,220,1.0,95,54
800,210,590,230,450,680,1.9565,170,310,480,1.8235,150,250,400,1.6667,130,190,320,1.4615,110,150,260,1.3636,100,120,220,1.2,95,55
790,210,580,190,430,620,2.2632,160,280,440,1.75,150,230,380,1.5333,140,170,310,1.2143,110,130,240,1.1818,110,110,220,1.0,95,55
800,210,570,180,500,680,2.7778,150,320,470,2.1333,140,250,390,1.7857,120,190,310,1.5833,100,140,240,1.4,90,120,210,1.3333,95,55
770,230,560,180,570,750,3.1667,170,390,560,2.2941,150,270,420,1.8,140,190,330,1.3571,110,140,250,1.2727,100,120,220,1.2,95,54
780,210,580,180,520,700,2.8889,150,340,490,2.2667,140,270,410,1.9286,120,200,320,1.6667,100,150,250,1.5,70,140,210,2.0,95,54
780,200,580,220,460,680,2.0909,170,320,490,1.8824,160,260,420,1.625,130,190,320,1.4615,110,140,250,1.2727,90,120,210,1.3333,95,54
790,200,590,190,430,620,2.2632,160,260,420,1.625,140,210,350,1.5,130,140,270,1.0769,110,110,220,1.0,100,80,180,0.8,95,55
800,200,590,170,510,680,3.0,140,340,480,2.4286,140,270,410,1.9286,110,200,310,1.8182,90,150,240,1.6667,80,120,200,1.5,95,54
790,210,500,180,510,690,2.8333,150,320,470,2.1333,140,270,410,1.9286,120,190,310,1.5833,100,150,250,1.5,90,130,220,1.4444,95,54
790,290,570,190,580,770,3.0526,170,380,550,2.2353,150,290,440,1.9333,130,200,330,1.5385,110,150,260,1.3636,80,130,210,1.625,94,54
790,220,590,240,460,700,1.9167,170,330,500,1.9412,160,270,430,1.6875,140,200,340,1.4286,120,150,270,1.25,110,120,230,1.0909,95,54
810,200,600,220,430,650,1.9545,180,270,450,1.5,160,220,380,1.375,130,190,320,1.4615,110,150,260,1.3636,100,120,220,1.2,95,55
790,210,580,180,440,620,2.4444,160,270,430,1.6875,150,230,380,1.5333,120,170,290,1.4167,110,130,240,1.1818,90,110,200,1.2222,95,55
800,210,590,180,500,680,2.7778,150,300,450,2.0,150,250,400,1.6667,120,180,300,1.5,110,140,250,1.2727,90,110,200,1.2222,95,55
780,220,570,190,470,660,2.4737,160,310,470,1.9375,150,260,410,1.7333,140,190,330,1.3571,110,140,250,1.2727,100,120,220,1.2,94,54
800,210,600,230,420,650,1.8261,230,320,550,1.3913,190,310,500,1.6316,150,220,370,1.4667,120,160,280,1.3333,110,130,240,1.1818,95,54
790,200,590,190,430,620,2.2632,160,290,450,1.8125,150,230,380,1.5333,120,180,300,1.5,110,130,240,1.1818,90,110,200,1.2222,95,54
810,200,580,180,470,650,2.6111,150,300,450,2.0,130,240,370,1.8462,120,180,300,1.5,110,140,250,1.2727,90,110,200,1.2222,95,54
780,230,560,180,570,750,3.1667,170,330,500,1.9412,150,260,410,1.7333,140,190,330,1.3571,110,140,250,1.2727,100,120,220,1.2,94,54
800,220,580,240,470,710,1.9583,220,400,620,1.8182,180,330,510,1.8333,150,220,370,1.4667,120,160,280,1.3333,100,140,240,1.4,95,54
810,220,600,200,450,650,2.25,160,300,460,1.875,160,240,400,1.5,130,180,310,1.3846,110,140,250,1.2727,100,110,210,1.1,95,55
800,210,570,180,470,650,2.6111,160,290,450,1.8125,150,240,390,1.6,130,170,300,1.3077,110,130,240,1.1818,90,110,200,1.2222,95,55
770,220,560,190,570,760,3.0,160,340,500,2.125,160,260,420,1.625,130,190,320,1.4615,110,140,250,1.2727,100,120,220,1.2,94,54
790,210,600,230,560,790,2.4348,160,370,530,2.3125,150,310,460,2.0667,130,220,350,1.6923,110,170,280,1.5455,90,130,220,1.4444,95,54
810,190,600,210,460,670,2.1905,170,300,470,1.7647,160,260,420,1.625,130,190,320,1.4615,110,150,260,1.3636,100,120,220,1.2,95,54
780,210,580,180,430,610,2.3889,150,270,420,1.8,150,220,370,1.4667,130,170,300,1.3077,110,130,240,1.1818,90,100,190,1.1111,95,54
790,200,580,170,590,760,3.4706,150,430,580,2.8667,140,340,480,2.4286,120,190,310,1.5833,100,140,240,1.4,90,110,200,1.2222,94,54
780,210,560,180,570,750,3.1667,150,330,480,2.2,140,270,410,1.9286,120,200,320,1.6667,100,150,250,1.5,90,120,210,1.3333,94,54
730,220,570,190,560,750,2.9474,160,340,500,2.125,150,260,410,1.7333,130,190,320,1.4615,110,140,250,1.2727,100,120,220,1.2,95,54
780,200,580,190,440,630,2.3158,160,280,440,1.75,150,230,380,1.5333,120,180,300,1.5,110,140,250,1.2727,90,110,200,1.2222,95,54
790,200,580,170,540,710,3.1765,140,280,420,2.0,140,240,380,1.7143,120,180,300,1.5,100,140,240,1.4,80,120,200,1.5,94,54
790,210,580,170,530,700,3.1176,150,310,460,2.0667,140,250,390,1.7857,120,180,300,1.5,100,140,240,1.4,90,130,220,1.4444,94,54
780,210,550,180,560,740,3.1111,160,340,500,2.125,150,260,410,1.7333,130,190,320,1.4615,120,140,260,1.1667,100,120,220,1.2,94,54
770,230,560,220,430,650,1.9545,180,300,480,1.6667,160,250,410,1.5625,140,180,320,1.2857,120,130,250,1.0833,110,120,230,1.0909,94,54
780,210,570,230,430,660,1.8696,170,300,470,1.7647,160,240,400,1.5,130,190,320,1.4615,110,140,250,1.2727,100,110,210,1.1,94,54
800,210,590,170,450,620,2.6471,150,280,430,1.8667,140,240,380,1.7143,120,180,300,1.5,100,140,240,1.4,90,120,210,1.3333,94,54
780,210,570,180,540,720,3.0,160,320,480,2.0,150,250,400,1.6667,130,180,310,1.3846,100,130,230,1.3,90,110,200,1.2222,94,54
780,210,560,180,570,750,3.1667,150,330,480,2.2,150,270,420,1.8,130,200,330,1.5385,110,150,260,1.3636,90,120,210,1.3333,94,54
770,220,560,190,400,590,2.1053,160,320,480,2.0,150,260,410,1.7333,120,190,310,1.5833,110,140,250,1.2727,100,120,220,1.2,94,54
780,210,580,230,440,670,1.913,180,320,500,1.7778,170,260,430,1.5294,140,190,330,1.3571,120,140,260,1.1667,100,130,230,1.3,94,54
780,200,570,190,430,620,2.2632,160,280,440,1.75,150,240,390,1.6,120,180,300,1.5,110,140,250,1.2727,90,110,200,1.2222,94,54
790,210,580,170,590,760,3.4706,140,350,490,2.5,140,270,410,1.9286,110,200,310,1.8182,100,150,250,1.5,90,120,210,1.3333,94,54
780,210,560,170,510,680,3.0,160,300,460,1.875,140,250,390,1.7857,130,190,320,1.4615,100,140,240,1.4,90,120,210,1.3333,94,54
780,220,550,190,560,750,2.9474,160,320,480,2.0,140,270,410,1.9286,130,190,320,1.4615,110,150,260,1.3636,100,120,220,1.2,94,54
770,230,570,200,450,650,2.25,170,310,480,1.8235,160,260,420,1.625,130,190,320,1.4615,120,140,260,1.1667,100,120,220,1.2,95,55
790,200,580,220,430,650,1.9545,180,290,470,1.6111,160,240,400,1.5,140,180,320,1.2857,110,140,250,1.2727,100,120,220,1.2,95,55
770,210,570,180,420,600,2.3333,160,250,410,1.5625,150,220,370,1.4667,130,170,300,1.3077,110,130,240,1.1818,90,100,190,1.1111,95,55
790,200,580,170,520,690,3.0588,140,330,470,2.3571,140,260,400,1.8571,110,190,300,1.7273,100,150,250,1.5,80,120,200,1.5,95,55
780,210,560,170,500,670,2.9412,150,310,460,2.0667,140,250,390,1.7857,120,190,310,1.5833,100,140,240,1.4,90,120,210,1.3333,95,55
780,220,560,180,570,750,3.1667,150,340,490,2.2667,140,270,410,1.9286,110,190,300,1.7273,90,150,240,1.6667,80,120,200,1.5,95,55
780,220,580,240,450,690,1.875,180,310,490,1.7222,170,250,420,1.4706,140,190,330,1.3571,120,140,260,1.1667,110,120,230,1.0909,96,55
790,200,580,190,430,620,2.2632,150,300,450,2.0,150,240,390,1.6,120,180,300,1.5,110,140,250,1.2727,100,110,210,1.1,96,55
770,210,560,180,450,630,2.5,160,280,440,1.75,140,230,370,1.6429,130,170,300,1.3077,100,130,230,1.3,100,110,210,1.1,96,55
770,210,550,180,560,740,3.1111,160,410,570,2.5625,150,320,470,2.1333,130,200,330,1.5385,110,160,270,1.4545,100,130,230,1.3,95,55
760,220,560,190,480,670,2.5263,160,310,470,1.9375,150,270,420,1.8,130,190,320,1.4615,110,140,250,1.2727,100,110,210,1.1,95,55
790,200,580,220,460,680,2.0909,190,310,500,1.6316,160,250,410,1.5625,130,190,320,1.4615,110,150,260,1.3636,100,120,220,1.2,95,55
790,210,570,180,460,640,2.5556,150,270,420,1.8,140,230,370,1.6429,120,170,290,1.4167,100,130,230,1.3,90,110,200,1.2222,96,55
780,220,560,180,510,690,2.8333,160,330,490,2.0625,150,250,400,1.6667,130,180,310,1.3846,100,140,240,1.4,90,120,210,1.3333,95,55
780,220,550,180,410,590,2.2778,150,270,420,1.8,150,240,390,1.6,130,180,310,1.3846,110,140,250,1.2727,90,110,200,1.2222,95,55
760,230,550,190,560,750,2.9474,170,340,510,2.0,160,270,430,1.6875,140,190,330,1.3571,120,140,260,1.1667,110,110,220,1.0,95,55
800,210,590,230,450,680,1.9565,170,330,500,1.9412,160,270,430,1.6875,130,200,330,1.5385,110,150,260,1.3636,90,130,220,1.4444,95,55
770,210,560,230,440,670,1.913,210,320,530,1.5238,170,250,420,1.4706,150,180,330,1.2,130,110,240,0.84615,110,90,200,0.81818,96,55
780,210,570,170,560,730,3.2941,140,340,480,2.4286,140,260,400,1.8571,120,180,300,1.5,100,140,240,1.4,90,120,210,1.3333,95,55
780,210,520,170,530,700,3.1176,160,340,500,2.125,140,270,410,1.9286,120,190,310,1.5833,100,140,240,1.4,90,120,210,1.3333,95,55
770,220,560,180,420,600,2.3333,160,290,450,1.8125,150,240,390,1.6,130,180,310,1.3846,110,140,250,1.2727,100,110,210,1.1,95,55
800,210,580,230,430,660,1.8696,230,280,510,1.2174,190,250,440,1.3158,140,220,360,1.5714,120,160,280,1.3333,100,130,230,1.3,95,55
780,220,570,180,440,620,2.4444,160,270,430,1.6875,150,230,380,1.5333,130,170,300,1.3077,100,130,230,1.3,90,110,200,1.2222,95,55
790,210,580,170,450,620,2.6471,150,290,440,1.9333,140,240,380,1.7143,120,180,300,1.5,100,140,240,1.4,90,110,200,1.2222,95,55
780,220,560,180,500,680,2.7778,160,300,460,1.875,150,250,400,1.6667,130,180,310,1.3846,110,150,260,1.3636,90,120,210,1.3333,94,54
780,220,580,240,440,680,1.8333,240,380,620,1.5833,180,310,490,1.7222,150,200,350,1.3333,130,160,290,1.2308,110,130,240,1.1818,95,55
780,200,570,180,420,600,2.3333,160,270,430,1.6875,150,230,380,1.5333,120,180,300,1.5,110,140,250,1.2727,90,110,200,1.2222,94,55
790,210,570,180,460,640,2.5556,150,280,430,1.8667,140,240,380,1.7143,120,170,290,1.4167,100,130,230,1.3,90,120,210,1.3333,94,55
780,220,560,190,570,760,3.0,160,350,510,2.1875,150,270,420,1.8,130,190,320,1.4615,110,150,260,1.3636,100,120,220,1.2,94,55
780,220,610,190,460,650,2.4211,160,310,470,1.9375,150,260,410,1.7333,130,190,320,1.4615,110,140,250,1.2727,100,120,220,1.2,95,55
790,170,590,190,470,660,2.4737,190,310,500,1.6316,160,260,420,1.625,130,190,320,1.4615,110,150,260,1.3636,100,120,220,1.2,95,55
790,200,590,170,440,610,2.5882,130,290,420,2.2308,130,230,360,1.7692,110,180,290,1.6364,100,140,240,1.4,90,120,210,1.3333,95,55
800,200,580,170,590,760,3.4706,150,410,560,2.7333,130,250,380,1.9231,120,180,300,1.5,100,140,240,1.4,90,120,210,1.3333,95,55
780,220,560,180,570,750,3.1667,160,330,490,2.0625,140,260,400,1.8571,130,190,320,1.4615,110,140,250,1.2727,90,120,210,1.3333,95,55
750,220,570,190,580,770,3.0526,160,330,490,2.0625,150,270,420,1.8,130,190,320,1.4615,110,150,260,1.3636,100,120,220,1.2,96,55
820,180,620,200,480,680,2.4,170,330,500,1.9412,140,280,420,2.0,110,210,320,1.9091,90,160,250,1.7778,70,130,200,1.8571,96,55
800,200,590,190,450,640,2.3684,160,290,450,1.8125,150,240,390,1.6,120,180,300,1.5,110,140,250,1.2727,90,110,200,1.2222,96,55
780,210,570,170,560,730,3.2941,160,290,450,1.8125,130,240,370,1.8462,120,180,300,1.5,110,130,240,1.1818,90,100,190,1.1111,96,55
800,210,580,170,520,690,3.0588,140,310,450,2.2143,140,250,390,1.7857,120,190,310,1.5833,90,140,230,1.5556,90,130,220,1.4444,96,55
770,220,550,190,560,750,2.9474,170,360,530,2.1176,150,270,420,1.8,140,190,330,1.3571,120,140,260,1.1667,100,120,220,1.2,96,55
780,220,580,220,450,670,2.0455,170,310,480,1.8235,150,260,410,1.7333,130,200,330,1.5385,110,150,260,1.3636,100,130,230,1.3,96,55
800,200,600,220,450,670,2.0455,170,310,480,1.8235,150,250,400,1.6667,130,190,320,1.4615,110,140,250,1.2727,90,120,210,1.3333,96,56
790,200,570,170,420,590,2.4706,140,250,390,1.7857,140,220,360,1.5714,130,170,300,1.3077,100,130,230,1.3,90,100,190,1.1111,96,56
780,220,570,170,540,710,3.1765,160,320,480,2.0,150,260,410,1.7333,120,180,300,1.5,110,140,250,1.2727,90,110,200,1.2222,95,55
790,210,580,180,590,770,3.2778,150,350,500,2.3333,140,270,410,1.9286,120,200,320,1.6667,100,150,250,1.5,90,120,210,1.3333,96,55
790,210,580,180,400,580,2.2222,160,300,460,1.875,140,260,400,1.8571,130,190,320,1.4615,100,150,250,1.5,90,130,220,1.4444,96,55
800,210,590,230,460,690,2.0,190,310,500,1.6316,170,260,430,1.5294,140,190,330,1.3571,120,140,260,1.1667,110,120,230,1.0909,96,55
810,210,490,170,480,650,2.8235,160,260,420,1.625,150,220,370,1.4667,120,170,290,1.4167,110,130,240,1.1818,90,100,190,1.1111,96,55
780,320,570,190,580,770,3.0526,170,440,610,2.5882,160,370,530,2.3125,140,220,360,1.5714,120,150,270,1.25,100,130,230,1.3,95,55
790,210,570,180,410,590,2.2778,150,270,420,1.8,150,230,380,1.5333,120,170,290,1.4167,110,130,240,1.1818,90,110,200,1.2222,95,55
780,220,560,220,450,670,2.0455,180,390,570,2.1667,160,290,450,1.8125,140,200,340,1.4286,120,150,270,1.25,100,120,220,1.2,95,55
780,220,580,240,430,670,1.7917,170,300,470,1.7647,160,240,400,1.5,140,190,330,1.3571,120,140,260,1.1667,110,120,230,1.0909,96,55
790,200,580,180,420,600,2.3333,160,270,430,1.6875,140,230,370,1.6429,130,170,300,1.3077,100,130,230,1.3,100,110,210,1.1,96,55
780,210,560,170,490,660,2.8824,160,300,460,1.875,140,250,390,1.7857,130,180,310,1.3846,100,130,230,1.3,90,100,190,1.1111,95,55
770,200,580,170,500,670,2.9412,150,300,450,2.0,140,240,380,1.7143,120,180,300,1.5,100,140,240,1.4,90,110,200,1.2222,94,55
770,190,570,170,420,590,2.4706,150,260,410,1.7333,140,220,360,1.5714,120,180,300,1.5,100,130,230,1.3,90,110,200,1.2222,94,55
780,200,580,180,410,590,2.2778,150,250,400,1.6667,140,210,350,1.5,120,160,280,1.3333,100,120,220,1.2,90,110,200,1.2222,94,55
780,200,580,180,400,580,2.2222,150,240,390,1.6,140,210,350,1.5,120,150,270,1.25,100,120,220,1.2,90,100,190,1.1111,94,55
770,200,560,170,460,630,2.7059,150,260,410,1.7333,140,220,360,1.5714,120,160,280,1.3333,100,120,220,1.2,90,100,190,1.1111,94,55
780,210,570,170,440,610,2.5882,150,270,420,1.8,140,230,370,1.6429,110,170,280,1.5455,100,130,230,1.3,90,110,200,1.2222,93,55
770,210,560,170,570,740,3.3529,160,310,470,1.9375,150,250,400,1.6667,130,170,300,1.3077,110,130,240,1.1818,90,110,200,1.2222,93,55
770,210,570,230,430,660,1.8696,170,290,460,1.7059,150,240,390,1.6,140,190,330,1.3571,110,140,250,1.2727,90,120,210,1.3333,93,55
780,200,580,180,480,660,2.6667,150,250,400,1.6667,140,220,360,1.5714,120,160,280,1.3333,110,130,240,1.1818,90,110,200,1.2222,93,55
770,200,570,170,360,530,2.1176,150,230,380,1.5333,130,210,340,1.6154,120,160,280,1.3333,90,130,220,1.4444,90,100,190,1.1111,93,55
780,200,560,170,390,560,2.2941,140,260,400,1.8571,130,220,350,1.6923,110,170,280,1.5455,90,130,220,1.4444,80,120,200,1.5,92,54
780,220,570,180,420,600,2.3333,160,270,430,1.6875,140,220,360,1.5714,120,170,290,1.4167,110,130,240,1.1818,90,100,190,1.1111,91,54
780,210,580,180,410,590,2.2778,150,260,410,1.7333,140,220,360,1.5714,130,180,310,1.3846,100,130,230,1.3,100,110,210,1.1,91,54
790,200,590,190,420,610,2.2105,160,270,430,1.6875,140,220,360,1.5714,120,170,290,1.4167,110,130,240,1.1818,90,100,190,1.1111,91,54
790,200,590,170,600,770,3.5294,150,290,440,1.9333,140,230,370,1.6429,110,170,280,1.5455,100,130,230,1.3,90,110,200,1.2222,92,54
790,200,570,170,430,600,2.5294,140,240,380,1.7143,140,210,350,1.5,110,160,270,1.4545,100,120,220,1.2,90,110,200,1.2222,91,54
780,220,570,170,420,590,2.4706,150,250,400,1.6667,140,210,350,1.5,120,170,290,1.4167,100,130,230,1.3,90,110,200,1.2222,91,54
790,210,580,170,430,600,2.5294,150,270,420,1.8,140,230,370,1.6429,120,180,300,1.5,100,140,240,1.4,90,110,200,1.2222,91,54
780,210,580,190,560,750,2.9474,160,300,460,1.875,150,250,400,1.6667,120,180,300,1.5,110,130,240,1.1818,90,100,190,1.1111,91,53
790,200,570,180,480,660,2.6667,150,280,430,1.8667,140,240,380,1.7143,120,180,300,1.5,100,140,240,1.4,90,120,210,1.3333,91,53
780,220,580,180,470,650,2.6111,160,310,470,1.9375,150,250,400,1.6667,130,180,310,1.3846,110,140,250,1.2727,90,120,210,1.3333,91,53
790,200,600,220,420,640,1.9091,180,270,450,1.5,160,260,420,1.625,120,200,320,1.6667,110,150,260,1.3636,100,120,220,1.2,91,54
800,190,600,160,420,580,2.625,140,250,390,1.7857,130,220,350,1.6923,110,170,280,1.5455,100,130,230,1.3,80,120,200,1.5,91,53
790,200,580,170,480,650,2.8235,140,280,420,2.0,140,230,370,1.6429,110,180,290,1.6364,100,130,230,1.3,90,110,200,1.2222,90,53
780,210,570,170,580,750,3.4118,140,330,470,2.3571,130,250,380,1.9231,100,180,280,1.8,90,140,230,1.5556,80,120,200,1.5,90,53
780,210,580,170,520,690,3.0588,150,290,440,1.9333,140,240,380,1.7143,120,190,310,1.5833,100,140,240,1.4,80,110,190,1.375,90,53
800,200,600,220,450,670,2.0455,180,360,540,2.0,160,290,450,1.8125,130,200,330,1.5385,110,150,260,1.3636,100,130,230,1.3,90,53
800,200,600,190,450,640,2.3684,160,260,420,1.625,140,220,360,1.5714,130,170,300,1.3077,100,130,230,1.3,90,110,200,1.2222,89,52
800,200,590,170,420,590,2.4706,150,250,400,1.6667,140,210,350,1.5,120,160,280,1.3333,100,120,220,1.2,90,100,190,1.1111,89,52
790,220,570,180,580,760,3.2222,160,340,500,2.125,140,260,400,1.8571,120,190,310,1.5833,110,140,250,1.2727,90,120,210,1.3333,88,52
790,220,590,240,520,760,2.1667,170,320,490,1.8824,150,270,420,1.8,140,190,330,1.3571,110,140,250,1.2727,100,110,210,1.1,89,52
790,200,590,200,410,610,2.05,160,260,420,1.625,150,220,370,1.4667,130,170,300,1.3077,110,130,240,1.1818,100,110,210,1.1,88,52
790,200,590,170,410,580,2.4118,150,250,400,1.6667,130,220,350,1.6923,120,170,290,1.4167,100,130,230,1.3,90,110,200,1.2222,88,52
800,200,580,170,530,700,3.1176,150,300,450,2.0,130,250,380,1.9231,120,170,290,1.4167,100,130,230,1.3,80,110,190,1.375,88,51
780,220,560,180,570,750,3.1667,160,300,460,1.875,150,240,390,1.6,120,180,300,1.5,110,130,240,1.1818,100,110,210,1.1,87,51
770,220,570,180,480,660,2.6667,160,280,440,1.75,140,240,380,1.7143,130,180,310,1.3846,100,140,240,1.4,100,120,220,1.2,87,51
800,200,620,220,510,730,2.3182,190,340,530,1.7895,160,280,440,1.75,140,200,340,1.4286,110,150,260,1.3636,90,130,220,1.4444,87,51
820,180,600,200,410,610,2.05,200,260,460,1.3,160,230,390,1.4375,130,170,300,1.3077,110,130,240,1.1818,90,110,200,1.2222,87,51
770,280,570,300,410,710,1.3667,180,280,460,1.5556,170,240,410,1.4118,140,170,310,1.2143,120,130,250,1.0833,110,90,200,0.81818,87,50
800,200,590,220,440,660,2.0,190,310,500,1.6316,160,250,410,1.5625,140,190,330,1.3571,110,140,250,1.2727,100,120,220,1.2,87,50
790,210,490,180,500,680,2.7778,150,290,440,1.9333,140,230,370,1.6429,120,170,290,1.4167,100,130,230,1.3,90,110,200,1.2222,86,50
790,300,570,180,500,680,2.7778,160,300,460,1.875,150,250,400,1.6667,130,180,310,1.3846,110,130,240,1.1818,90,110,200,1.2222,85,50
770,220,550,190,560,750,2.9474,160,300,460,1.875,160,240,400,1.5,130,180,310,1.3846,120,140,260,1.1667,100,110,210,1.1,85,50
790,220,570,190,410,600,2.1579,160,270,430,1.6875,150,240,390,1.6,130,200,330,1.5385,110,150,260,1.3636,90,130,220,1.4444,86,50
790,220,580,240,440,680,1.8333,180,300,480,1.6667,150,260,410,1.7333,140,190,330,1.3571,120,140,260,1.1667,110,120,230,1.0909,86,50
780,210,580,180,460,640,2.5556,150,280,430,1.8667,150,240,390,1.6,130,180,310,1.3846,110,140,250,1.2727,100,110,210,1.1,85,49
800,200,590,170,450,620,2.6471,140,250,390,1.7857,130,210,340,1.6154,120,170,290,1.4167,100,130,230,1.3,90,110,200,1.2222,85,49
790,210,570,180,500,680,2.7778,160,330,490,2.0625,140,270,410,1.9286,130,190,320,1.4615,110,140,250,1.2727,90,110,200,1.2222,85,49
780,220,560,180,570,750,3.1667,160,380,540,2.375,150,280,430,1.8667,130,190,320,1.4615,110,140,250,1.2727,90,120,210,1.3333,85,49
770,220,560,190,540,730,2.8421,160,330,490,2.0625,150,270,420,1.8,140,190,330,1.3571,110,140,250,1.2727,110,110,220,1.0,85,49
790,210,580,230,450,680,1.9565,200,300,500,1.5,170,260,430,1.5294,140,190,330,1.3571,120,140,260,1.1667,100,120,220,1.2,86,49
790,210,590,200,410,610,2.05,160,260,420,1.625,150,240,390,1.6,130,190,320,1.4615,110,150,260,1.3636,100,120,220,1.2,86,49
790,200,570,170,490,660,2.8824,150,310,460,2.0667,140,250,390,1.7857,120,190,310,1.5833,100,140,240,1.4,90,120,210,1.3333,85,49
770,220,550,180,530,710,2.9444,160,290,450,1.8125,140,240,380,1.7143,130,180,310,1.3846,110,130,240,1.1818,90,110,200,1.2222,85,49
780,220,560,180,570,750,3.1667,150,360,510,2.4,140,280,420,2.0,110,200,310,1.8182,90,160,250,1.7778,80,130,210,1.625,85,49
780,220,580,240,460,700,1.9167,180,320,500,1.7778,160,270,430,1.6875,140,200,340,1.4286,110,160,270,1.4545,110,120,230,1.0909,85,49
800,200,590,220,440,660,2.0,180,360,540,2.0,150,280,430,1.8667,130,200,330,1.5385,110,160,270,1.4545,90,120,210,1.3333,86,49
790,210,570,180,440,620,2.4444,160,270,430,1.6875,140,230,370,1.6429,130,170,300,1.3077,110,120,230,1.0909,100,110,210,1.1,86,49
770,220,550,190,470,660,2.4737,170,290,460,1.7059,160,230,390,1.4375,130,170,300,1.3077,120,130,250,1.0833,100,100,200,1.0,86,49
780,220,570,180,480,660,2.6667,150,310,460,2.0667,150,260,410,1.7333,130,190,320,1.4615,110,150,260,1.3636,90,120,210,1.3333,86,50
780,210,570,230,440,670,1.913,190,290,480,1.5263,170,250,420,1.4706,140,190,330,1.3571,130,140,270,1.0769,110,120,230,1.0909,87,50
790,210,580,190,420,610,2.2105,150,270,420,1.8,150,230,380,1.5333,120,180,300,1.5,110,130,240,1.1818,100,110,210,1.1,87,50
780,210,550,180,450,630,2.5,160,280,440,1.75,150,230,380,1.5333,130,170,300,1.3077,110,130,240,1.1818,90,110,200,1.2222,87,50
760,230,540,190,550,740,2.8947,160,400,560,2.5,160,250,410,1.5625,130,180,310,1.3846,120,140,260,1.1667,100,110,210,1.1,87,50
750,220,550,180,560,740,3.1111,160,330,490,2.0625,150,270,420,1.8,120,200,320,1.6667,110,150,260,1.3636,90,130,220,1.4444,88,50
770,200,570,170,350,520,2.0588,150,260,410,1.7333,140,230,370,1.6429,120,180,300,1.5,110,140,250,1.2727,100,110,210,1.1,88,50
780,210,570,180,450,630,2.5,160,280,440,1.75,150,230,380,1.5333,130,180,310,1.3846,110,130,240,1.1818,100,100,200,1.0,88,51
790,210,490,180,500,680,2.7778,160,320,480,2.0,150,250,400,1.6667,130,190,320,1.4615,100,140,240,1.4,100,120,220,1.2,88,51
760,230,560,190,540,730,2.8421,170,360,530,2.1176,150,260,410,1.7333,130,190,320,1.4615,110,160,270,1.4545,100,120,220,1.2,89,51
800,200,590,220,420,640,1.9091,220,270,490,1.2273,180,240,420,1.3333,140,210,350,1.5,110,160,270,1.4545,100,130,230,1.3,89,51
800,210,590,180,440,620,2.4444,150,280,430,1.8667,140,230,370,1.6429,130,170,300,1.3077,100,130,230,1.3,100,110,210,1.1,89,51
790,210,560,180,480,660,2.6667,160,280,440,1.75,140,230,370,1.6429,130,170,300,1.3077,110,140,250,1.2727,100,110,210,1.1,89,51
770,230,550,180,560,740,3.1111,160,380,540,2.375,140,280,420,2.0,130,190,320,1.4615,110,140,250,1.2727,100,110,210,1.1,89,51
770,220,570,190,540,730,2.8421,170,350,520,2.0588,150,280,430,1.8667,140,200,340,1.4286,110,150,260,1.3636,90,120,210,1.3333,89,51
790,200,580,220,430,650,1.9545,220,390,610,1.7727,180,310,490,1.7222,150,220,370,1.4667,120,160,280,1.3333,110,130,240,1.1818,89,51
790,210,580,230,450,680,1.9565,170,290,460,1.7059,160,240,400,1.5,140,180,320,1.2857,120,140,260,1.1667,100,110,210,1.1,89,52
790,210,580,180,500,680,2.7778,160,250,410,1.5625,150,210,360,1.4,130,160,290,1.2308,110,120,230,1.0909,100,100,200,1.0,89,51
780,220,560,190,570,760,3.0,170,420,590,2.4706,150,280,430,1.8667,140,190,330,1.3571,110,140,250,1.2727,110,110,220,1.0,89,51
770,220,580,210,530,740,2.5238,170,330,500,1.9412,160,270,430,1.6875,130,190,320,1.4615,120,140,260,1.1667,100,120,220,1.2,90,52
790,210,580,180,450,630,2.5,150,280,430,1.8667,150,230,380,1.5333,130,170,300,1.3077,100,130,230,1.3,90,110,200,1.2222,89,51
780,210,570,180,580,760,3.2222,160,420,580,2.625,150,260,410,1.7333,120,180,300,1.5,110,130,240,1.1818,90,100,190,1.1111,89,51
790,210,570,170,580,750,3.4118,150,320,470,2.1333,140,260,400,1.8571,120,190,310,1.5833,100,150,250,1.5,90,120,210,1.3333,89,51
770,220,560,190,570,760,3.0,160,330,490,2.0625,150,280,430,1.8667,130,200,330,1.5385,110,150,260,1.3636,100,120,220,1.2,89,51
800,210,590,230,450,680,1.9565,180,320,500,1.7778,170,270,440,1.5882,140,200,340,1.4286,110,160,270,1.4545,90,120,210,1.3333,89,51
790,210,580,210,430,640,2.0476,170,280,450,1.6471,160,240,400,1.5,140,170,310,1.2143,110,140,250,1.2727,100,110,210,1.1,89,51
790,210,570,170,510,680,3.0,160,260,420,1.625,140,220,360,1.5714,130,170,300,1.3077,100,130,230,1.3,90,100,190,1.1111,89,51
780,220,570,180,500,680,2.7778,160,300,460,1.875,150,240,390,1.6,120,180,300,1.5,110,140,250,1.2727,90,120,210,1.3333,88,51
790,210,570,180,580,760,3.2222,150,400,550,2.6667,140,280,420,2.0,120,200,320,1.6667,90,150,240,1.6667,90,120,210,1.3333,88,51
770,220,570,180,460,640,2.5556,160,280,440,1.75,150,240,390,1.6,130,190,320,1.4615,110,140,250,1.2727,90,120,210,1.3333,89,51
790,200,590,220,440,660,2.0,180,290,470,1.6111,160,250,410,1.5625,140,190,330,1.3571,110,150,260,1.3636,100,120,220,1.2,89,51
780,200,580,190,470,660,2.4737,160,260,420,1.625,150,220,370,1.4667,130,170,300,1.3077,110,130,240,1.1818,100,100,200,1.0,88,51
780,200,560,180,450,630,2.5,150,280,430,1.8667,140,230,370,1.6429,120,180,300,1.5,110,140,250,1.2727,90,110,200,1.2222,88,51
770,220,550,180,560,740,3.1111,160,320,480,2.0,150,250,400,1.6667,130,190,320,1.4615,100,140,240,1.4,90,120,210,1.3333,88,51
770,220,560,180,570,750,3.1667,150,330,480,2.2,140,280,420,2.0,130,200,330,1.5385,100,160,260,1.6,90,130,220,1.4444,88,51
780,210,580,230,460,690,2.0,190,320,510,1.6842,160,260,420,1.625,140,190,330,1.3571,100,150,250,1.5,100,120,220,1.2,88,51
770,200,560,210,430,640,2.0476,170,270,440,1.5882,150,230,380,1.5333,130,170,300,1.3077,110,140,250,1.2727,100,110,210,1.1,89,51
780,210,560,170,440,610,2.5882,150,260,410,1.7333,140,220,360,1.5714,120,160,280,1.3333,100,120,220,1.2,90,110,200,1.2222,88,51
770,220,560,180,490,670,2.7222,160,280,440,1.75,150,230,380,1.5333,130,180,310,1.3846,110,140,250,1.2727,90,110,200,1.2222,88,51
770,210,540,180,550,730,3.0556,160,310,470,1.9375,150,250,400,1.6667,130,180,310,1.3846,110,140,250,1.2727,90,120,210,1.3333,88,51
750,230,550,190,510,700,2.6842,170,300,470,1.7647,160,240,400,1.5,140,190,330,1.3571,110,140,250,1.2727,100,120,220,1.2,88,51
780,200,580,220,450,670,2.0455,170,300,470,1.7647,150,250,400,1.6667,130,200,330,1.5385,110,150,260,1.3636,90,130,220,1.4444,88,51
780,200,570,200,390,590,1.95,150,270,420,1.8,150,220,370,1.4667,120,170,290,1.4167,110,130,240,1.1818,100,110,210,1.1,88,51
770,210,560,180,490,670,2.7222,150,290,440,1.9333,140,240,380,1.7143,130,180,310,1.3846,100,140,240,1.4,90,110,200,1.2222,88,51
800,210,550,180,480,660,2.6667,150,290,440,1.9333,140,240,380,1.7143,130,180,310,1.3846,100,130,230,1.3,90,110,200,1.2222,88,51
750,250,530,210,540,750,2.5714,180,360,540,2.0,180,260,440,1.4444,160,180,340,1.125,140,120,260,0.85714,120,100,220,0.8333299999999999,87,50
780,220,580,200,440,640,2.2,170,290,460,1.7059,150,250,400,1.6667,130,190,320,1.4615,110,150,260,1.3636,90,120,210,1.3333,88,50
790,200,590,220,510,730,2.3182,190,370,560,1.9474,160,290,450,1.8125,140,200,340,1.4286,110,150,260,1.3636,100,120,220,1.2,88,50
800,200,580,160,400,560,2.5,140,270,410,1.9286,140,230,370,1.6429,120,180,300,1.5,100,130,230,1.3,90,120,210,1.3333,88,50
780,220,560,190,470,660,2.4737,150,280,430,1.8667,150,230,380,1.5333,140,170,310,1.2143,110,130,240,1.1818,100,110,210,1.1,87,50
780,220,570,190,580,770,3.0526,160,450,610,2.8125,150,330,480,2.2,130,220,350,1.6923,110,140,250,1.2727,100,120,220,1.2,87,50
780,210,580,180,470,650,2.6111,160,290,450,1.8125,150,250,400,1.6667,130,190,320,1.4615,100,150,250,1.5,100,120,220,1.2,87,50
790,200,590,220,440,660,2.0,170,300,470,1.7647,160,260,420,1.625,130,190,320,1.4615,110,150,260,1.3636,90,130,220,1.4444,87,50
800,200,590,220,460,680,2.0909,180,310,490,1.7222,160,260,420,1.625,140,190,330,1.3571,110,150,260,1.3636,90,130,220,1.4444,87,50
790,210,570,180,440,620,2.4444,150,270,420,1.8,150,230,380,1.5333,120,180,300,1.5,100,140,240,1.4,90,120,210,1.3333,87,49
780,220,580,240,430,670,1.7917,180,300,480,1.6667,160,260,420,1.625,140,190,330,1.3571,110,160,270,1.4545,110,120,230,1.0909,87,49
780,220,570,180,480,660,2.6667,160,270,430,1.6875,150,220,370,1.4667,130,180,310,1.3846,110,130,240,1.1818,100,100,200,1.0,87,49
780,210,500,180,440,620,2.4444,150,290,440,1.9333,150,240,390,1.6,120,200,320,1.6667,110,140,250,1.2727,90,110,200,1.2222,87,49
780,280,560,190,570,760,3.0,160,440,600,2.75,150,300,450,2.0,130,210,340,1.6154,100,160,260,1.6,90,130,220,1.4444,87,49
770,220,560,190,510,700,2.6842,160,320,480,2.0,150,270,420,1.8,130,190,320,1.4615,110,150,260,1.3636,100,120,220,1.2,87,49
790,210,580,230,410,640,1.7826,200,270,470,1.35,170,240,410,1.4118,140,200,340,1.4286,120,150,270,1.25,110,120,230,1.0909,87,49
780,210,570,180,450,630,2.5,150,280,430,1.8667,150,230,380,1.5333,120,170,290,1.4167,110,130,240,1.1818,100,110,210,1.1,87,49
780,210,560,170,410,580,2.4118,160,260,420,1.625,150,220,370,1.4667,130,170,300,1.3077,100,130,230,1.3,90,110,200,1.2222,87,49
780,220,560,170,550,720,3.2353,150,310,460,2.0667,140,250,390,1.7857,110,190,300,1.7273,90,150,240,1.6667,80,120,200,1.5,87,49
770,220,550,190,560,750,2.9474,170,370,540,2.1765,150,270,420,1.8,130,190,320,1.4615,110,140,250,1.2727,90,120,210,1.3333,87,49
770,220,570,240,440,680,1.8333,190,350,540,1.8421,170,280,450,1.6471,140,200,340,1.4286,120,150,270,1.25,110,120,230,1.0909,87,49
780,200,560,220,410,630,1.8636,170,280,450,1.6471,160,230,390,1.4375,130,180,310,1.3846,110,140,250,1.2727,100,110,210,1.1,86,49
760,230,550,190,560,750,2.9474,170,330,500,1.9412,160,260,420,1.625,130,190,320,1.4615,120,140,260,1.1667,100,120,220,1.2,86,49
780,210,570,230,450,680,1.9565,230,310,540,1.3478,230,260,490,1.1304,170,200,370,1.1765,140,150,290,1.0714,110,130,240,1.1818,86,49
790,210,580,230,430,660,1.8696,160,280,440,1.75,150,250,400,1.6667,110,190,300,1.7273,110,150,260,1.3636,90,120,210,1.3333,86,49
790,210,560,180,570,750,3.1667,160,280,440,1.75,140,240,380,1.7143,130,180,310,1.3846,110,140,250,1.2727,100,110,210,1.1,86,49
770,230,540,200,510,710,2.55,170,300,470,1.7647,160,240,400,1.5,140,170,310,1.2143,110,130,240,1.1818,100,110,210,1.1,85,48
760,230,550,190,560,750,2.9474,170,350,520,2.0588,160,280,440,1.75,140,200,340,1.4286,110,150,260,1.3636,100,120,220,1.2,86,49
790,210,590,230,460,690,2.0,170,330,500,1.9412,150,280,430,1.8667,130,220,350,1.6923,100,170,270,1.7,90,150,240,1.6667,87,49
790,200,580,200,450,650,2.25,160,290,450,1.8125,150,250,400,1.6667,130,180,310,1.3846,110,140,250,1.2727,90,120,210,1.3333,87,49
780,210,560,180,430,610,2.3889,160,280,440,1.75,150,240,390,1.6,120,180,300,1.5,110,140,250,1.2727,90,110,200,1.2222,87,50
780,220,560,190,560,750,2.9474,160,330,490,2.0625,150,270,420,1.8,130,190,320,1.4615,110,140,250,1.2727,100,120,220,1.2,88,50
770,220,540,190,550,740,2.8947,150,340,490,2.2667,150,270,420,1.8,130,200,330,1.5385,120,140,260,1.1667,100,120,220,1.2,88,50
760,230,560,190,410,600,2.1579,170,290,460,1.7059,160,250,410,1.5625,130,190,320,1.4615,110,140,250,1.2727,100,120,220,1.2,88,50
790,200,580,220,440,660,2.0,180,290,470,1.6111,160,250,410,1.5625,130,190,320,1.4615,110,150,260,1.3636,100,130,230,1.3,89,51
780,210,570,190,410,600,2.1579,160,260,420,1.625,150,220,370,1.4667,130,190,320,1.4615,110,130,240,1.1818,100,100,200,1.0,88,51
770,210,540,180,550,730,3.0556,150,360,510,2.4,130,240,370,1.8462,130,170,300,1.3077,110,120,230,1.0909,100,110,210,1.1,88,51
780,230,550,250,390,640,1.56,170,270,440,1.5882,150,240,390,1.6,130,180,310,1.3846,110,140,250,1.2727,100,110,210,1.1,88,51
770,230,530,190,540,730,2.8421,170,360,530,2.1176,160,270,430,1.6875,130,200,330,1.5385,110,150,260,1.3636,100,130,230,1.3,88,51
770,240,570,190,450,640,2.3684,170,290,460,1.7059,160,250,410,1.5625,140,200,340,1.4286,120,150,270,1.25,100,120,220,1.2,89,51
790,200,580,220,410,630,1.8636,180,280,460,1.5556,150,240,390,1.6,130,190,320,1.4615,100,140,240,1.4,100,110,210,1.1,89,51
770,210,560,180,430,610,2.3889,160,260,420,1.625,140,230,370,1.6429,130,170,300,1.3077,110,130,240,1.1818,100,110,210,1.1,89,51
780,210,560,180,440,620,2.4444,150,270,420,1.8,150,240,390,1.6,120,180,300,1.5,100,140,240,1.4,90,110,200,1.2222,89,51
780,220,560,180,570,750,3.1667,160,330,490,2.0625,150,260,410,1.7333,130,190,320,1.4615,100,150,250,1.5,90,130,220,1.4444,88,51
770,220,560,190,570,760,3.0,150,320,470,2.1333,150,270,420,1.8,120,200,320,1.6667,100,150,250,1.5,80,110,190,1.375,88,51
780,210,580,230,440,670,1.913,190,300,490,1.5789,170,250,420,1.4706,140,190,330,1.3571,120,140,260,1.1667,100,120,220,1.2,89,51
780,200,570,190,420,610,2.2105,160,300,460,1.875,140,240,380,1.7143,120,190,310,1.5833,100,140,240,1.4,100,120,220,1.2,89,51
770,210,570,170,480,650,2.8235,160,280,440,1.75,140,230,370,1.6429,120,180,300,1.5,100,140,240,1.4,80,110,190,1.375,89,51
780,200,560,170,440,610,2.5882,150,270,420,1.8,140,230,370,1.6429,120,170,290,1.4167,90,130,220,1.4444,90,110,200,1.2222,88,51
770,220,550,190,560,750,2.9474,160,440,600,2.75,150,310,460,2.0667,130,220,350,1.6923,110,150,260,1.3636,100,120,220,1.2,88,50
770,220,570,190,450,640,2.3684,160,300,460,1.875,150,250,400,1.6667,130,180,310,1.3846,110,140,250,1.2727,100,120,220,1.2,89,50
800,200,590,220,440,660,2.0,170,290,460,1.7059,160,250,410,1.5625,130,190,320,1.4615,100,150,250,1.5,90,140,230,1.5556,89,50
780,210,570,200,410,610,2.05,170,250,420,1.4706,150,220,370,1.4667,130,170,300,1.3077,100,140,240,1.4,80,100,180,1.25,88,50
780,210,570,180,490,670,2.7222,150,310,460,2.0667,150,250,400,1.6667,120,190,310,1.5833,110,140,250,1.2727,90,110,200,1.2222,88,50
780,210,550,180,560,740,3.1111,160,300,460,1.875,150,250,400,1.6667,130,180,310,1.3846,110,140,250,1.2727,90,120,210,1.3333,88,50
750,230,540,190,550,740,2.8947,170,340,510,2.0,150,270,420,1.8,140,190,330,1.3571,110,140,250,1.2727,110,110,220,1.0,88,50
780,210,590,230,460,690,2.0,180,310,490,1.7222,160,260,420,1.625,140,200,340,1.4286,100,160,260,1.6,100,130,230,1.3,88,50
780,190,580,210,400,610,1.9048,160,250,410,1.5625,150,210,360,1.4,120,150,270,1.25,100,110,210,1.1,90,100,190,1.1111,88,50
800,200,580,170,400,570,2.3529,140,260,400,1.8571,140,230,370,1.6429,110,180,290,1.6364,100,130,230,1.3,80,120,200,1.5,88,50
780,220,550,180,560,740,3.1111,160,320,480,2.0,150,250,400,1.6667,130,180,310,1.3846,110,130,240,1.1818,100,110,210,1.1,87,50
770,220,570,240,430,670,1.7917,170,290,460,1.7059,170,250,420,1.4706,130,200,330,1.5385,120,140,260,1.1667,100,120,220,1.2,88,50
790,200,590,220,380,600,1.7273,180,300,480,1.6667,160,280,440,1.75,140,200,340,1.4286,110,150,260,1.3636,100,120,220,1.2,88,50
790,200,570,170,400,570,2.3529,150,260,410,1.7333,140,230,370,1.6429,120,170,290,1.4167,100,130,230,1.3,90,110,200,1.2222,87,50
790,220,560,180,460,640,2.5556,160,270,430,1.6875,150,230,380,1.5333,130,180,310,1.3846,110,140,250,1.2727,100,110,210,1.1,86,50
730,230,500,190,510,700,2.6842,170,340,510,2.0,150,260,410,1.7333,130,190,320,1.4615,110,130,240,1.1818,80,110,190,1.375,86,50
750,230,540,200,520,720,2.6,170,300,470,1.7647,160,250,410,1.5625,130,190,320,1.4615,120,140,260,1.1667,100,120,220,1.2,87,50
790,210,580,230,510,740,2.2174,230,360,590,1.5652,170,300,470,1.7647,140,220,360,1.5714,100,170,270,1.7,100,140,240,1.4,87,50
770,210,560,200,400,600,2.0,170,270,440,1.5882,150,230,380,1.5333,140,170,310,1.2143,110,130,240,1.1818,100,110,210,1.1,87,50
780,210,550,190,400,590,2.1053,150,270,420,1.8,150,230,380,1.5333,130,180,310,1.3846,110,140,250,1.2727,100,110,210,1.1,87,50
770,220,540,180,550,730,3.0556,160,430,590,2.6875,150,310,460,2.0667,130,200,330,1.5385,110,150,260,1.3636,90,130,220,1.4444,87,50
820,180,610,200,440,640,2.2,160,290,450,1.8125,140,250,390,1.7857,110,200,310,1.8182,80,130,210,1.625,70,80,150,1.1429,88,51
780,210,560,180,380,560,2.1111,160,260,420,1.625,150,230,380,1.5333,120,180,300,1.5,100,140,240,1.4,90,110,200,1.2222,88,51
780,220,460,180,400,580,2.2222,160,270,430,1.6875,150,230,380,1.5333,130,170,300,1.3077,110,130,240,1.1818,100,110,210,1.1,88,51
770,320,540,200,550,750,2.75,160,340,500,2.125,160,260,420,1.625,130,180,310,1.3846,120,140,260,1.1667,100,110,210,1.1,88,51
750,230,540,190,550,740,2.8947,170,320,490,1.8824,160,250,410,1.5625,130,190,320,1.4615,120,140,260,1.1667,100,120,220,1.2,89,51
780,210,580,230,460,690,2.0,160,300,460,1.875,160,260,420,1.625,130,210,340,1.6154,110,160,270,1.4545,90,140,230,1.5556,89,51
790,200,590,220,430,650,1.9545,160,280,440,1.75,140,240,380,1.7143,120,180,300,1.5,100,140,240,1.4,90,120,210,1.3333,89,51
790,200,570,170,430,600,2.5294,150,250,400,1.6667,140,210,350,1.5,120,170,290,1.4167,100,130,230,1.3,90,100,190,1.1111,89,51
780,220,550,180,460,640,2.5556,140,260,400,1.8571,140,220,360,1.5714,120,170,290,1.4167,110,120,230,1.0909,100,100,200,1.0,88,51
760,230,540,190,550,740,2.8947,170,320,490,1.8824,160,260,420,1.625,140,190,330,1.3571,110,130,240,1.1818,100,110,210,1.1,88,51
760,220,550,180,440,620,2.4444,160,290,450,1.8125,150,240,390,1.6,130,180,310,1.3846,110,130,240,1.1818,100,110,210,1.1,89,51
720,210,520,230,390,620,1.6957,180,260,440,1.4444,160,220,380,1.375,140,170,310,1.2143,110,130,240,1.1818,100,110,210,1.1,89,51
800,200,600,190,400,590,2.1053,150,240,390,1.6,130,200,330,1.5385,120,160,280,1.3333,100,120,220,1.2,90,100,190,1.1111,88,51
780,200,570,170,580,750,3.4118,140,330,470,2.3571,140,250,390,1.7857,120,180,300,1.5,100,130,230,1.3,90,110,200,1.2222,88,51
750,210,530,180,400,580,2.2222,160,260,420,1.625,150,220,370,1.4667,120,170,290,1.4167,110,130,240,1.1818,100,100,200,1.0,87,51
760,220,550,180,560,740,3.1111,150,320,470,2.1333,140,250,390,1.7857,120,190,310,1.5833,100,140,240,1.4,90,110,200,1.2222,87,50
750,210,550,230,420,650,1.8261,180,290,470,1.6111,160,260,420,1.625,140,190,330,1.3571,110,140,250,1.2727,110,110,220,1.0,86,50
760,200,560,220,420,640,1.9091,160,270,430,1.6875,140,230,370,1.6429,120,170,290,1.4167,100,140,240,1.4,90,120,210,1.3333,85,50
760,200,560,160,400,560,2.5,130,240,370,1.8462,130,200,330,1.5385,110,160,270,1.4545,100,120,220,1.2,80,100,180,1.25,85,50
760,200,550,170,560,730,3.2941,130,270,400,2.0769,130,230,360,1.7692,110,170,280,1.5455,100,130,230,1.3,90,120,210,1.3333,84,49
760,190,560,210,420,630,2.0,200,280,480,1.4,160,240,400,1.5,130,180,310,1.3846,110,140,250,1.2727,100,120,220,1.2,84,49
770,200,570,190,380,570,2.0,160,260,420,1.625,140,220,360,1.5714,120,170,290,1.4167,110,130,240,1.1818,90,100,190,1.1111,85,49
750,200,550,170,430,600,2.5294,150,240,390,1.6,140,210,350,1.5,130,160,290,1.2308,100,130,230,1.3,90,110,200,1.2222,84,49
760,200,540,170,550,720,3.2353,150,290,440,1.9333,140,240,380,1.7143,120,180,300,1.5,100,130,230,1.3,80,100,180,1.25,83,48
740,220,530,180,500,680,2.7778,160,270,430,1.6875,150,220,370,1.4667,120,170,290,1.4167,110,130,240,1.1818,90,100,190,1.1111,83,48
760,210,560,170,530,700,3.1176,140,300,440,2.1429,140,260,400,1.8571,110,190,300,1.7273,100,150,250,1.5,80,120,200,1.5,83,48
760,200,570,220,430,650,1.9545,180,280,460,1.5556,160,240,400,1.5,130,180,310,1.3846,110,130,240,1.1818,100,120,220,1.2,84,48
760,190,560,180,400,580,2.2222,150,260,410,1.7333,140,230,370,1.6429,110,170,280,1.5455,90,130,220,1.4444,90,110,200,1.2222,83,48
750,200,550,170,480,650,2.8235,140,270,410,1.9286,140,230,370,1.6429,110,170,280,1.5455,100,130,230,1.3,80,110,190,1.375,83,48
760,200,540,170,490,660,2.8824,150,250,400,1.6667,130,220,350,1.6923,120,170,290,1.4167,100,140,240,1.4,90,110,200,1.2222,82,48
760,220,540,180,550,730,3.0556,160,390,550,2.4375,150,280,430,1.8667,130,200,330,1.5385,110,150,260,1.3636,90,120,210,1.3333,82,48
760,220,540,200,410,610,2.05,170,280,450,1.6471,160,240,400,1.5,130,170,300,1.3077,120,130,250,1.0833,100,100,200,1.0,82,48
750,220,560,240,450,690,1.875,180,310,490,1.7222,170,260,430,1.5294,140,190,330,1.3571,120,140,260,1.1667,100,120,220,1.2,82,48
770,190,560,200,370,570,1.85,160,230,390,1.4375,140,200,340,1.4286,120,160,280,1.3333,100,120,220,1.2,80,100,180,1.25,82,48
750,210,540,180,500,680,2.7778,150,270,420,1.8,140,220,360,1.5714,130,170,300,1.3077,100,130,230,1.3,90,100,190,1.1111,82,48
770,210,420,170,430,600,2.5294,150,280,430,1.8667,140,240,380,1.7143,120,180,300,1.5,90,140,230,1.5556,80,120,200,1.5,82,48
740,350,530,190,540,730,2.8421,160,330,490,2.0625,150,250,400,1.6667,130,180,310,1.3846,110,140,250,1.2727,100,110,210,1.1,82,48
750,210,570,230,460,690,2.0,170,300,470,1.7647,150,250,400,1.6667,120,190,310,1.5833,110,150,260,1.3636,90,120,210,1.3333,83,48
750,210,540,180,470,650,2.6111,150,260,410,1.7333,140,220,360,1.5714,120,170,290,1.4167,100,130,230,1.3,90,100,190,1.1111,82,48
770,210,550,170,450,620,2.6471,150,270,420,1.8,140,230,370,1.6429,110,180,290,1.6364,100,140,240,1.4,80,110,190,1.375,82,48
750,220,550,180,450,630,2.5,150,280,430,1.8667,150,230,380,1.5333,120,180,300,1.5,110,140,250,1.2727,100,110,210,1.1,82,48
760,200,560,170,570,740,3.3529,150,380,530,2.5333,140,270,410,1.9286,120,190,310,1.5833,100,130,230,1.3,90,110,200,1.2222,81,48
770,200,560,220,320,540,1.4545,160,230,390,1.4375,150,200,350,1.3333,130,160,290,1.2308,100,130,230,1.3,80,110,190,1.375,81,48
770,210,540,170,390,560,2.2941,150,220,370,1.4667,130,200,330,1.5385,120,160,280,1.3333,100,120,220,1.2,80,100,180,1.25,81,48
760,230,450,180,460,640,2.5556,160,270,430,1.6875,150,230,380,1.5333,130,170,300,1.3077,110,130,240,1.1818,90,110,200,1.2222,81,48
760,310,560,210,410,620,1.9524,170,290,460,1.7059,160,250,410,1.5625,130,180,310,1.3846,110,140,250,1.2727,90,120,210,1.3333,82,48
770,210,540,170,550,720,3.2353,140,290,430,2.0714,140,240,380,1.7143,110,180,290,1.6364,100,140,240,1.4,80,120,200,1.5,81,48
750,280,550,180,560,740,3.1111,150,330,480,2.2,140,260,400,1.8571,120,190,310,1.5833,100,140,240,1.4,90,120,210,1.3333,81,48
770,200,570,220,410,630,1.8636,220,330,550,1.5,210,300,510,1.4286,140,210,350,1.5,120,160,280,1.3333,100,130,230,1.3,82,48
770,200,570,200,400,600,2.0,150,250,400,1.6667,140,220,360,1.5714,120,170,290,1.4167,100,130,230,1.3,90,110,200,1.2222,82,49
760,200,550,180,420,600,2.3333,150,240,390,1.6,150,210,360,1.4,120,160,280,1.3333,100,120,220,1.2,90,100,190,1.1111,82,49
750,240,550,170,510,680,3.0,150,310,460,2.0667,140,250,390,1.7857,120,190,310,1.5833,110,150,260,1.3636,90,120,210,1.3333,82,49
760,200,560,170,550,720,3.2353,140,290,430,2.0714,140,240,380,1.7143,120,190,310,1.5833,100,140,240,1.4,80,120,200,1.5,82,49
780,200,580,220,410,630,1.8636,220,270,490,1.2273,200,230,430,1.15,130,170,300,1.3077,100,130,230,1.3,100,120,220,1.2,82,49
760,200,570,180,460,640,2.5556,160,260,420,1.625,140,220,360,1.5714,120,160,280,1.3333,110,120,230,1.0909,90,100,190,1.1111,82,49
770,190,560,160,320,480,2.0,140,220,360,1.5714,130,200,330,1.5385,120,150,270,1.25,90,120,210,1.3333,80,100,180,1.25,81,49
760,210,520,170,530,700,3.1176,160,250,410,1.5625,140,210,350,1.5,130,160,290,1.2308,110,120,230,1.0909,90,90,180,1.0,81,49
750,240,540,190,550,740,2.8947,170,290,460,1.7059,150,240,390,1.6,130,170,300,1.3077,110,130,240,1.1818,100,110,210,1.1,81,49
760,210,560,210,420,630,2.0,160,280,440,1.75,150,240,390,1.6,120,180,300,1.5,110,140,250,1.2727,90,120,210,1.3333,81,49
760,200,560,220,410,630,1.8636,160,250,410,1.5625,150,220,370,1.4667,110,170,280,1.5455,110,130,240,1.1818,90,100,190,1.1111,81,49
770,200,560,160,410,570,2.5625,140,230,370,1.6429,130,210,340,1.6154,120,160,280,1.3333,90,120,210,1.3333,80,100,180,1.25,80,48
770,210,560,170,570,740,3.3529,150,310,460,2.0667,130,240,370,1.8462,130,180,310,1.3846,110,130,240,1.1818,90,100,190,1.1111,80,48
750,210,540,180,550,730,3.0556,150,260,410,1.7333,140,220,360,1.5714,130,160,290,1.2308,100,120,220,1.2,100,100,200,1.0,80,48
760,210,560,170,430,600,2.5294,140,280,420,2.0,140,240,380,1.7143,120,170,290,1.4167,100,130,230,1.3,90,110,200,1.2222,80,48
760,200,570,220,420,640,1.9091,180,270,450,1.5,160,230,390,1.4375,130,170,300,1.3077,110,130,240,1.1818,100,110,210,1.1,80,48
770,190,570,210,410,620,1.9524,150,250,400,1.6667,140,210,350,1.5,120,170,290,1.4167,100,130,230,1.3,90,100,190,1.1111,80,48
760,200,550,170,560,730,3.2941,150,330,480,2.2,140,240,380,1.7143,120,160,280,1.3333,100,120,220,1.2,90,100,190,1.1111,79,48
760,210,550,180,410,590,2.2778,150,240,390,1.6,140,210,350,1.5,120,160,280,1.3333,100,120,220,1.2,90,100,190,1.1111,79,48
760,210,550,180,560,740,3.1111,150,290,440,1.9333,140,240,380,1.7143,120,170,290,1.4167,100,130,230,1.3,90,110,200,1.2222,79,48
760,210,560,180,430,610,2.3889,150,270,420,1.8,140,230,370,1.6429,120,170,290,1.4167,100,130,230,1.3,80,110,190,1.375,79,48
760,200,560,220,410,630,1.8636,180,270,450,1.5,170,230,400,1.3529,140,170,310,1.2143,110,120,230,1.0909,90,110,200,1.2222,79,48
770,200,560,170,380,550,2.2353,140,240,380,1.7143,140,210,350,1.5,110,160,270,1.4545,100,120,220,1.2,80,100,180,1.25,79,48
760,210,530,170,520,690,3.0588,150,250,400,1.6667,140,210,350,1.5,120,160,280,1.3333,110,120,230,1.0909,90,100,190,1.1111,78,48
760,230,550,180,410,590,2.2778,150,260,410,1.7333,140,230,370,1.6429,120,170,290,1.4167,100,130,230,1.3,90,110,200,1.2222,77,47
760,210,540,180,550,730,3.0556,150,320,470,2.1333,150,230,380,1.5333,120,180,300,1.5,110,140,250,1.2727,90,110,200,1.2222,77,47
750,220,560,240,450,690,1.875,180,340,520,1.8889,160,290,450,1.8125,140,210,350,1.5,110,150,260,1.3636,110,120,230,1.0909,77,47
760,190,570,170,370,540,2.1765,140,240,380,1.7143,140,210,350,1.5,110,160,270,1.4545,100,130,230,1.3,80,110,190,1.375,78,47
760,190,560,160,480,640,3.0,140,250,390,1.7857,130,210,340,1.6154,110,160,270,1.4545,100,110,210,1.1,80,80,160,1.0,77,47
740,240,540,210,550,760,2.619,170,440,610,2.5882,160,280,440,1.75,140,190,330,1.3571,120,130,250,1.0833,100,110,210,1.1,77,46
750,200,560,220,420,640,1.9091,160,280,440,1.75,160,240,400,1.5,130,190,320,1.4615,110,140,250,1.2727,90,110,200,1.2222,77,46
770,190,570,210,370,580,1.7619,210,340,550,1.619,180,330,510,1.8333,140,210,350,1.5,110,150,260,1.3636,100,120,220,1.2,77,46
760,200,540,180,330,510,1.8333,160,230,390,1.4375,140,200,340,1.4286,120,150,270,1.25,100,120,220,1.2,90,100,190,1.1111,76,46
760,220,530,170,540,710,3.1765,160,270,430,1.6875,150,230,380,1.5333,120,170,290,1.4167,110,130,240,1.1818,90,100,190,1.1111,76,46
750,210,550,180,420,600,2.3333,150,280,430,1.8667,140,240,380,1.7143,120,180,300,1.5,100,140,240,1.4,90,120,210,1.3333,76,46
760,200,560,220,410,630,1.8636,170,260,430,1.5294,150,220,370,1.4667,130,170,300,1.3077,90,130,220,1.4444,90,110,200,1.2222,77,46
760,200,560,220,380,600,1.7273,180,250,430,1.3889,160,220,380,1.375,130,170,300,1.3077,100,130,230,1.3,90,100,190,1.1111,77,46
760,200,540,220,450,670,2.0455,180,330,510,1.8333,160,270,430,1.6875,130,190,320,1.4615,110,130,240,1.1818,100,110,210,1.1,76,46
740,220,410,180,420,600,2.3333,160,420,580,2.625,150,260,410,1.7333,130,180,310,1.3846,110,130,240,1.1818,90,110,200,1.2222,76,46
750,220,550,180,470,650,2.6111,160,290,450,1.8125,140,240,380,1.7143,130,190,320,1.4615,100,140,240,1.4,100,120,220,1.2,77,46
770,200,560,170,460,630,2.7059,150,250,400,1.6667,140,210,350,1.5,130,170,300,1.3077,100,130,230,1.3,90,100,190,1.1111,77,46
770,210,530,180,360,540,2.0,160,240,400,1.5,150,200,350,1.3333,140,160,300,1.1429,110,120,230,1.0909,100,90,190,0.9,77,46
760,180,550,200,380,580,1.9,170,250,420,1.4706,150,210,360,1.4,130,170,300,1.3077,110,130,240,1.1818,90,100,190,1.1111,77,46
730,210,530,180,470,650,2.6111,160,260,420,1.625,140,210,350,1.5,130,170,300,1.3077,110,120,230,1.0909,90,90,180,1.0,77,46
720,200,350,160,360,520,2.25,140,250,390,1.7857,130,220,350,1.6923,110,170,280,1.5455,100,130,230,1.3,80,110,190,1.375,77,46
750,370,540,180,550,730,3.0556,150,320,470,2.1333,140,240,380,1.7143,120,180,300,1.5,100,140,240,1.4,90,120,210,1.3333,78,46
730,210,540,180,480,660,2.6667,160,280,440,1.75,150,230,380,1.5333,130,170,300,1.3077,110,130,240,1.1818,90,110,200,1.2222,78,47
750,190,560,210,380,590,1.8095,200,240,440,1.2,160,210,370,1.3125,130,190,320,1.4615,90,150,240,1.6667,90,130,220,1.4444,78,47
750,190,550,180,380,560,2.1111,150,250,400,1.6667,140,210,350,1.5,120,180,300,1.5,100,130,230,1.3,90,100,190,1.1111,78,47
750,200,540,170,440,610,2.5882,150,260,410,1.7333,140,220,360,1.5714,120,160,280,1.3333,100,130,230,1.3,80,100,180,1.25,78,47
740,210,520,160,530,690,3.3125,150,350,500,2.3333,140,270,410,1.9286,110,190,300,1.7273,90,140,230,1.5556,70,110,180,1.5714,78,47
960,250,720,200,510,710,2.55,170,360,530,2.1176,160,300,460,1.875,140,200,340,1.4286,120,130,250,1.0833,100,100,200,1.0,170,99
930,240,640,210,650,860,3.0952,190,300,490,1.5789,180,270,450,1.5,170,180,350,1.0588,140,110,250,0.78571,130,90,220,0.69231,169,98
940,290,720,220,400,620,1.8182,180,350,530,1.9444,170,280,450,1.6471,150,190,340,1.2667,130,110,240,0.84615,110,90,200,0.81818,168,97
950,220,720,210,580,790,2.7619,190,310,500,1.6316,180,260,440,1.4444,160,170,330,1.0625,140,110,250,0.78571,120,90,210,0.75,167,96
980,230,680,200,510,710,2.55,170,340,510,2.0,160,310,470,1.9375,140,210,350,1.5,120,130,250,1.0833,110,100,210,0.90909,165,95
960,300,680,210,590,800,2.8095,190,320,510,1.6842,180,280,460,1.5556,160,170,330,1.0625,140,100,240,0.71429,130,80,210,0.61538,165,95
960,280,650,210,440,650,2.0952,180,330,510,1.8333,170,290,460,1.7059,150,200,350,1.3333,140,120,260,0.85714,120,100,220,0.8333299999999999,165,94
970,310,680,210,510,720,2.4286,180,370,550,2.0556,170,280,450,1.6471,140,200,340,1.4286,130,120,250,0.92308,110,100,210,0.90909,165,93
1020,290,660,190,580,770,3.0526,170,320,490,1.8824,150,280,430,1.8667,140,170,310,1.2143,120,120,240,1.0,110,100,210,0.90909,165,93
1000,360,710,270,490,760,1.8148,200,310,510,1.55,190,270,460,1.4211,160,190,350,1.1875,150,90,240,0.6,130,80,210,0.61538,164,92
1020,290,730,200,530,730,2.65,180,380,560,2.1111,170,280,450,1.6471,150,180,330,1.2,130,120,250,0.92308,120,100,220,0.8333299999999999,163,92
990,290,770,210,620,830,2.9524,180,430,610,2.3889,180,310,490,1.7222,160,190,350,1.1875,140,110,250,0.78571,120,80,200,0.66667,162,91
1000,220,770,210,580,790,2.7619,170,400,570,2.3529,170,300,470,1.7647,140,200,340,1.4286,120,140,260,1.1667,110,120,230,1.0909,162,91
1010,230,770,180,690,870,3.8333,170,370,540,2.1765,150,300,450,2.0,130,230,360,1.7692,110,130,240,1.1818,100,110,210,1.1,161,90
990,240,750,200,550,750,2.75,180,340,520,1.8889,170,290,460,1.7059,140,210,350,1.5,130,130,260,1.0,110,110,220,1.0,161,90
1000,240,770,220,490,710,2.2273,180,350,530,1.9444,170,290,460,1.7059,160,210,370,1.3125,140,130,270,0.92857,120,100,220,0.8333299999999999,160,89
970,230,740,190,450,640,2.3684,180,320,500,1.7778,160,290,450,1.8125,140,190,330,1.3571,120,120,240,1.0,110,100,210,0.90909,159,89
950,230,720,200,500,700,2.5,180,330,510,1.8333,160,280,440,1.75,150,200,350,1.3333,120,120,240,1.0,110,100,210,0.90909,158,88
970,230,730,190,500,690,2.6316,170,340,510,2.0,160,290,450,1.8125,130,200,330,1.5385,120,130,250,1.0833,100,100,200,1.0,158,87
990,240,750,200,470,670,2.35,180,320,500,1.7778,170,270,440,1.5882,140,190,330,1.3571,130,120,250,0.92308,110,90,200,0.81818,158,87
980,240,740,210,470,680,2.2381,180,320,500,1.7778,170,270,440,1.5882,150,180,330,1.2,130,110,240,0.84615,120,90,210,0.75,157,87
990,240,760,210,510,720,2.4286,190,330,520,1.7368,170,290,460,1.7059,150,190,340,1.2667,130,120,250,0.92308,120,100,220,0.8333299999999999,157,86
980,230,730,200,450,650,2.25,180,310,490,1.7222,170,270,440,1.5882,140,180,320,1.2857,130,110,240,0.84615,110,90,200,0.81818,156,86
980,250,750,200,490,690,2.45,170,330,500,1.9412,160,280,440,1.75,140,180,320,1.2857,120,110,230,0.91667,110,90,200,0.81818,155,86
980,230,750,190,510,700,2.6842,180,340,520,1.8889,160,290,450,1.8125,140,200,340,1.4286,120,130,250,1.0833,110,100,210,0.90909,154,85
970,230,740,190,490,680,2.5789,170,340,510,2.0,160,280,440,1.75,140,190,330,1.3571,120,120,240,1.0,110,90,200,0.81818,153,85
1000,230,730,190,460,650,2.4211,170,320,490,1.8824,160,280,440,1.75,140,190,330,1.3571,130,120,250,0.92308,110,100,210,0.90909,153,85
1010,270,720,210,480,690,2.2857,180,320,500,1.7778,180,280,460,1.5556,150,190,340,1.2667,130,120,250,0.92308,120,100,220,0.8333299999999999,152,85
980,290,750,200,480,680,2.4,180,320,500,1.7778,170,280,450,1.6471,140,190,330,1.3571,130,120,250,0.92308,110,90,200,0.81818,151,85
980,230,730,200,470,670,2.35,170,320,490,1.8824,160,280,440,1.75,140,190,330,1.3571,120,110,230,0.91667,110,90,200,0.81818,150,84
990,250,760,190,460,650,2.4211,170,340,510,2.0,160,290,450,1.8125,140,200,340,1.4286,120,120,240,1.0,100,100,200,1.0,150,84
980,230,740,200,450,650,2.25,180,320,500,1.7778,170,280,450,1.6471,140,170,310,1.2143,130,120,250,0.92308,110,90,200,0.81818,150,84
970,240,730,200,450,650,2.25,190,310,500,1.6316,170,270,440,1.5882,150,190,340,1.2667,130,110,240,0.84615,120,100,220,0.8333299999999999,150,84
1000,240,770,210,470,680,2.2381,180,330,510,1.8333,170,280,450,1.6471,160,190,350,1.1875,130,130,260,1.0,120,100,220,0.8333299999999999,150,84
1010,230,780,200,460,660,2.3,170,330,500,1.9412,160,280,440,1.75,140,190,330,1.3571,120,140,260,1.1667,110,110,220,1.0,149,84
980,230,760,210,460,670,2.1905,180,330,510,1.8333,170,290,460,1.7059,150,190,340,1.2667,130,120,250,0.92308,110,100,210,0.90909,149,84
1000,220,760,200,540,740,2.7,170,370,540,2.1765,160,300,460,1.875,150,190,340,1.2667,120,130,250,1.0833,110,100,210,0.90909,149,84
950,240,700,200,480,680,2.4,180,320,500,1.7778,170,270,440,1.5882,150,180,330,1.2,130,110,240,0.84615,110,100,210,0.90909,149,84
950,250,720,200,440,640,2.2,180,320,500,1.7778,170,280,450,1.6471,150,180,330,1.2,130,120,250,0.92308,110,100,210,0.90909,150,84
1000,230,780,190,450,640,2.3684,170,330,500,1.9412,160,280,440,1.75,140,200,340,1.4286,120,130,250,1.0833,100,110,210,1.1,151,84
1000,220,770,200,460,660,2.3,170,340,510,2.0,160,280,440,1.75,140,200,340,1.4286,120,130,250,1.0833,100,120,220,1.2,151,84
1000,230,760,200,490,690,2.45,170,330,500,1.9412,170,280,450,1.6471,140,180,320,1.2857,130,120,250,0.92308,110,100,210,0.90909,151,84
1020,240,730,190,520,710,2.7368,170,340,510,2.0,160,290,450,1.8125,140,190,330,1.3571,120,130,250,1.0833,100,110,210,1.1,151,84
1020,230,730,210,490,700,2.3333,180,330,510,1.8333,170,280,450,1.6471,150,190,340,1.2667,130,130,260,1.0,120,110,230,0.91667,153,84
1040,290,800,190,480,670,2.5263,180,330,510,1.8333,160,280,440,1.75,140,190,330,1.3571,130,120,250,0.92308,110,100,210,0.90909,153,84
1010,240,760,210,460,670,2.1905,180,330,510,1.8333,170,280,450,1.6471,160,180,340,1.125,130,120,250,0.92308,120,90,210,0.75,153,84
990,250,750,210,440,650,2.0952,180,320,500,1.7778,180,270,450,1.5,160,170,330,1.0625,140,110,250,0.78571,120,90,210,0.75,153,84
1020,240,760,210,460,670,2.1905,180,320,500,1.7778,180,270,450,1.5,150,180,330,1.2,130,120,250,0.92308,120,100,220,0.8333299999999999,153,84
1010,260,780,210,470,680,2.2381,190,320,510,1.6842,170,270,440,1.5882,160,180,340,1.125,130,120,250,0.92308,120,100,220,0.8333299999999999,153,84
1020,230,780,200,440,640,2.2,170,320,490,1.8824,160,270,430,1.6875,140,180,320,1.2857,130,120,250,0.92308,110,100,210,0.90909,153,84
1000,240,770,200,470,670,2.35,180,320,500,1.7778,170,270,440,1.5882,140,180,320,1.2857,130,110,240,0.84615,110,100,210,0.90909,153,84
1010,230,760,180,480,660,2.6667,170,330,500,1.9412,150,280,430,1.8667,140,190,330,1.3571,120,120,240,1.0,100,110,210,1.1,153,83
990,250,760,190,470,660,2.4737,170,330,500,1.9412,160,270,430,1.6875,150,180,330,1.2,120,120,240,1.0,110,110,220,1.0,153,83
1020,230,760,190,480,670,2.5263,170,330,500,1.9412,160,280,440,1.75,140,190,330,1.3571,120,130,250,1.0833,100,110,210,1.1,153,83
1010,260,660,200,490,690,2.45,170,330,500,1.9412,170,280,450,1.6471,150,190,340,1.2667,130,130,260,1.0,110,100,210,0.90909,153,83
960,350,660,250,490,740,1.96,190,340,530,1.7895,180,280,460,1.5556,160,160,320,1.0,140,110,250,0.78571,130,90,220,0.69231,152,83
960,300,680,190,480,670,2.5263,170,340,510,2.0,150,290,440,1.9333,130,190,320,1.4615,110,130,240,1.1818,90,110,200,1.2222,152,83
990,280,730,200,450,650,2.25,180,320,500,1.7778,160,270,430,1.6875,140,170,310,1.2143,120,120,240,1.0,110,100,210,0.90909,152,83
950,260,720,210,420,630,2.0,190,290,480,1.5263,170,250,420,1.4706,160,170,330,1.0625,130,110,240,0.84615,120,90,210,0.75,151,83
990,230,740,190,490,680,2.5789,160,320,480,2.0,160,270,430,1.6875,140,180,320,1.2857,120,130,250,1.0833,100,100,200,1.0,151,83
990,250,760,210,470,680,2.2381,180,320,500,1.7778,170,270,440,1.5882,150,160,310,1.0667,140,120,260,0.85714,120,90,210,0.75,151,83
980,230,760,210,470,680,2.2381,180,310,490,1.7222,170,270,440,1.5882,150,170,320,1.1333,140,110,250,0.78571,120,90,210,0.75,151,83
1000,240,730,210,440,650,2.0952,190,320,510,1.6842,180,270,450,1.5,160,180,340,1.125,130,120,250,0.92308,120,90,210,0.75,151,83
1000,270,760,200,480,680,2.4,170,320,490,1.8824,170,290,460,1.7059,140,200,340,1.4286,130,130,260,1.0,110,100,210,0.90909,150,83
990,240,720,200,490,690,2.45,180,330,510,1.8333,170,280,450,1.6471,150,180,330,1.2,130,110,240,0.84615,120,90,210,0.75,149,83
960,270,720,210,470,680,2.2381,180,320,500,1.7778,170,280,450,1.6471,150,180,330,1.2,130,110,240,0.84615,120,100,220,0.8333299999999999,149,82
960,240,720,200,490,690,2.45,170,330,500,1.9412,160,280,440,1.75,150,190,340,1.2667,130,120,250,0.92308,110,90,200,0.81818,149,82
980,240,720,210,450,660,2.1429,180,330,510,1.8333,170,280,450,1.6471,150,180,330,1.2,130,120,250,0.92308,120,100,220,0.8333299999999999,149,82
990,260,660,220,430,650,1.9545,190,310,500,1.6316,180,270,450,1.5,150,180,330,1.2,140,120,260,0.85714,120,90,210,0.75,149,82
980,330,740,200,520,720,2.6,180,320,500,1.7778,170,280,450,1.6471,140,190,330,1.3571,130,120,250,0.92308,110,90,200,0.81818,148,82
980,240,750,190,470,660,2.4737,170,320,490,1.8824,160,280,440,1.75,150,190,340,1.2667,120,120,240,1.0,110,100,210,0.90909,148,82
980,230,760,200,480,680,2.4,170,330,500,1.9412,160,280,440,1.75,140,200,340,1.4286,120,130,250,1.0833,110,100,210,0.90909,148,82
1000,220,760,190,500,690,2.6316,170,350,520,2.0588,160,310,470,1.9375,140,200,340,1.4286,120,140,260,1.1667,110,110,220,1.0,148,82
1000,240,770,200,470,670,2.35,180,330,510,1.8333,170,270,440,1.5882,150,180,330,1.2,130,110,240,0.84615,120,100,220,0.8333299999999999,148,82
1000,230,770,230,460,690,2.0,190,320,510,1.6842,180,270,450,1.5,160,190,350,1.1875,140,120,260,0.85714,130,100,230,0.76923,147,82
1000,230,780,200,540,740,2.7,170,340,510,2.0,160,300,460,1.875,140,220,360,1.5714,120,140,260,1.1667,110,100,210,0.90909,147,82
990,220,460,190,460,650,2.4211,170,340,510,2.0,160,290,450,1.8125,140,200,340,1.4286,120,130,250,1.0833,100,100,200,1.0,147,82
1000,240,750,190,490,680,2.5789,180,340,520,1.8889,160,280,440,1.75,150,200,350,1.3333,130,120,250,0.92308,110,100,210,0.90909,147,82
990,250,760,210,470,680,2.2381,190,320,510,1.6842,170,280,450,1.6471,150,190,340,1.2667,140,120,260,0.85714,120,100,220,0.8333299999999999,147,82
990,220,350,200,360,560,1.8,170,310,480,1.8235,160,280,440,1.75,150,230,380,1.5333,120,120,240,1.0,110,100,210,0.90909,146,81
980,210,600,210,450,660,2.1429,170,370,540,2.1765,160,290,450,1.8125,130,220,350,1.6923,100,160,260,1.6,90,90,180,1.0,145,81
1000,230,580,200,420,620,2.1,170,310,480,1.8235,170,260,430,1.5294,140,170,310,1.2143,120,110,230,0.91667,110,90,200,0.81818,145,81
970,220,730,190,530,720,2.7895,170,330,500,1.9412,160,270,430,1.6875,140,190,330,1.3571,120,120,240,1.0,100,90,190,0.9,144,80
960,240,730,200,430,630,2.15,170,320,490,1.8824,170,280,450,1.6471,150,200,350,1.3333,130,130,260,1.0,110,100,210,0.90909,144,80
950,230,660,190,490,680,2.5789,170,350,520,2.0588,160,290,450,1.8125,130,190,320,1.4615,120,120,240,1.0,100,100,200,1.0,144,81
990,290,740,200,500,700,2.5,180,330,510,1.8333,170,290,460,1.7059,150,210,360,1.4,130,130,260,1.0,110,100,210,0.90909,144,80
980,250,740,270,490,760,1.8148,200,340,540,1.7,190,280,470,1.4737,160,200,360,1.25,150,130,280,0.86667,120,100,220,0.8333299999999999,144,80
990,240,730,200,480,680,2.4,180,320,500,1.7778,170,270,440,1.5882,140,170,310,1.2143,130,120,250,0.92308,110,90,200,0.81818,143,80
980,260,740,190,580,770,3.0526,170,380,550,2.2353,170,270,440,1.5882,150,170,320,1.1333,120,110,230,0.91667,120,90,210,0.75,143,80
980,240,710,200,460,660,2.3,180,320,500,1.7778,170,270,440,1.5882,140,180,320,1.2857,130,120,250,0.92308,110,90,200,0.81818,143,80
990,270,740,200,430,630,2.15,180,330,510,1.8333,170,280,450,1.6471,150,170,320,1.1333,130,110,240,0.84615,120,90,210,0.75,143,80
1000,250,740,200,490,690,2.45,190,320,510,1.6842,180,270,450,1.5,140,190,330,1.3571,130,120,250,0.92308,110,100,210,0.90909,144,81
1030,260,710,280,470,750,1.6786,200,350,550,1.75,190,290,480,1.5263,160,190,350,1.1875,140,120,260,0.85714,120,100,220,0.8333299999999999,144,81
990,320,700,210,430,640,2.0476,180,300,480,1.6667,170,260,430,1.5294,150,170,320,1.1333,130,110,240,0.84615,110,90,200,0.81818,144,80
1000,290,770,190,560,750,2.9474,160,330,490,2.0625,160,280,440,1.75,140,190,330,1.3571,120,120,240,1.0,100,100,200,1.0,144,80
1000,230,770,190,470,660,2.4737,170,330,500,1.9412,160,290,450,1.8125,140,190,330,1.3571,120,130,250,1.0833,100,100,200,1.0,143,80
1000,230,760,190,490,680,2.5789,170,330,500,1.9412,160,280,440,1.75,140,190,330,1.3571,120,120,240,1.0,100,100,200,1.0,143,80
1020,240,770,200,470,670,2.35,160,320,480,2.0,160,270,430,1.6875,150,180,330,1.2,130,120,250,0.92308,110,90,200,0.81818,143,80
1030,250,670,270,540,810,2.0,200,370,570,1.85,190,300,490,1.5789,160,200,360,1.25,150,130,280,0.86667,130,110,240,0.84615,144,80
1020,360,600,210,470,680,2.2381,190,350,540,1.8421,180,300,480,1.6667,160,190,350,1.1875,140,110,250,0.78571,120,100,220,0.8333299999999999,144,80
990,280,750,160,480,640,3.0,160,340,500,2.125,160,290,450,1.8125,150,180,330,1.2,130,110,240,0.84615,120,90,210,0.75,143,80
1000,240,710,200,400,600,2.0,180,310,490,1.7222,170,270,440,1.5882,150,190,340,1.2667,130,120,250,0.92308,110,100,210,0.90909,143,80
1010,290,630,230,470,700,2.0435,190,340,530,1.7895,190,290,480,1.5263,160,200,360,1.25,140,110,250,0.78571,120,100,220,0.8333299999999999,143,80
1010,380,770,200,490,690,2.45,180,330,510,1.8333,170,280,450,1.6471,150,190,340,1.2667,130,130,260,1.0,120,100,220,0.8333299999999999,142,79
1000,240,690,200,460,660,2.3,170,320,490,1.8824,170,270,440,1.5882,140,180,320,1.2857,130,110,240,0.84615,110,90,200,0.81818,141,79
990,310,700,210,570,780,2.7143,170,340,510,2.0,170,290,460,1.7059,150,210,360,1.4,130,120,250,0.92308,120,90,210,0.75,141,79
980,290,770,210,450,660,2.1429,170,300,470,1.7647,160,260,420,1.625,150,170,320,1.1333,120,110,230,0.91667,120,90,210,0.75,141,79
1000,210,760,190,440,630,2.3158,170,320,490,1.8824,160,270,430,1.6875,140,170,310,1.2143,120,120,240,1.0,100,100,200,1.0,141,79
990,240,730,210,470,680,2.2381,190,320,510,1.6842,180,280,460,1.5556,150,200,350,1.3333,130,120,250,0.92308,120,100,220,0.8333299999999999,140,79
960,250,720,200,470,670,2.35,170,330,500,1.9412,170,280,450,1.6471,150,190,340,1.2667,130,120,250,0.92308,110,90,200,0.81818,138,78
980,240,710,180,470,650,2.6111,160,340,500,2.125,150,290,440,1.9333,130,200,330,1.5385,110,120,230,1.0909,90,100,190,1.1111,138,78
980,270,720,200,450,650,2.25,170,310,480,1.8235,160,270,430,1.6875,140,170,310,1.2143,120,120,240,1.0,110,100,210,0.90909,138,78
990,260,650,200,420,620,2.1,180,300,480,1.6667,170,250,420,1.4706,150,150,300,1.0,120,100,220,0.8333299999999999,110,80,190,0.72727,138,78
1000,340,700,220,490,710,2.2273,190,340,530,1.7895,180,290,470,1.6111,160,190,350,1.1875,130,120,250,0.92308,120,100,220,0.8333299999999999,138,78
1000,300,630,200,430,630,2.15,170,310,480,1.8235,170,270,440,1.5882,140,170,310,1.2143,120,120,240,1.0,110,100,210,0.90909,137,77
1000,370,710,200,480,680,2.4,180,330,510,1.8333,170,280,450,1.6471,140,200,340,1.4286,120,120,240,1.0,110,90,200,0.81818,136,77
970,290,730,210,590,800,2.8095,180,360,540,2.0,170,310,480,1.8235,150,210,360,1.4,130,120,250,0.92308,120,90,210,0.75,135,77
990,240,680,190,510,700,2.6842,170,340,510,2.0,160,280,440,1.75,140,200,340,1.4286,120,120,240,1.0,100,110,210,1.1,135,76
990,310,760,190,440,630,2.3158,170,310,480,1.8235,160,270,430,1.6875,140,200,340,1.4286,120,130,250,1.0833,100,110,210,1.1,135,76
1010,230,780,210,500,710,2.381,170,360,530,2.1176,170,310,480,1.8235,140,210,350,1.5,120,140,260,1.1667,110,110,220,1.0,135,76
990,230,760,200,440,640,2.2,170,320,490,1.8824,160,280,440,1.75,140,180,320,1.2857,120,130,250,1.0833,100,110,210,1.1,134,76
970,230,750,190,500,690,2.6316,160,340,500,2.125,160,280,440,1.75,140,180,320,1.2857,120,120,240,1.0,100,100,200,1.0,134,76
1000,220,770,180,510,690,2.8333,160,330,490,2.0625,150,280,430,1.8667,130,200,330,1.5385,110,130,240,1.1818,100,110,210,1.1,133,75
980,230,710,200,480,680,2.4,170,330,500,1.9412,160,280,440,1.75,140,190,330,1.3571,130,120,250,0.92308,110,90,200,0.81818,133,75
990,270,730,190,460,650,2.4211,170,350,520,2.0588,160,300,460,1.875,140,200,340,1.4286,120,130,250,1.0833,110,110,220,1.0,133,75
1010,260,780,210,480,690,2.2857,180,340,520,1.8889,180,290,470,1.6111,150,190,340,1.2667,130,120,250,0.92308,110,100,210,0.90909,132,75
990,230,730,210,460,670,2.1905,180,320,500,1.7778,170,270,440,1.5882,150,200,350,1.3333,130,120,250,0.92308,120,100,220,0.8333299999999999,131,74
1000,260,730,180,530,710,2.9444,160,360,520,2.25,150,300,450,2.0,130,200,330,1.5385,110,130,240,1.1818,100,110,210,1.1,130,74
990,270,550,190,480,670,2.5263,170,330,500,1.9412,160,280,440,1.75,140,190,330,1.3571,120,120,240,1.0,110,100,210,0.90909,130,74
1000,230,760,190,500,690,2.6316,170,340,510,2.0,160,290,450,1.8125,150,190,340,1.2667,120,120,240,1.0,110,110,220,1.0,130,73
1010,240,750,210,490,700,2.3333,190,340,530,1.7895,180,290,470,1.6111,160,190,350,1.1875,130,130,260,1.0,110,100,210,0.90909,130,73
1000,260,650,210,430,640,2.0476,180,310,490,1.7222,170,260,430,1.5294,150,170,320,1.1333,130,120,250,0.92308,120,90,210,0.75,130,73
990,350,710,200,540,740,2.7,170,360,530,2.1176,160,300,460,1.875,140,200,340,1.4286,120,130,250,1.0833,110,100,210,0.90909,129,73
980,280,710,190,480,670,2.5263,170,340,510,2.0,160,290,450,1.8125,140,190,330,1.3571,120,120,240,1.0,110,100,210,0.90909,128,72
990,270,750,190,490,680,2.5789,170,350,520,2.0588,160,290,450,1.8125,140,200,340,1.4286,120,130,250,1.0833,100,100,200,1.0,127,72
1000,240,760,200,520,720,2.6,170,330,500,1.9412,160,300,460,1.875,140,200,340,1.4286,130,130,260,1.0,110,110,220,1.0,127,72
1010,240,780,210,500,710,2.381,180,340,520,1.8889,170,290,460,1.7059,150,180,330,1.2,120,120,240,1.0,110,100,210,0.90909,127,72
1000,230,750,200,510,710,2.55,180,330,510,1.8333,160,280,440,1.75,140,180,320,1.2857,120,130,250,1.0833,100,110,210,1.1,127,72
970,220,750,180,530,710,2.9444,170,330,500,1.9412,150,280,430,1.8667,130,180,310,1.3846,120,120,240,1.0,100,100,200,1.0,125,71
970,220,720,190,480,670,2.5263,160,320,480,2.0,150,280,430,1.8667,130,180,310,1.3846,110,120,230,1.0909,100,100,200,1.0,125,71
980,250,750,190,500,690,2.6316,170,350,520,2.0588,160,310,470,1.9375,140,200,340,1.4286,120,130,250,1.0833,110,110,220,1.0,126,71
1000,230,770,210,470,680,2.2381,180,330,510,1.8333,170,280,450,1.6471,150,170,320,1.1333,130,120,250,0.92308,110,90,200,0.81818,126,71
980,230,750,210,480,690,2.2857,180,330,510,1.8333,170,280,450,1.6471,150,190,340,1.2667,130,120,250,0.92308,110,110,220,1.0,125,71
980,240,770,180,550,730,3.0556,160,360,520,2.25,150,310,460,2.0667,130,190,320,1.4615,110,130,240,1.1818,90,100,190,1.1111,124,70
990,210,760,180,510,690,2.8333,150,350,500,2.3333,150,290,440,1.9333,130,210,340,1.6154,120,130,250,1.0833,100,100,200,1.0,124,70
1000,230,760,190,620,810,3.2632,170,360,530,2.1176,150,310,460,2.0667,140,200,340,1.4286,120,130,250,1.0833,100,110,210,1.1,124,70
1000,230,730,210,510,720,2.4286,180,330,510,1.8333,170,280,450,1.6471,140,180,320,1.2857,130,120,250,0.92308,110,100,210,0.90909,124,70
990,270,730,200,670,870,3.35,170,410,580,2.4118,170,290,460,1.7059,140,190,330,1.3571,130,120,250,0.92308,110,90,200,0.81818,123,70
980,260,730,200,540,740,2.7,170,360,530,2.1176,160,300,460,1.875,140,180,320,1.2857,120,110,230,0.91667,110,90,200,0.81818,123,69
990,250,740,200,530,730,2.65,180,370,550,2.0556,160,300,460,1.875,150,190,340,1.2667,120,120,240,1.0,110,100,210,0.90909,123,69
970,250,670,200,530,730,2.65,180,340,520,1.8889,170,290,460,1.7059,150,210,360,1.4,130,130,260,1.0,110,100,210,0.90909,123,69
1000,300,760,220,520,740,2.3636,180,370,550,2.0556,170,300,470,1.7647,150,190,340,1.2667,130,130,260,1.0,110,110,220,1.0,124,69
960,240,750,260,530,790,2.0385,190,350,540,1.8421,180,280,460,1.5556,150,180,330,1.2,140,120,260,0.85714,120,100,220,0.8333299999999999,123,69
980,220,750,180,550,730,3.0556,160,360,520,2.25,150,310,460,2.0667,130,200,330,1.5385,110,120,230,1.0909,100,100,200,1.0,122,69
980,230,750,200,540,740,2.7,170,340,510,2.0,160,290,450,1.8125,140,200,340,1.4286,120,130,250,1.0833,100,100,200,1.0,121,69
970,230,740,190,530,720,2.7895,170,350,520,2.0588,160,280,440,1.75,140,180,320,1.2857,130,120,250,0.92308,110,90,200,0.81818,122,69
990,230,750,190,470,660,2.4737,180,330,510,1.8333,160,280,440,1.75,150,190,340,1.2667,120,120,240,1.0,110,100,210,0.90909,122,69
1010,240,720,260,470,730,1.8077,190,340,530,1.7895,180,290,470,1.6111,150,200,350,1.3333,130,130,260,1.0,110,110,220,1.0,121,68
970,290,720,200,500,700,2.5,180,330,510,1.8333,160,280,440,1.75,150,180,330,1.2,120,110,230,0.91667,110,90,200,0.81818,120,68
980,250,760,190,550,740,2.8947,160,360,520,2.25,160,300,460,1.875,130,200,330,1.5385,120,130,250,1.0833,100,100,200,1.0,120,68
1000,220,770,180,500,680,2.7778,160,350,510,2.1875,150,290,440,1.9333,130,190,320,1.4615,110,130,240,1.1818,100,110,210,1.1,120,68
980,230,750,190,470,660,2.4737,170,330,500,1.9412,160,270,430,1.6875,140,180,320,1.2857,110,120,230,1.0909,100,100,200,1.0,120,68
990,230,770,190,470,660,2.4737,170,330,500,1.9412,160,290,450,1.8125,140,190,330,1.3571,130,130,260,1.0,110,100,210,0.90909,120,68
1020,220,670,240,470,710,1.9583,180,350,530,1.9444,170,300,470,1.7647,150,190,340,1.2667,120,130,250,1.0833,110,110,220,1.0,119,68
980,350,690,200,500,700,2.5,170,340,510,2.0,160,280,440,1.75,140,180,320,1.2857,120,120,240,1.0,100,100,200,1.0,119,68
990,230,760,190,480,670,2.5263,160,350,510,2.1875,150,290,440,1.9333,140,180,320,1.2857,110,120,230,1.0909,100,100,200,1.0,118,68
970,230,720,200,460,660,2.3,170,320,490,1.8824,160,280,440,1.75,140,180,320,1.2857,120,120,240,1.0,110,100,210,0.90909,119,68
990,250,750,190,480,670,2.5263,170,340,510,2.0,160,290,450,1.8125,140,190,330,1.3571,120,120,240,1.0,100,100,200,1.0,118,68
1000,240,760,260,490,750,1.8846,190,350,540,1.8421,180,300,480,1.6667,160,210,370,1.3125,140,130,270,0.92857,120,110,230,0.91667,118,68
980,240,660,190,490,680,2.5789,170,340,510,2.0,160,290,450,1.8125,130,190,320,1.4615,120,130,250,1.0833,100,100,200,1.0,118,68
980,240,750,180,450,630,2.5,160,330,490,2.0625,150,280,430,1.8667,130,170,300,1.3077,110,120,230,1.0909,90,90,180,1.0,117,67
980,230,750,190,460,650,2.4211,160,350,510,2.1875,150,290,440,1.9333,130,190,320,1.4615,110,130,240,1.1818,100,110,210,1.1,117,67
980,230,750,190,510,700,2.6842,170,350,520,2.0588,160,290,450,1.8125,140,190,330,1.3571,120,130,250,1.0833,100,100,200,1.0,118,67
1010,230,740,250,490,740,1.96,190,380,570,2.0,170,320,490,1.8824,150,220,370,1.4667,120,140,260,1.1667,120,110,230,0.91667,117,67
960,270,740,200,510,710,2.55,170,330,500,1.9412,160,280,440,1.75,140,170,310,1.2143,130,120,250,0.92308,110,100,210,0.90909,117,67
950,220,730,190,580,770,3.0526,170,330,500,1.9412,160,290,450,1.8125,130,190,320,1.4615,120,120,240,1.0,100,100,200,1.0,116,67
970,220,750,180,490,670,2.7222,160,330,490,2.0625,150,270,420,1.8,130,180,310,1.3846,110,120,230,1.0909,100,100,200,1.0,116,67
960,220,730,180,500,680,2.7778,160,340,500,2.125,150,290,440,1.9333,130,180,310,1.3846,110,120,230,1.0909,100,100,200,1.0,116,67
950,230,730,190,500,690,2.6316,170,340,510,2.0,160,290,450,1.8125,140,180,320,1.2857,130,120,250,0.92308,110,100,210,0.90909,116,67
1000,220,800,200,500,700,2.5,160,360,520,2.25,150,300,450,2.0,140,200,340,1.4286,120,140,260,1.1667,110,110,220,1.0,116,67
990,200,690,200,440,640,2.2,160,320,480,2.0,150,270,420,1.8,140,180,320,1.2857,110,130,240,1.1818,100,110,210,1.1,116,67
990,300,760,180,510,690,2.8333,160,350,510,2.1875,150,290,440,1.9333,140,180,320,1.2857,110,120,230,1.0909,100,100,200,1.0,116,67
990,230,770,180,550,730,3.0556,170,360,530,2.1176,160,300,460,1.875,130,190,320,1.4615,120,120,240,1.0,110,90,200,0.81818,115,66
1000,230,730,200,460,660,2.3,170,330,500,1.9412,160,280,440,1.75,150,180,330,1.2,130,120,250,0.92308,110,100,210,0.90909,115,66
970,270,780,210,490,700,2.3333,190,340,530,1.7895,170,290,460,1.7059,150,190,340,1.2667,130,120,250,0.92308,120,100,220,0.8333299999999999,115,66
1020,190,760,170,470,640,2.7647,150,340,490,2.2667,130,300,430,2.3077,120,200,320,1.6667,90,150,240,1.6667,80,130,210,1.625,115,66
990,260,730,190,500,690,2.6316,160,350,510,2.1875,150,290,440,1.9333,130,190,320,1.4615,110,120,230,1.0909,100,100,200,1.0,114,66
980,260,740,190,560,750,2.9474,170,380,550,2.2353,150,320,470,2.1333,140,220,360,1.5714,120,140,260,1.1667,100,120,220,1.2,114,66
990,240,750,190,480,670,2.5263,160,340,500,2.125,150,290,440,1.9333,130,190,320,1.4615,110,120,230,1.0909,100,100,200,1.0,114,66
1000,240,760,190,480,670,2.5263,170,330,500,1.9412,150,280,430,1.8667,140,170,310,1.2143,110,120,230,1.0909,100,110,210,1.1,114,66
1000,240,770,210,500,710,2.381,180,350,530,1.9444,170,290,460,1.7059,150,190,340,1.2667,130,120,250,0.92308,110,100,210,0.90909,115,66
990,230,760,210,440,650,2.0952,180,320,500,1.7778,170,270,440,1.5882,150,180,330,1.2,120,120,240,1.0,110,110,220,1.0,114,66
1000,230,770,180,520,700,2.8889,160,350,510,2.1875,150,290,440,1.9333,130,190,320,1.4615,110,120,230,1.0909,90,100,190,1.1111,114,66
990,230,760,190,630,820,3.3158,170,390,560,2.2941,160,320,480,2.0,130,180,310,1.3846,120,120,240,1.0,100,90,190,0.9,113,66
980,230,750,190,480,670,2.5263,170,340,510,2.0,160,280,440,1.75,130,180,310,1.3846,120,120,240,1.0,100,100,200,1.0,113,66
1000,230,770,180,470,650,2.6111,150,340,490,2.2667,140,310,450,2.2143,120,200,320,1.6667,110,140,250,1.2727,90,120,210,1.3333,114,66
1010,230,790,190,530,720,2.7895,170,360,530,2.1176,150,310,460,2.0667,140,200,340,1.4286,110,140,250,1.2727,100,120,220,1.2,114,66
1010,220,780,200,460,660,2.3,170,350,520,2.0588,160,290,450,1.8125,140,190,330,1.3571,110,140,250,1.2727,100,110,210,1.1,113,66
990,230,770,190,520,710,2.7368,160,340,500,2.125,160,300,460,1.875,140,180,320,1.2857,120,120,240,1.0,100,90,190,0.9,113,65
990,220,770,190,660,850,3.4737,160,350,510,2.1875,160,290,450,1.8125,130,190,320,1.4615,110,120,230,1.0909,100,100,200,1.0,112,65
990,220,760,180,480,660,2.6667,150,350,500,2.3333,140,300,440,2.1429,130,200,330,1.5385,100,130,230,1.3,90,110,200,1.2222,112,65
980,230,760,180,480,660,2.6667,160,360,520,2.25,150,300,450,2.0,130,200,330,1.5385,110,130,240,1.1818,90,110,200,1.2222,113,65
980,220,760,200,500,700,2.5,170,350,520,2.0588,160,290,450,1.8125,140,190,330,1.3571,120,120,240,1.0,110,100,210,0.90909,113,65
1000,220,730,210,440,650,2.0952,170,320,490,1.8824,160,280,440,1.75,140,170,310,1.2143,120,120,240,1.0,110,100,210,0.90909,112,65
980,270,730,190,510,700,2.6842,170,340,510,2.0,150,290,440,1.9333,130,180,310,1.3846,120,120,240,1.0,100,90,190,0.9,112,65
990,250,620,180,490,670,2.7222,150,350,500,2.3333,150,290,440,1.9333,120,180,300,1.5,110,120,230,1.0909,100,110,210,1.1,111,65
990,370,750,180,480,660,2.6667,170,340,510,2.0,150,280,430,1.8667,140,180,320,1.2857,110,110,220,1.0,100,100,200,1.0,111,65
970,240,760,200,530,730,2.65,170,350,520,2.0588,170,290,460,1.7059,140,190,330,1.3571,120,120,240,1.0,110,90,200,0.81818,111,65
1030,210,800,180,500,680,2.7778,150,360,510,2.4,140,300,440,2.1429,130,190,320,1.4615,100,140,240,1.4,90,120,210,1.3333,112,65
1010,230,730,220,440,660,2.0,170,330,500,1.9412,170,280,450,1.6471,140,180,320,1.2857,120,130,250,1.0833,110,100,210,0.90909,111,65
1000,280,750,200,590,790,2.95,170,370,540,2.1765,160,310,470,1.9375,140,190,330,1.3571,120,110,230,0.91667,100,100,200,1.0,111,65
1000,250,750,180,490,670,2.7222,160,350,510,2.1875,140,290,430,2.0714,130,190,320,1.4615,100,120,220,1.2,100,100,200,1.0,110,64
1000,250,740,180,490,670,2.7222,150,350,500,2.3333,140,290,430,2.0714,120,240,360,2.0,110,130,240,1.1818,100,110,210,1.1,110,64
990,260,760,190,530,720,2.7895,170,350,520,2.0588,160,300,460,1.875,140,190,330,1.3571,120,120,240,1.0,100,100,200,1.0,110,64
1010,230,790,210,490,700,2.3333,180,350,530,1.9444,160,290,450,1.8125,130,190,320,1.4615,120,130,250,1.0833,100,110,210,1.1,111,64
1000,220,730,210,450,660,2.1429,180,320,500,1.7778,160,280,440,1.75,150,180,330,1.2,120,120,240,1.0,110,110,220,1.0,110,64
990,270,730,180,670,850,3.7222,150,390,540,2.6,140,320,460,2.2857,130,200,330,1.5385,110,130,240,1.1818,100,110,210,1.1,110,64
1000,260,770,180,490,670,2.7222,160,340,500,2.125,140,290,430,2.0714,130,180,310,1.3846,110,120,230,1.0909,100,100,200,1.0,109,64
990,230,740,190,480,670,2.5263,170,330,500,1.9412,150,290,440,1.9333,130,180,310,1.3846,100,120,220,1.2,90,100,190,1.1111,109,64
980,250,760,190,530,720,2.7895,170,360,530,2.1176,160,300,460,1.875,130,190,320,1.4615,120,130,250,1.0833,100,100,200,1.0,109,64
1030,220,810,190,490,680,2.5789,160,340,500,2.125,150,280,430,1.8667,130,180,310,1.3846,100,120,220,1.2,100,100,200,1.0,109,64
1000,220,730,220,450,670,2.0455,180,320,500,1.7778,170,270,440,1.5882,140,170,310,1.2143,130,130,260,1.0,110,100,210,0.90909,110,64
1000,240,770,190,540,730,2.8421,160,360,520,2.25,150,300,450,2.0,140,190,330,1.3571,110,120,230,1.0909,100,100,200,1.0,108,63
1020,230,800,200,500,700,2.5,170,340,510,2.0,160,280,440,1.75,140,170,310,1.2143,120,120,240,1.0,110,110,220,1.0,109,64
990,220,680,200,450,650,2.25,170,330,500,1.9412,160,280,440,1.75,140,180,320,1.2857,120,130,250,1.0833,100,100,200,1.0,109,64
980,310,760,180,680,860,3.7778,150,390,540,2.6,150,330,480,2.2,120,230,350,1.9167,110,130,240,1.1818,90,110,200,1.2222,109,64
990,220,760,180,490,670,2.7222,160,350,510,2.1875,140,290,430,2.0714,130,180,310,1.3846,110,120,230,1.0909,90,100,190,1.1111,108,64
970,230,730,200,470,670,2.35,160,340,500,2.125,160,280,440,1.75,130,180,310,1.3846,120,120,240,1.0,110,100,210,0.90909,108,63
980,240,750,190,560,750,2.9474,170,360,530,2.1176,150,300,450,2.0,130,190,320,1.4615,110,130,240,1.1818,100,100,200,1.0,108,63
1020,230,790,190,470,660,2.4737,170,340,510,2.0,160,300,460,1.875,140,190,330,1.3571,110,130,240,1.1818,110,100,210,0.90909,108,63
1020,230,750,220,440,660,2.0,180,320,500,1.7778,170,270,440,1.5882,140,180,320,1.2857,130,130,260,1.0,110,100,210,0.90909,109,63
1000,280,760,190,480,670,2.5263,160,340,500,2.125,160,280,440,1.75,140,180,320,1.2857,120,110,230,0.91667,110,90,200,0.81818,108,63
1000,240,720,200,470,670,2.35,170,360,530,2.1176,170,300,470,1.7647,140,190,330,1.3571,130,120,250,0.92308,110,100,210,0.90909,107,63
1000,280,780,200,550,750,2.75,160,370,530,2.3125,160,290,450,1.8125,140,180,320,1.2857,120,120,240,1.0,110,100,210,0.90909,107,63
1020,220,810,200,480,680,2.4,160,350,510,2.1875,160,290,450,1.8125,140,190,330,1.3571,120,130,250,1.0833,110,100,210,0.90909,108,63
1020,210,790,200,470,670,2.35,170,330,500,1.9412,150,280,430,1.8667,140,190,330,1.3571,110,130,240,1.1818,100,120,220,1.2,108,63
1010,230,720,180,660,840,3.6667,160,350,510,2.1875,150,300,450,2.0,130,190,320,1.4615,110,130,240,1.1818,90,100,190,1.1111,108,63
1000,290,760,180,490,670,2.7222,160,340,500,2.125,150,280,430,1.8667,130,180,310,1.3846,110,120,230,1.0909,100,90,190,0.9,107,63
1020,240,760,190,490,680,2.5789,160,360,520,2.25,150,310,460,2.0667,130,200,330,1.5385,110,130,240,1.1818,90,110,200,1.2222,107,63
1010,260,780,190,530,720,2.7895,160,360,520,2.25,150,300,450,2.0,130,190,320,1.4615,110,120,230,1.0909,110,110,220,1.0,107,63
1020,230,810,210,500,710,2.381,180,360,540,2.0,160,300,460,1.875,150,190,340,1.2667,130,130,260,1.0,120,100,220,0.8333299999999999,107,63
1020,210,780,200,460,660,2.3,170,330,500,1.9412,160,280,440,1.75,140,180,320,1.2857,120,130,250,1.0833,110,110,220,1.0,107,63
1000,230,760,180,500,680,2.7778,160,350,510,2.1875,150,290,440,1.9333,130,190,320,1.4615,110,120,230,1.0909,90,100,190,1.1111,106,63
1000,240,760,190,500,690,2.6316,170,340,510,2.0,150,290,440,1.9333,130,180,310,1.3846,110,120,230,1.0909,100,100,200,1.0,106,62
1000,240,760,190,530,720,2.7895,170,350,520,2.0588,160,300,460,1.875,130,190,320,1.4615,110,130,240,1.1818,100,100,200,1.0,106,62
1040,240,810,210,590,800,2.8095,170,380,550,2.2353,170,320,490,1.8824,140,200,340,1.4286,120,130,250,1.0833,100,110,210,1.1,106,62
1010,230,780,210,450,660,2.1429,180,320,500,1.7778,170,270,440,1.5882,150,170,320,1.1333,130,120,250,0.92308,120,90,210,0.75,107,62
1010,230,580,190,510,700,2.6842,160,350,510,2.1875,150,290,440,1.9333,140,180,320,1.2857,110,120,230,1.0909,110,90,200,0.81818,107,62
1000,220,780,180,510,690,2.8333,160,350,510,2.1875,150,300,450,2.0,130,190,320,1.4615,100,130,230,1.3,90,110,200,1.2222,106,62
990,220,770,180,520,700,2.8889,160,360,520,2.25,150,300,450,2.0,120,190,310,1.5833,100,130,230,1.3,90,110,200,1.2222,105,62
1030,220,810,200,570,770,2.85,170,380,550,2.2353,150,320,470,2.1333,140,210,350,1.5,110,140,250,1.2727,100,110,210,1.1,105,62
990,220,750,200,450,650,2.25,170,320,490,1.8824,160,270,430,1.6875,140,170,310,1.2143,120,120,240,1.0,110,110,220,1.0,106,62
1000,240,660,190,500,690,2.6316,170,340,510,2.0,160,280,440,1.75,130,170,300,1.3077,110,120,230,1.0909,100,90,190,0.9,106,62
990,340,750,210,560,770,2.6667,180,370,550,2.0556,170,310,480,1.8235,140,190,330,1.3571,120,120,240,1.0,110,90,200,0.81818,106,62
1000,240,780,190,500,690,2.6316,160,340,500,2.125,160,290,450,1.8125,130,180,310,1.3846,110,120,230,1.0909,100,100,200,1.0,105,62
1000,220,770,190,510,700,2.6842,160,350,510,2.1875,160,300,460,1.875,130,180,310,1.3846,120,130,250,1.0833,100,100,200,1.0,105,62
1030,230,810,210,540,750,2.5714,180,360,540,2.0,160,300,460,1.875,150,190,340,1.2667,130,130,260,1.0,110,100,210,0.90909,106,62
1020,220,810,180,550,730,3.0556,160,360,520,2.25,140,300,440,2.1429,120,190,310,1.5833,110,130,240,1.1818,90,100,190,1.1111,106,62
1030,210,790,190,550,740,2.8947,160,380,540,2.375,140,320,460,2.2857,130,200,330,1.5385,110,130,240,1.1818,90,110,200,1.2222,106,62
1020,240,660,190,460,650,2.4211,170,330,500,1.9412,160,280,440,1.75,130,180,310,1.3846,120,120,240,1.0,100,90,190,0.9,106,62
1020,360,790,200,490,690,2.45,170,350,520,2.0588,160,290,450,1.8125,140,190,330,1.3571,120,120,240,1.0,110,100,210,0.90909,106,62
1050,230,840,200,500,700,2.5,170,360,530,2.1176,160,300,460,1.875,130,200,330,1.5385,120,130,250,1.0833,100,110,210,1.1,106,62
1030,210,720,190,440,630,2.3158,160,320,480,2.0,150,270,420,1.8,130,170,300,1.3077,110,120,230,1.0909,100,110,210,1.1,106,62
1030,310,720,180,480,660,2.6667,160,340,500,2.125,150,290,440,1.9333,130,170,300,1.3077,110,120,230,1.0909,100,90,190,0.9,105,62
1030,310,710,210,580,790,2.7619,170,400,570,2.3529,160,340,500,2.125,130,200,330,1.5385,120,130,250,1.0833,100,100,200,1.0,105,62
1060,230,820,250,560,810,2.24,190,390,580,2.0526,170,330,500,1.9412,150,220,370,1.4667,120,140,260,1.1667,110,110,220,1.0,105,62
1010,240,760,190,480,670,2.5263,170,330,500,1.9412,160,280,440,1.75,140,170,310,1.2143,110,120,230,1.0909,110,100,210,0.90909,105,62
1020,250,740,190,510,700,2.6842,160,340,500,2.125,150,300,450,2.0,130,190,320,1.4615,110,120,230,1.0909,100,100,200,1.0,104,61
1030,280,800,180,490,670,2.7222,160,350,510,2.1875,150,290,440,1.9333,130,180,310,1.3846,110,120,230,1.0909,100,100,200,1.0,104,61
1020,230,800,190,530,720,2.7895,170,350,520,2.0588,150,300,450,2.0,130,180,310,1.3846,110,120,230,1.0909,100,90,190,0.9,104,61
1040,220,820,180,480,660,2.6667,160,340,500,2.125,150,290,440,1.9333,140,180,320,1.2857,110,120,230,1.0909,100,100,200,1.0,105,61
1040,220,710,230,490,720,2.1304,180,360,540,2.0,170,300,470,1.7647,140,190,330,1.3571,130,130,260,1.0,110,110,220,1.0,105,61
1050,330,730,190,620,810,3.2632,160,390,550,2.4375,140,320,460,2.2857,120,200,320,1.6667,110,130,240,1.1818,90,110,200,1.2222,104,61
1060,320,840,180,510,690,2.8333,150,360,510,2.4,140,300,440,2.1429,120,190,310,1.5833,110,130,240,1.1818,90,110,200,1.2222,104,61
1060,220,810,180,500,680,2.7778,150,350,500,2.3333,140,300,440,2.1429,130,190,320,1.4615,100,120,220,1.2,90,110,200,1.2222,104,61
1060,250,830,190,560,750,2.9474,160,380,540,2.375,150,300,450,2.0,130,190,320,1.4615,110,130,240,1.1818,100,110,210,1.1,104,61
1080,230,850,200,490,690,2.45,170,350,520,2.0588,160,290,450,1.8125,140,190,330,1.3571,120,130,250,1.0833,110,100,210,0.90909,104,61
1060,230,820,250,510,760,2.04,180,360,540,2.0,170,290,460,1.7059,140,190,330,1.3571,130,130,260,1.0,110,110,220,1.0,104,61
1060,240,780,180,540,720,3.0,150,360,510,2.4,150,300,450,2.0,120,190,310,1.5833,110,130,240,1.1818,90,110,200,1.2222,103,61
1050,240,730,190,490,680,2.5789,160,350,510,2.1875,150,290,440,1.9333,130,180,310,1.3846,110,120,230,1.0909,100,100,200,1.0,103,61
1050,320,800,190,460,650,2.4211,170,370,540,2.1765,160,300,460,1.875,130,190,320,1.4615,120,130,250,1.0833,100,100,200,1.0,103,60
1080,250,850,210,530,740,2.5238,180,380,560,2.1111,170,320,490,1.8824,140,210,350,1.5,120,140,260,1.1667,100,110,210,1.1,103,60
1050,230,760,200,450,650,2.25,170,330,500,1.9412,160,270,430,1.6875,130,170,300,1.3077,120,120,240,1.0,100,100,200,1.0,103,61
1060,290,800,180,510,690,2.8333,150,360,510,2.4,140,300,440,2.1429,130,190,320,1.4615,110,120,230,1.0909,100,110,210,1.1,103,60
1050,260,810,190,550,740,2.8947,160,380,540,2.375,150,330,480,2.2,130,180,310,1.3846,110,120,230,1.0909,100,100,200,1.0,102,60
1050,240,800,190,520,710,2.7368,170,350,520,2.0588,150,290,440,1.9333,130,170,300,1.3077,110,130,240,1.1818,100,100,200,1.0,102,60
1030,250,800,190,460,650,2.4211,170,320,490,1.8824,160,270,430,1.6875,140,190,330,1.3571,120,120,240,1.0,100,100,200,1.0,102,60
1060,230,800,230,490,720,2.1304,180,360,540,2.0,170,300,470,1.7647,140,200,340,1.4286,130,130,260,1.0,110,110,220,1.0,103,60
1010,260,790,190,630,820,3.3158,160,390,550,2.4375,150,310,460,2.0667,130,190,320,1.4615,120,120,240,1.0,100,100,200,1.0,103,60
1030,220,800,180,500,680,2.7778,160,350,510,2.1875,150,300,450,2.0,120,180,300,1.5,110,120,230,1.0909,90,90,180,1.0,102,60
1040,230,800,190,500,690,2.6316,160,360,520,2.25,150,310,460,2.0667,130,200,330,1.5385,110,130,240,1.1818,100,110,210,1.1,102,60
1030,240,810,190,550,740,2.8947,160,360,520,2.25,150,300,450,2.0,130,190,320,1.4615,120,120,240,1.0,100,100,200,1.0,102,60
1030,220,810,190,460,650,2.4211,160,320,480,2.0,150,270,420,1.8,140,170,310,1.2143,110,120,230,1.0909,110,110,220,1.0,102,60
1050,220,800,240,480,720,2.0,170,350,520,2.0588,170,290,460,1.7059,140,190,330,1.3571,120,130,250,1.0833,100,110,210,1.1,102,60
1050,230,800,180,500,680,2.7778,150,350,500,2.3333,150,300,450,2.0,120,190,310,1.5833,110,130,240,1.1818,90,110,200,1.2222,101,60
1050,250,820,200,500,700,2.5,160,350,510,2.1875,160,300,460,1.875,130,190,320,1.4615,120,130,250,1.0833,100,100,200,1.0,101,60
1030,230,790,190,560,750,2.9474,170,370,540,2.1765,160,310,470,1.9375,140,190,330,1.3571,120,130,250,1.0833,100,90,190,0.9,101,59
1050,240,840,200,500,700,2.5,180,340,520,1.8889,170,280,450,1.6471,150,170,320,1.1333,120,110,230,0.91667,110,90,200,0.81818,101,59
1060,210,770,200,470,670,2.35,170,330,500,1.9412,150,280,430,1.8667,130,170,300,1.3077,110,130,240,1.1818,90,110,200,1.2222,101,60
1040,290,800,180,700,880,3.8889,160,400,560,2.5,150,330,480,2.2,120,200,320,1.6667,110,130,240,1.1818,90,110,200,1.2222,101,60
1030,240,800,180,500,680,2.7778,160,350,510,2.1875,150,300,450,2.0,130,190,320,1.4615,110,120,230,1.0909,90,100,190,1.1111,100,59
1030,230,770,180,470,650,2.6111,160,330,490,2.0625,150,280,430,1.8667,130,170,300,1.3077,100,120,220,1.2,90,100,190,1.1111,100,59
1030,260,800,200,530,730,2.65,170,360,530,2.1176,160,300,460,1.875,140,180,320,1.2857,120,120,240,1.0,110,90,200,0.81818,100,59
1050,230,830,220,530,750,2.4091,180,370,550,2.0556,150,310,460,2.0667,150,200,350,1.3333,130,140,270,1.0769,120,110,230,0.91667,100,59
1040,220,760,190,450,640,2.3684,160,320,480,2.0,150,280,430,1.8667,140,170,310,1.2143,110,130,240,1.1818,100,100,200,1.0,100,59
1030,230,790,180,510,690,2.8333,150,350,500,2.3333,150,300,450,2.0,130,190,320,1.4615,110,130,240,1.1818,90,100,190,1.1111,99,58
1030,240,800,180,490,670,2.7222,150,340,490,2.2667,140,280,420,2.0,130,170,300,1.3077,100,120,220,1.2,100,100,200,1.0,99,58
1030,230,800,190,500,690,2.6316,170,350,520,2.0588,160,290,450,1.8125,130,190,320,1.4615,120,130,250,1.0833,100,100,200,1.0,99,58
1040,230,780,250,500,750,2.0,180,370,550,2.0556,170,310,480,1.8235,150,200,350,1.3333,130,130,260,1.0,110,110,220,1.0,99,58
1030,260,760,180,460,640,2.5556,160,330,490,2.0625,150,270,420,1.8,130,170,300,1.3077,110,120,230,1.0909,100,100,200,1.0,99,58
1020,270,810,180,680,860,3.7778,150,400,550,2.6667,150,330,480,2.2,130,200,330,1.5385,110,130,240,1.1818,100,100,200,1.0,98,58
1010,210,790,170,490,660,2.8824,150,350,500,2.3333,140,290,430,2.0714,130,180,310,1.3846,110,120,230,1.0909,90,100,190,1.1111,98,58
1030,220,800,170,510,680,3.0,150,360,510,2.4,140,290,430,2.0714,120,180,300,1.5,100,130,230,1.3,90,110,200,1.2222,98,58
1000,230,760,190,490,680,2.5789,170,340,510,2.0,160,290,450,1.8125,140,180,320,1.2857,120,130,250,1.0833,100,100,200,1.0,99,58
1020,240,800,260,500,760,1.9231,190,360,550,1.8947,180,310,490,1.7222,150,200,350,1.3333,130,130,260,1.0,110,110,220,1.0,99,58
1020,220,800,190,490,680,2.5789,160,340,500,2.125,150,290,440,1.9333,130,180,310,1.3846,110,120,230,1.0909,100,110,210,1.1,98,58
1030,210,790,170,560,730,3.2941,150,350,500,2.3333,140,310,450,2.2143,120,180,300,1.5,100,130,230,1.3,90,110,200,1.2222,98,58
1030,240,800,190,490,680,2.5789,160,340,500,2.125,150,280,430,1.8667,130,170,300,1.3077,110,120,230,1.0909,100,100,200,1.0,98,58
1040,230,810,190,490,680,2.5789,170,340,510,2.0,150,290,440,1.9333,130,180,310,1.3846,120,120,240,1.0,100,100,200,1.0,99,58
1060,230,830,250,490,740,1.96,180,360,540,2.0,170,310,480,1.8235,140,200,340,1.4286,120,130,250,1.0833,100,120,220,1.2,99,58
1030,230,810,190,520,710,2.7368,150,350,500,2.3333,150,300,450,2.0,130,180,310,1.3846,110,120,230,1.0909,100,100,200,1.0,98,58
1030,230,830,190,510,700,2.6842,160,350,510,2.1875,150,300,450,2.0,130,190,320,1.4615,120,120,240,1.0,100,100,200,1.0,98,58
1030,200,800,180,510,690,2.8333,150,360,510,2.4,140,300,440,2.1429,130,180,310,1.3846,100,120,220,1.2,100,100,200,1.0,98,58
1060,230,850,180,530,710,2.9444,160,370,530,2.3125,150,310,460,2.0667,130,200,330,1.5385,100,140,240,1.4,90,120,210,1.3333,98,58
1060,210,790,220,480,700,2.1818,170,350,520,2.0588,150,290,440,1.9333,140,190,330,1.3571,120,130,250,1.0833,100,110,210,1.1,99,58
1010,270,730,180,550,730,3.0556,160,370,530,2.3125,150,310,460,2.0667,130,190,320,1.4615,110,130,240,1.1818,100,100,200,1.0,99,58
1050,210,830,180,560,740,3.1111,150,380,530,2.5333,140,320,460,2.2857,120,200,320,1.6667,100,140,240,1.4,80,120,200,1.5,98,58
1060,220,840,210,620,830,2.9524,170,390,560,2.2941,160,320,480,2.0,140,210,350,1.5,110,140,250,1.2727,110,110,220,1.0,98,58
1050,220,770,190,470,660,2.4737,160,340,500,2.125,150,290,440,1.9333,130,180,310,1.3846,110,130,240,1.1818,90,110,200,1.2222,98,58
1030,280,630,180,540,720,3.0,150,370,520,2.4667,140,300,440,2.1429,120,190,310,1.5833,100,120,220,1.2,100,100,200,1.0,97,58
1040,400,810,180,560,740,3.1111,160,370,530,2.3125,140,320,460,2.2857,130,200,330,1.5385,100,130,230,1.3,90,100,190,1.1111,97,58
1040,230,810,190,510,700,2.6842,170,350,520,2.0588,150,290,440,1.9333,130,180,310,1.3846,110,130,240,1.1818,100,100,200,1.0,96,57
1040,230,810,190,530,720,2.7895,170,360,530,2.1176,160,290,450,1.8125,130,180,310,1.3846,120,120,240,1.0,110,90,200,0.81818,97,57
1060,230,830,230,560,790,2.4348,180,400,580,2.2222,170,330,500,1.9412,140,210,350,1.5,120,140,260,1.1667,100,110,210,1.1,97,57
1050,230,700,180,470,650,2.6111,150,340,490,2.2667,150,280,430,1.8667,130,180,310,1.3846,110,130,240,1.1818,90,110,200,1.2222,97,57
1030,350,550,180,510,690,2.8333,160,350,510,2.1875,150,300,450,2.0,130,170,300,1.3077,110,120,230,1.0909,100,100,200,1.0,96,57
1030,230,810,180,530,710,2.9444,160,360,520,2.25,150,300,450,2.0,130,180,310,1.3846,110,130,240,1.1818,90,110,200,1.2222,96,57
1050,220,830,190,500,690,2.6316,150,360,510,2.4,150,300,450,2.0,120,190,310,1.5833,100,130,230,1.3,100,110,210,1.1,96,57
1070,220,790,240,520,760,2.1667,180,390,570,2.1667,160,340,500,2.125,140,230,370,1.6429,120,140,260,1.1667,100,120,220,1.2,96,57
1030,280,820,190,540,730,2.8421,160,370,530,2.3125,150,310,460,2.0667,130,180,310,1.3846,110,120,230,1.0909,100,100,200,1.0,96,57
1040,250,820,180,490,670,2.7222,160,350,510,2.1875,150,290,440,1.9333,130,180,310,1.3846,100,120,220,1.2,100,100,200,1.0,95,57
1050,220,810,180,470,650,2.6111,160,380,540,2.375,140,320,460,2.2857,130,190,320,1.4615,110,130,240,1.1818,100,110,210,1.1,95,57
1050,240,820,190,480,670,2.5263,170,350,520,2.0588,160,290,450,1.8125,140,190,330,1.3571,110,120,230,1.0909,110,110,220,1.0,95,57
1060,230,780,250,470,720,1.88,180,370,550,2.0556,170,300,470,1.7647,140,190,330,1.3571,120,140,260,1.1667,110,110,220,1.0,96,57
1040,280,820,190,570,760,3.0,150,380,530,2.5333,150,310,460,2.0667,130,190,320,1.4615,100,120,220,1.2,100,110,210,1.1,96,57
1030,220,720,180,500,680,2.7778,150,350,500,2.3333,140,290,430,2.0714,120,180,300,1.5,110,120,230,1.0909,100,110,210,1.1,95,57
1040,310,810,180,490,670,2.7222,160,340,500,2.125,140,300,440,2.1429,130,200,330,1.5385,100,140,240,1.4,100,110,210,1.1,95,56
1060,230,840,190,540,730,2.8421,170,370,540,2.1765,150,310,460,2.0667,140,200,340,1.4286,110,140,250,1.2727,100,120,220,1.2,95,56
1050,220,810,210,460,670,2.1905,170,320,490,1.8824,160,270,430,1.6875,140,180,320,1.2857,120,130,250,1.0833,110,110,220,1.0,96,57
1040,240,820,180,530,710,2.9444,160,360,520,2.25,150,300,450,2.0,130,190,320,1.4615,110,130,240,1.1818,90,100,190,1.1111,95,57
1050,220,810,180,660,840,3.6667,150,420,570,2.8,140,350,490,2.5,130,200,330,1.5385,100,120,220,1.2,90,100,190,1.1111,95,57
1050,240,820,180,500,680,2.7778,160,350,510,2.1875,150,290,440,1.9333,130,170,300,1.3077,110,120,230,1.0909,90,100,190,1.1111,95,56
1060,230,820,190,470,660,2.4737,170,320,490,1.8824,150,270,420,1.8,140,160,300,1.1429,110,130,240,1.1818,100,100,200,1.0,95,57
1060,240,810,260,530,790,2.0385,180,390,570,2.1667,170,330,500,1.9412,140,210,350,1.5,120,130,250,1.0833,110,110,220,1.0,95,57
1070,250,840,180,590,770,3.2778,150,380,530,2.5333,140,320,460,2.2857,130,190,320,1.4615,100,140,240,1.4,90,120,210,1.3333,95,57
1080,230,820,180,520,700,2.8889,160,360,520,2.25,140,300,440,2.1429,130,180,310,1.3846,110,120,230,1.0909,90,100,190,1.1111,94,56
1020,260,770,210,470,680,2.2381,180,330,510,1.8333,170,280,450,1.6471,150,170,320,1.1333,130,100,230,0.76923,110,80,190,0.72727,94,56
1050,250,820,180,540,720,3.0,150,370,520,2.4667,150,300,450,2.0,120,190,310,1.5833,110,130,240,1.1818,90,110,200,1.2222,94,56
1060,230,850,180,480,660,2.6667,160,340,500,2.125,160,290,450,1.8125,130,180,310,1.3846,120,130,250,1.0833,100,100,200,1.0,94,56
1090,210,790,230,500,730,2.1739,170,370,540,2.1765,150,310,460,2.0667,130,210,340,1.6154,100,160,260,1.6,90,130,220,1.4444,95,56
1040,300,470,170,480,650,2.8235,160,440,600,2.75,150,360,510,2.4,120,220,340,1.8333,100,140,240,1.4,90,110,200,1.2222,95,56
1070,180,760,170,500,670,2.9412,140,350,490,2.5,130,300,430,2.3077,110,190,300,1.7273,90,130,220,1.4444,80,120,200,1.5,94,56
1060,310,830,190,560,750,2.9474,170,370,540,2.1765,150,310,460,2.0667,130,190,320,1.4615,120,130,250,1.0833,100,100,200,1.0,94,56
1090,230,860,200,550,750,2.75,170,370,540,2.1765,160,310,470,1.9375,140,200,340,1.4286,120,130,250,1.0833,110,100,210,0.90909,94,56
1070,230,660,200,460,660,2.3,170,330,500,1.9412,160,270,430,1.6875,140,180,320,1.2857,120,130,250,1.0833,100,100,200,1.0,95,56
1050,280,860,180,510,690,2.8333,150,350,500,2.3333,140,290,430,2.0714,130,180,310,1.3846,100,120,220,1.2,90,100,190,1.1111,94,56
1080,190,850,170,570,740,3.3529,140,380,520,2.7143,140,310,450,2.2143,110,200,310,1.8182,100,140,240,1.4,90,120,210,1.3333,93,56
1070,230,850,190,520,710,2.7368,170,360,530,2.1176,160,280,440,1.75,140,190,330,1.3571,110,120,230,1.0909,100,100,200,1.0,94,56
1060,230,820,220,590,810,2.6818,190,400,590,2.1053,170,330,500,1.9412,150,220,370,1.4667,120,140,260,1.1667,110,100,210,0.90909,93,55
1050,240,820,260,540,800,2.0769,180,380,560,2.1111,170,330,500,1.9412,130,220,350,1.6923,110,140,250,1.2727,100,110,210,1.1,92,54
1090,210,860,230,570,800,2.4783,190,400,590,2.1053,170,340,510,2.0,150,230,380,1.5333,120,140,260,1.1667,100,120,220,1.2,92,54
1030,230,710,190,600,790,3.1579,170,410,580,2.4118,160,360,520,2.25,140,230,370,1.6429,110,140,250,1.2727,110,110,220,1.0,92,54
1010,230,790,190,610,800,3.2105,170,420,590,2.4706,150,360,510,2.4,130,240,370,1.8462,110,140,250,1.2727,100,110,210,1.1,91,54
1010,220,780,190,630,820,3.3158,160,410,570,2.5625,150,350,500,2.3333,130,220,350,1.6923,110,140,250,1.2727,100,110,210,1.1,91,54
1020,230,800,200,580,780,2.9,170,410,580,2.4118,160,340,500,2.125,130,220,350,1.6923,120,140,260,1.1667,100,110,210,1.1,92,54
1040,220,800,240,550,790,2.2917,180,400,580,2.2222,170,340,510,2.0,140,220,360,1.5714,120,140,260,1.1667,100,110,210,1.1,91,54
1000,240,740,190,640,830,3.3684,160,410,570,2.5625,150,340,490,2.2667,130,210,340,1.6154,110,130,240,1.1818,100,110,210,1.1,91,54
990,210,510,180,330,510,1.8333,160,260,420,1.625,150,200,350,1.3333,130,140,270,1.0769,110,120,230,1.0909,100,100,200,1.0,91,54
990,210,790,180,530,710,2.9444,150,380,530,2.5333,140,320,460,2.2857,120,210,330,1.75,100,150,250,1.5,90,120,210,1.3333,91,54
970,230,750,190,570,760,3.0,160,380,540,2.375,150,320,470,2.1333,130,200,330,1.5385,110,130,240,1.1818,100,100,200,1.0,92,55
980,210,760,170,530,700,3.1176,150,370,520,2.4667,140,310,450,2.2143,120,200,320,1.6667,100,130,230,1.3,90,100,190,1.1111,91,55
950,220,740,200,500,700,2.5,160,350,510,2.1875,150,300,450,2.0,130,200,330,1.5385,110,130,240,1.1818,100,110,210,1.1,91,55
980,210,760,180,520,700,2.8889,150,360,510,2.4,140,310,450,2.2143,130,200,330,1.5385,100,130,230,1.3,90,110,200,1.2222,92,55
1010,220,780,240,520,760,2.1667,170,370,540,2.1765,160,300,460,1.875,140,200,340,1.4286,120,140,260,1.1667,100,120,220,1.2,93,56
970,230,750,180,560,740,3.1111,160,370,530,2.3125,150,300,450,2.0,130,180,310,1.3846,110,130,240,1.1818,100,100,200,1.0,93,56
960,220,740,170,510,680,3.0,150,350,500,2.3333,140,290,430,2.0714,130,170,300,1.3077,100,120,220,1.2,90,100,190,1.1111,94,57
960,220,720,190,460,650,2.4211,160,360,520,2.25,150,300,450,2.0,130,180,310,1.3846,110,120,230,1.0909,90,90,180,1.0,94,57
960,240,730,190,490,680,2.5789,170,330,500,1.9412,160,280,440,1.75,130,170,300,1.3077,120,120,240,1.0,100,90,190,0.9,95,58
980,230,760,250,530,780,2.12,180,390,570,2.1667,160,330,490,2.0625,140,210,350,1.5,120,130,250,1.0833,100,110,210,1.1,97,59
950,220,740,190,480,670,2.5263,160,340,500,2.125,150,280,430,1.8667,130,160,290,1.2308,110,110,220,1.0,100,100,200,1.0,98,60
950,210,610,170,510,680,3.0,150,350,500,2.3333,140,280,420,2.0,120,160,280,1.3333,100,110,210,1.1,90,90,180,1.0,99,60
950,340,720,180,560,740,3.1111,160,360,520,2.25,150,290,440,1.9333,130,160,290,1.2308,110,110,220,1.0,90,80,170,0.88889,99,61
940,230,720,190,480,670,2.5263,170,330,500,1.9412,150,270,420,1.8,130,150,280,1.1538,110,100,210,0.90909,100,90,190,0.9,100,62
950,220,720,180,450,630,2.5,150,320,470,2.1333,150,270,420,1.8,130,160,290,1.2308,110,110,220,1.0,100,90,190,0.9,102,62
960,230,750,190,500,690,2.6316,170,340,510,2.0,160,280,440,1.75,130,170,300,1.3077,110,120,230,1.0909,100,100,200,1.0,102,62
970,210,760,180,450,630,2.5,160,330,490,2.0625,150,270,420,1.8,130,160,290,1.2308,110,120,230,1.0909,90,100,190,1.1111,105,65
940,210,720,170,490,660,2.8824,150,340,490,2.2667,140,280,420,2.0,120,150,270,1.25,100,110,210,1.1,90,80,170,0.88889,106,65
940,220,720,170,540,710,3.1765,150,350,500,2.3333,140,300,440,2.1429,130,170,300,1.3077,100,100,200,1.0,90,90,180,1.0,106,66
940,220,720,180,450,630,2.5,150,320,470,2.1333,140,270,410,1.9286,130,150,280,1.1538,100,110,210,1.1,100,80,180,0.8,107,67
940,220,710,180,450,630,2.5,160,310,470,1.9375,150,270,420,1.8,130,150,280,1.1538,110,100,210,0.90909,90,90,180,1.0,109,67
950,230,730,180,440,620,2.4444,160,320,480,2.0,150,260,410,1.7333,130,150,280,1.1538,110,110,220,1.0,100,90,190,0.9,111,69
980,220,770,210,460,670,2.1905,170,350,520,2.0588,160,280,440,1.75,140,170,310,1.2143,120,120,240,1.0,100,90,190,0.9,112,70
940,210,740,180,490,670,2.7222,150,330,480,2.2,150,270,420,1.8,120,150,270,1.25,110,110,220,1.0,100,90,190,0.9,113,70
940,200,550,170,470,640,2.7647,150,330,480,2.2,140,270,410,1.9286,120,140,260,1.1667,100,100,200,1.0,90,90,180,1.0,114,71
940,390,730,180,470,650,2.6111,150,320,470,2.1333,140,270,410,1.9286,120,150,270,1.25,110,110,220,1.0,90,90,180,1.0,115,72
950,210,750,170,480,650,2.8235,150,320,470,2.1333,140,270,410,1.9286,120,150,270,1.25,100,110,210,1.1,90,90,180,1.0,116,72
950,200,730,180,430,610,2.3889,160,310,470,1.9375,150,260,410,1.7333,130,140,270,1.0769,110,100,210,0.90909,100,90,190,0.9,118,73
970,220,750,190,470,660,2.4737,160,340,500,2.125,150,280,430,1.8667,140,160,300,1.1429,110,110,220,1.0,110,90,200,0.81818,119,74
940,220,730,190,500,690,2.6316,160,340,500,2.125,150,280,430,1.8667,130,150,280,1.1538,120,100,220,0.8333299999999999,110,90,200,0.81818,121,75
950,210,740,170,480,650,2.8235,140,340,480,2.4286,140,280,420,2.0,110,150,260,1.3636,100,110,210,1.1,80,90,170,1.125,121,75
940,210,730,170,460,630,2.7059,150,330,480,2.2,130,290,420,2.2308,120,160,280,1.3333,100,110,210,1.1,100,90,190,0.9,121,75
950,210,730,170,450,620,2.6471,150,330,480,2.2,140,270,410,1.9286,120,150,270,1.25,100,100,200,1.0,90,90,180,1.0,122,76
940,220,720,180,440,620,2.4444,160,310,470,1.9375,150,260,410,1.7333,130,150,280,1.1538,110,110,220,1.0,100,90,190,0.9,124,76
960,220,750,180,470,650,2.6111,160,340,500,2.125,150,280,430,1.8667,130,170,300,1.3077,110,120,230,1.0909,90,100,190,1.1111,125,77
940,210,730,190,440,630,2.3158,160,320,480,2.0,150,270,420,1.8,120,150,270,1.25,120,110,230,0.91667,100,90,190,0.9,125,77
940,210,730,160,500,660,3.125,140,350,490,2.5,130,290,420,2.2308,110,150,260,1.3636,90,110,200,1.2222,80,90,170,1.125,124,77
930,210,720,170,460,630,2.7059,150,330,480,2.2,140,270,410,1.9286,120,140,260,1.1667,110,90,200,0.81818,90,80,170,0.88889,124,77
920,210,720,180,460,640,2.5556,150,330,480,2.2,140,280,420,2.0,130,150,280,1.1538,110,100,210,0.90909,90,90,180,1.0,124,77
950,200,360,170,360,530,2.1176,140,340,480,2.4286,130,290,420,2.2308,120,170,290,1.4167,100,120,220,1.2,90,100,190,1.1111,125,77
980,210,590,230,470,700,2.0435,230,430,660,1.8696,210,340,550,1.619,150,270,420,1.8,130,160,290,1.2308,110,120,230,1.0909,127,78
950,210,730,170,440,610,2.5882,140,320,460,2.2857,140,270,410,1.9286,110,150,260,1.3636,100,110,210,1.1,90,80,170,0.88889,126,78
930,220,710,240,510,750,2.125,240,360,600,1.5,200,300,500,1.5,150,170,320,1.1333,130,110,240,0.84615,110,90,200,0.81818,126,77
940,220,700,180,630,810,3.5,150,360,510,2.4,150,300,450,2.0,130,160,290,1.2308,110,110,220,1.0,100,80,180,0.8,126,77
950,240,730,190,550,740,2.8947,170,350,520,2.0588,160,290,450,1.8125,130,170,300,1.3077,120,110,230,0.91667,100,100,200,1.0,127,77
970,220,750,190,510,700,2.6842,170,360,530,2.1176,150,300,450,2.0,140,190,330,1.3571,110,120,230,1.0909,110,100,210,0.90909,128,78
940,220,730,190,460,650,2.4211,170,340,510,2.0,160,290,450,1.8125,130,170,300,1.3077,120,110,230,0.91667,100,100,200,1.0,127,78
940,210,730,180,500,680,2.7778,150,350,500,2.3333,150,310,460,2.0667,120,170,290,1.4167,100,110,210,1.1,90,90,180,1.0,127,77
940,210,720,170,490,660,2.8824,150,340,490,2.2667,140,290,430,2.0714,120,170,290,1.4167,100,110,210,1.1,90,90,180,1.0,127,77
960,230,720,200,440,640,2.2,180,310,490,1.7222,160,260,420,1.625,150,180,330,1.2,120,120,240,1.0,110,90,200,0.81818,127,76
960,240,680,230,450,680,1.9565,180,340,520,1.8889,180,290,470,1.6111,140,190,330,1.3571,120,120,240,1.0,110,100,210,0.90909,128,77
950,280,610,180,440,620,2.4444,160,320,480,2.0,140,280,420,2.0,130,190,320,1.4615,110,120,230,1.0909,100,100,200,1.0,127,76
930,340,640,180,420,600,2.3333,170,320,490,1.8824,150,270,420,1.8,130,150,280,1.1538,120,100,220,0.8333299999999999,110,80,190,0.72727,127,76
930,290,720,220,520,740,2.3636,170,360,530,2.1176,160,310,470,1.9375,140,200,340,1.4286,120,120,240,1.0,100,90,190,0.9,126,76
940,210,670,170,580,750,3.4118,160,340,500,2.125,150,290,440,1.9333,130,190,320,1.4615,110,110,220,1.0,100,100,200,1.0,126,76
960,270,520,190,530,720,2.7895,170,330,500,1.9412,150,290,440,1.9333,140,170,310,1.2143,120,120,240,1.0,100,90,190,0.9,127,76
990,310,720,180,700,880,3.8889,150,400,550,2.6667,140,350,490,2.5,130,210,340,1.6154,110,130,240,1.1818,90,100,190,1.1111,126,75
980,210,750,230,550,780,2.3913,230,370,600,1.6087,180,310,490,1.7222,150,210,360,1.4,120,150,270,1.25,110,120,230,1.0909,127,75
950,230,650,230,450,680,1.9565,190,340,530,1.7895,180,310,490,1.7222,150,230,380,1.5333,130,150,280,1.1538,110,110,220,1.0,127,75
950,200,720,180,590,770,3.2778,160,370,530,2.3125,150,320,470,2.1333,140,220,360,1.5714,110,130,240,1.1818,90,100,190,1.1111,124,73
980,230,750,200,510,710,2.55,170,360,530,2.1176,170,310,480,1.8235,140,190,330,1.3571,120,110,230,0.91667,110,90,200,0.81818,125,73
960,230,750,230,500,730,2.1739,180,350,530,1.9444,180,300,480,1.6667,160,200,360,1.25,140,120,260,0.85714,120,100,220,0.8333299999999999,125,74
950,210,750,180,600,780,3.3333,150,350,500,2.3333,140,300,440,2.1429,130,200,330,1.5385,110,120,230,1.0909,100,100,200,1.0,125,73
950,200,730,170,470,640,2.7647,150,340,490,2.2667,140,290,430,2.0714,130,190,320,1.4615,100,120,220,1.2,90,90,180,1.0,124,73
950,220,710,180,490,670,2.7222,160,340,500,2.125,150,300,450,2.0,130,180,310,1.3846,120,120,240,1.0,100,100,200,1.0,123,72
950,240,730,190,450,640,2.3684,160,330,490,2.0625,150,280,430,1.8667,120,170,290,1.4167,110,110,220,1.0,90,100,190,1.1111,124,72
960,220,730,190,480,670,2.5263,160,340,500,2.125,150,290,440,1.9333,140,190,330,1.3571,120,120,240,1.0,100,100,200,1.0,124,72
970,230,730,250,510,760,2.04,180,360,540,2.0,170,310,480,1.8235,140,190,330,1.3571,120,120,240,1.0,110,100,210,0.90909,124,72
950,240,740,190,490,680,2.5789,160,350,510,2.1875,150,300,450,2.0,130,180,310,1.3846,110,120,230,1.0909,100,110,210,1.1,124,72
880,310,590,190,600,790,3.1579,150,380,530,2.5333,140,270,410,1.9286,120,160,280,1.3333,110,120,230,1.0909,90,100,190,1.1111,122,69
880,280,610,190,500,690,2.6316,150,340,490,2.2667,150,230,380,1.5333,130,150,280,1.1538,110,110,220,1.0,100,100,200,1.0,122,69
890,270,600,290,550,840,1.8966,170,340,510,2.0,160,230,390,1.4375,140,150,290,1.0714,110,110,220,1.0,100,100,200,1.0,122,69
880,290,670,190,680,870,3.5789,160,380,540,2.375,160,300,460,1.875,130,180,310,1.3846,120,130,250,1.0833,100,100,200,1.0,122,69
840,210,590,230,460,690,2.0,170,350,520,2.0588,160,290,450,1.8125,130,180,310,1.3846,110,130,240,1.1818,90,120,210,1.3333,121,69
880,300,610,180,520,700,2.8889,150,370,520,2.4667,140,280,420,2.0,120,170,290,1.4167,100,120,220,1.2,80,100,180,1.25,121,68
880,290,590,180,490,670,2.7222,150,320,470,2.1333,140,220,360,1.5714,130,150,280,1.1538,100,120,220,1.2,90,100,190,1.1111,120,68
890,290,570,190,520,710,2.7368,160,330,490,2.0625,150,230,380,1.5333,130,150,280,1.1538,110,120,230,1.0909,100,100,200,1.0,121,68
880,320,530,190,480,670,2.5263,160,330,490,2.0625,150,250,400,1.6667,140,160,300,1.1429,110,120,230,1.0909,100,100,200,1.0,121,68
880,260,580,180,510,690,2.8333,150,350,500,2.3333,150,250,400,1.6667,130,160,290,1.2308,110,120,230,1.0909,100,100,200,1.0,119,68
880,300,590,180,480,660,2.6667,150,320,470,2.1333,140,230,370,1.6429,120,150,270,1.25,100,120,220,1.2,100,90,190,0.9,119,67
880,290,590,180,480,660,2.6667,150,360,510,2.4,140,280,420,2.0,120,150,270,1.25,100,110,210,1.1,90,100,190,1.1111,119,67
890,290,570,180,450,630,2.5,150,300,450,2.0,150,210,360,1.4,120,150,270,1.25,100,120,220,1.2,90,100,190,1.1111,119,67
880,320,560,190,570,760,3.0,160,390,550,2.4375,150,290,440,1.9333,120,160,280,1.3333,110,120,230,1.0909,90,110,200,1.2222,119,67
880,320,550,180,430,610,2.3889,150,260,410,1.7333,150,200,350,1.3333,120,150,270,1.25,110,120,230,1.0909,90,100,190,1.1111,119,67
880,320,570,190,580,770,3.0526,160,420,580,2.625,150,320,470,2.1333,130,170,300,1.3077,110,130,240,1.1818,100,100,200,1.0,118,67
890,310,600,180,500,680,2.7778,150,360,510,2.4,140,270,410,1.9286,120,160,280,1.3333,100,120,220,1.2,90,100,190,1.1111,118,67
890,290,610,190,480,670,2.5263,160,370,530,2.3125,140,290,430,2.0714,130,170,300,1.3077,100,110,210,1.1,100,100,200,1.0,118,67
900,280,590,190,470,660,2.4737,150,310,460,2.0667,150,230,380,1.5333,120,160,280,1.3333,110,120,230,1.0909,90,100,190,1.1111,118,67
890,310,530,200,540,740,2.7,170,390,560,2.2941,160,320,480,2.0,130,180,310,1.3846,120,130,250,1.0833,100,100,200,1.0,118,67
880,360,680,200,430,630,2.15,180,310,490,1.7222,170,240,410,1.4118,140,160,300,1.1429,110,120,230,1.0909,100,100,200,1.0,119,67
890,200,580,220,430,650,1.9545,220,280,500,1.2727,180,220,400,1.2222,140,160,300,1.1429,120,120,240,1.0,110,110,220,1.0,118,67
890,310,580,180,480,660,2.6667,160,330,490,2.0625,140,230,370,1.6429,120,150,270,1.25,100,120,220,1.2,80,90,170,1.125,117,67
890,310,600,190,460,650,2.4211,160,340,500,2.125,150,250,400,1.6667,130,170,300,1.3077,100,130,230,1.3,100,110,210,1.1,117,66
900,290,560,180,460,640,2.5556,150,290,440,1.9333,140,220,360,1.5714,120,160,280,1.3333,110,120,230,1.0909,90,100,190,1.1111,117,66
890,340,540,190,460,650,2.4211,160,340,500,2.125,150,300,450,2.0,130,180,310,1.3846,110,130,240,1.1818,90,100,190,1.1111,118,67
880,350,690,200,470,670,2.35,170,330,500,1.9412,160,280,440,1.75,140,170,310,1.2143,120,130,250,1.0833,100,100,200,1.0,117,67
900,190,600,210,440,650,2.0952,210,270,480,1.2857,170,210,380,1.2353,130,170,300,1.3077,110,120,230,1.0909,90,110,200,1.2222,117,67
900,290,600,180,480,660,2.6667,150,320,470,2.1333,140,240,380,1.7143,120,160,280,1.3333,100,120,220,1.2,80,100,180,1.25,116,66
890,300,560,190,520,710,2.7368,160,320,480,2.0,150,220,370,1.4667,130,140,270,1.0769,110,110,220,1.0,100,100,200,1.0,116,66
890,330,690,200,400,600,2.0,170,270,440,1.5882,150,240,390,1.6,130,180,310,1.3846,110,130,240,1.1818,100,110,210,1.1,116,66
900,200,620,220,480,700,2.1818,220,380,600,1.7273,180,320,500,1.7778,150,200,350,1.3333,120,140,260,1.1667,110,110,220,1.0,115,66
890,280,480,180,450,630,2.5,160,290,450,1.8125,140,220,360,1.5714,120,150,270,1.25,110,120,230,1.0909,90,100,190,1.1111,115,66
890,290,600,180,460,640,2.5556,150,310,460,2.0667,150,210,360,1.4,120,150,270,1.25,100,120,220,1.2,100,90,190,0.9,114,65
900,290,580,190,450,640,2.3684,150,310,460,2.0667,150,230,380,1.5333,130,150,280,1.1538,110,110,220,1.0,100,100,200,1.0,114,65
890,320,570,190,530,720,2.7895,170,360,530,2.1176,150,270,420,1.8,130,160,290,1.2308,110,130,240,1.1818,100,100,200,1.0,114,65
880,320,540,190,430,620,2.2632,160,280,440,1.75,150,210,360,1.4,130,150,280,1.1538,100,130,230,1.3,90,120,210,1.3333,115,65
890,300,590,180,600,780,3.3333,160,260,420,1.625,150,190,340,1.2667,130,140,270,1.0769,110,110,220,1.0,90,90,180,1.0,113,65
880,300,570,190,570,760,3.0,160,360,520,2.25,150,250,400,1.6667,130,160,290,1.2308,110,110,220,1.0,90,90,180,1.0,113,65
890,310,600,190,450,640,2.3684,160,290,450,1.8125,140,210,350,1.5,130,150,280,1.1538,110,110,220,1.0,100,90,190,0.9,113,64
890,290,580,180,450,630,2.5,150,310,460,2.0667,150,230,380,1.5333,130,150,280,1.1538,100,120,220,1.2,100,100,200,1.0,113,64
890,310,530,190,540,730,2.8421,160,390,550,2.4375,150,310,460,2.0667,130,180,310,1.3846,110,130,240,1.1818,100,110,210,1.1,113,65
900,270,640,180,480,660,2.6667,150,320,470,2.1333,140,240,380,1.7143,120,160,280,1.3333,100,120,220,1.2,90,110,200,1.2222,112,64
890,260,620,220,580,800,2.6364,170,380,550,2.2353,160,290,450,1.8125,130,170,300,1.3077,110,130,240,1.1818,90,100,190,1.1111,112,64
890,270,570,180,480,660,2.6667,160,290,450,1.8125,140,220,360,1.5714,130,160,290,1.2308,100,120,220,1.2,90,100,190,1.1111,113,65
850,320,550,190,520,710,2.7368,160,360,520,2.25,150,280,430,1.8667,130,170,300,1.3077,110,130,240,1.1818,100,110,210,1.1,113,65
900,290,620,180,480,660,2.6667,150,320,470,2.1333,140,230,370,1.6429,120,150,270,1.25,100,120,220,1.2,90,100,190,1.1111,112,64
900,280,620,240,500,740,2.0833,160,370,530,2.3125,150,290,440,1.9333,130,170,300,1.3077,110,130,240,1.1818,90,100,190,1.1111,112,64
900,280,510,180,520,700,2.8889,150,400,550,2.6667,150,260,410,1.7333,130,160,290,1.2308,100,120,220,1.2,100,100,200,1.0,113,65
890,390,680,190,460,650,2.4211,160,320,480,2.0,150,260,410,1.7333,130,170,300,1.3077,110,120,230,1.0909,100,100,200,1.0,113,65
890,210,590,230,470,700,2.0435,230,370,600,1.6087,180,330,510,1.8333,140,200,340,1.4286,120,140,260,1.1667,100,120,220,1.2,113,65
890,300,550,210,420,630,2.0,160,250,410,1.5625,150,200,350,1.3333,130,150,280,1.1538,100,120,220,1.2,100,90,190,0.9,112,65
890,340,620,190,630,820,3.3158,150,440,590,2.9333,150,360,510,2.4,120,180,300,1.5,110,110,220,1.0,90,100,190,1.1111,112,64
890,270,630,180,450,630,2.5,160,280,440,1.75,140,210,350,1.5,130,150,280,1.1538,100,110,210,1.1,90,100,190,1.1111,112,64
890,260,630,200,450,650,2.25,160,350,510,2.1875,150,260,410,1.7333,130,160,290,1.2308,100,130,230,1.3,90,110,200,1.2222,112,64
870,260,570,190,580,770,3.0526,160,390,550,2.4375,150,280,430,1.8667,130,170,300,1.3077,110,120,230,1.0909,100,110,210,1.1,112,64
900,300,700,180,440,620,2.4444,150,310,460,2.0667,140,240,380,1.7143,120,170,290,1.4167,100,130,230,1.3,90,120,210,1.3333,112,64
890,200,600,220,460,680,2.0909,190,340,530,1.7895,160,270,430,1.6875,140,190,330,1.3571,120,140,260,1.1667,100,120,220,1.2,112,64
890,290,590,180,440,620,2.4444,150,240,390,1.6,140,190,330,1.3571,120,150,270,1.25,100,110,210,1.1,90,100,190,1.1111,112,64
910,300,610,170,620,790,3.6471,150,400,550,2.6667,140,310,450,2.2143,120,180,300,1.5,100,130,230,1.3,90,110,200,1.2222,111,64
890,300,600,180,470,650,2.6111,160,320,480,2.0,150,230,380,1.5333,130,150,280,1.1538,110,110,220,1.0,90,100,190,1.1111,111,64
900,290,610,170,480,650,2.8235,150,350,500,2.3333,140,230,370,1.6429,130,160,290,1.2308,100,120,220,1.2,90,100,190,1.1111,111,64
900,290,570,180,510,690,2.8333,160,330,490,2.0625,150,230,380,1.5333,130,150,280,1.1538,110,120,230,1.0909,100,100,200,1.0,112,64
870,330,700,190,550,740,2.8947,160,360,520,2.25,150,280,430,1.8667,140,170,310,1.2143,110,120,230,1.0909,90,110,200,1.2222,112,64
890,310,590,200,510,710,2.55,160,360,520,2.25,150,210,360,1.4,130,150,280,1.1538,110,110,220,1.0,90,90,180,1.0,111,64
890,300,590,180,600,780,3.3333,150,450,600,3.0,140,360,500,2.5714,120,170,290,1.4167,100,130,230,1.3,90,100,190,1.1111,111,64
910,300,630,180,450,630,2.5,140,290,430,2.0714,140,220,360,1.5714,120,160,280,1.3333,100,120,220,1.2,90,110,200,1.2222,110,64
890,280,530,190,480,670,2.5263,160,290,450,1.8125,150,210,360,1.4,140,160,300,1.1429,110,120,230,1.0909,100,100,200,1.0,110,63
890,360,530,180,450,630,2.5,160,300,460,1.875,150,220,370,1.4667,130,160,290,1.2308,110,120,230,1.0909,100,100,200,1.0,111,64
900,270,550,290,410,700,1.4138,160,240,400,1.5,140,200,340,1.4286,130,150,280,1.1538,100,120,220,1.2,90,90,180,1.0,110,63
900,350,610,180,490,670,2.7222,140,360,500,2.5714,140,280,420,2.0,120,160,280,1.3333,100,120,220,1.2,90,110,200,1.2222,109,63
910,280,610,190,470,660,2.4737,150,340,490,2.2667,140,250,390,1.7857,120,160,280,1.3333,100,120,220,1.2,90,100,190,1.1111,109,63
890,300,580,190,480,670,2.5263,160,280,440,1.75,150,200,350,1.3333,130,140,270,1.0769,110,100,210,0.90909,100,80,180,0.8,109,63
910,310,540,170,500,670,2.9412,150,340,490,2.2667,140,240,380,1.7143,120,160,280,1.3333,100,120,220,1.2,90,110,200,1.2222,109,63
910,280,600,180,450,630,2.5,150,260,410,1.7333,130,210,340,1.6154,120,150,270,1.25,100,120,220,1.2,90,100,190,1.1111,108,63
910,310,540,190,480,670,2.5263,160,280,440,1.75,140,200,340,1.4286,120,140,260,1.1667,110,110,220,1.0,90,100,190,1.1111,108,63
910,300,590,220,440,660,2.0,160,280,440,1.75,140,210,350,1.5,120,160,280,1.3333,100,120,220,1.2,90,100,190,1.1111,108,63
890,320,530,200,540,740,2.7,170,380,550,2.2353,160,290,450,1.8125,120,170,290,1.4167,110,130,240,1.1818,90,100,190,1.1111,109,63
910,360,540,180,430,610,2.3889,150,310,460,2.0667,150,240,390,1.6,120,160,280,1.3333,110,130,240,1.1818,90,110,200,1.2222,109,63
900,310,610,190,520,710,2.7368,150,350,500,2.3333,140,240,380,1.7143,110,160,270,1.4545,110,120,230,1.0909,90,100,190,1.1111,108,63
910,290,370,180,380,560,2.1111,150,300,450,2.0,140,220,360,1.5714,120,160,280,1.3333,100,120,220,1.2,90,100,190,1.1111,108,63
910,290,690,180,630,810,3.5,150,250,400,1.6667,140,200,340,1.4286,130,150,280,1.1538,100,110,210,1.1,100,90,190,0.9,109,63
900,220,570,180,440,620,2.4444,160,330,490,2.0625,150,240,390,1.6,130,160,290,1.2308,110,120,230,1.0909,100,100,200,1.0,109,63
860,330,650,200,480,680,2.4,160,350,510,2.1875,150,270,420,1.8,130,170,300,1.3077,110,130,240,1.1818,100,110,210,1.1,109,63
930,210,620,230,470,700,2.0435,170,270,440,1.5882,140,220,360,1.5714,110,180,290,1.6364,90,140,230,1.5556,70,120,190,1.7143,108,63
890,310,600,190,490,680,2.5789,160,360,520,2.25,140,240,380,1.7143,130,160,290,1.2308,100,120,220,1.2,100,90,190,0.9,107,62
890,290,600,180,480,660,2.6667,150,320,470,2.1333,140,230,370,1.6429,130,160,290,1.2308,100,110,210,1.1,100,100,200,1.0,107,62
900,290,560,180,490,670,2.7222,160,380,540,2.375,150,260,410,1.7333,120,160,280,1.3333,110,120,230,1.0909,90,100,190,1.1111,108,62
890,340,560,180,440,620,2.4444,160,320,480,2.0,150,250,400,1.6667,130,170,300,1.3077,110,120,230,1.0909,100,100,200,1.0,108,62
900,300,600,170,490,660,2.8824,140,340,480,2.4286,130,250,380,1.9231,120,160,280,1.3333,90,120,210,1.3333,80,100,180,1.25,106,62
890,300,580,180,440,620,2.4444,150,280,430,1.8667,140,200,340,1.4286,130,150,280,1.1538,110,120,230,1.0909,100,110,210,1.1,106,62
900,310,600,190,450,640,2.3684,150,300,450,2.0,150,220,370,1.4667,120,160,280,1.3333,110,120,230,1.0909,90,100,190,1.1111,106,62
900,300,560,180,570,750,3.1667,160,370,530,2.3125,150,320,470,2.1333,130,170,300,1.3077,110,130,240,1.1818,90,110,200,1.2222,106,62
890,340,680,190,490,680,2.5789,160,320,480,2.0,160,260,420,1.625,130,180,310,1.3846,110,130,240,1.1818,100,110,210,1.1,107,62
890,210,580,230,430,660,1.8696,230,300,530,1.3043,180,240,420,1.3333,150,170,320,1.1333,120,130,250,1.0833,110,100,210,0.90909,107,62
910,290,620,180,500,680,2.7778,150,310,460,2.0667,140,230,370,1.6429,120,150,270,1.25,100,120,220,1.2,90,100,190,1.1111,106,62
890,290,640,180,540,720,3.0,140,350,490,2.5,140,240,380,1.7143,110,160,270,1.4545,80,120,200,1.5,70,100,170,1.4286,106,62
910,250,590,170,460,630,2.7059,150,270,420,1.8,140,200,340,1.4286,120,150,270,1.25,110,120,230,1.0909,90,100,190,1.1111,106,62
900,190,600,210,400,610,1.9048,170,250,420,1.4706,160,210,370,1.3125,130,160,290,1.2308,110,130,240,1.1818,90,100,190,1.1111,107,62
900,300,590,190,570,760,3.0,150,390,540,2.6,150,270,420,1.8,120,160,280,1.3333,110,110,220,1.0,90,100,190,1.1111,107,62
890,310,610,180,480,660,2.6667,160,300,460,1.875,140,210,350,1.5,130,150,280,1.1538,110,110,220,1.0,100,90,190,0.9,106,62
910,280,580,190,590,780,3.1053,150,360,510,2.4,140,260,400,1.8571,120,180,300,1.5,100,130,230,1.3,90,110,200,1.2222,106,62
890,330,580,180,520,700,2.8889,160,360,520,2.25,150,250,400,1.6667,130,160,290,1.2308,110,120,230,1.0909,90,90,180,1.0,106,62
900,290,590,180,510,690,2.8333,150,230,380,1.5333,140,190,330,1.3571,130,150,280,1.1538,100,110,210,1.1,90,90,180,1.0,106,62
900,310,590,200,560,760,2.8,160,390,550,2.4375,150,270,420,1.8,130,160,290,1.2308,110,110,220,1.0,100,100,200,1.0,106,62
910,310,560,180,440,620,2.4444,150,280,430,1.8667,140,210,350,1.5,130,160,290,1.2308,100,120,220,1.2,100,100,200,1.0,106,62
890,350,600,190,540,730,2.8421,160,360,520,2.25,150,260,410,1.7333,130,170,300,1.3077,110,120,230,1.0909,90,100,190,1.1111,106,62
910,290,570,170,580,750,3.4118,150,380,530,2.5333,140,280,420,2.0,120,170,290,1.4167,100,130,230,1.3,90,110,200,1.2222,106,62
900,340,540,200,400,600,2.0,170,260,430,1.5294,160,200,360,1.25,130,150,280,1.1538,120,120,240,1.0,90,90,180,1.0,107,62
910,320,600,190,530,720,2.7895,150,380,530,2.5333,150,260,410,1.7333,120,170,290,1.4167,100,130,230,1.3,90,110,200,1.2222,105,61
910,310,580,200,450,650,2.25,160,330,490,2.0625,150,240,390,1.6,130,160,290,1.2308,100,120,220,1.2,90,100,190,1.1111,105,61
900,330,570,180,500,680,2.7778,160,350,510,2.1875,150,250,400,1.6667,130,170,300,1.3077,110,120,230,1.0909,90,100,190,1.1111,106,61
900,330,690,190,640,830,3.3684,160,370,530,2.3125,150,290,440,1.9333,130,180,310,1.3846,100,130,230,1.3,100,110,210,1.1,106,62
890,210,710,190,460,650,2.4211,170,320,490,1.8824,150,250,400,1.6667,130,170,300,1.3077,110,130,240,1.1818,90,100,190,1.1111,106,62
910,180,570,200,430,630,2.15,200,240,440,1.2,170,200,370,1.1765,140,160,300,1.1429,110,120,230,1.0909,90,100,190,1.1111,105,61
910,290,570,180,490,670,2.7222,150,360,510,2.4,140,240,380,1.7143,120,160,280,1.3333,100,120,220,1.2,90,100,190,1.1111,104,61
900,340,610,250,460,710,1.84,170,300,470,1.7647,160,220,380,1.375,140,160,300,1.1429,110,130,240,1.1818,100,100,200,1.0,104,61
900,290,550,190,560,750,2.9474,160,350,510,2.1875,150,230,380,1.5333,130,150,280,1.1538,110,120,230,1.0909,100,100,200,1.0,105,61
890,350,530,190,460,650,2.4211,170,330,500,1.9412,150,260,410,1.7333,140,170,310,1.2143,110,130,240,1.1818,100,100,200,1.0,105,61
890,280,550,180,420,600,2.3333,160,230,390,1.4375,140,190,330,1.3571,130,140,270,1.0769,110,110,220,1.0,100,90,190,0.9,104,61
900,340,610,190,620,810,3.2632,160,440,600,2.75,140,350,490,2.5,120,180,300,1.5,110,130,240,1.1818,90,110,200,1.2222,103,61
890,290,620,180,480,660,2.6667,160,310,470,1.9375,140,220,360,1.5714,130,150,280,1.1538,110,120,230,1.0909,90,100,190,1.1111,103,60
910,270,610,170,470,640,2.7647,150,320,470,2.1333,140,240,380,1.7143,120,170,290,1.4167,90,130,220,1.4444,90,120,210,1.3333,103,60
890,300,540,190,550,740,2.8947,160,370,530,2.3125,150,280,430,1.8667,120,170,290,1.4167,110,120,230,1.0909,100,100,200,1.0,103,60
890,350,550,190,400,590,2.1053,160,320,480,2.0,150,240,390,1.6,130,170,300,1.3077,110,130,240,1.1818,100,100,200,1.0,104,61
900,300,570,190,540,730,2.8421,160,340,500,2.125,140,230,370,1.6429,120,160,280,1.3333,100,120,220,1.2,90,100,190,1.1111,103,60
890,280,600,180,490,670,2.7222,160,310,470,1.9375,150,210,360,1.4,120,150,270,1.25,110,120,230,1.0909,90,100,190,1.1111,102,60
900,290,570,180,430,610,2.3889,160,250,410,1.5625,140,210,350,1.5,120,160,280,1.3333,100,130,230,1.3,90,100,190,1.1111,102,60
890,330,540,190,550,740,2.8947,160,380,540,2.375,150,300,450,2.0,130,170,300,1.3077,110,130,240,1.1818,100,110,210,1.1,103,60
900,190,590,210,450,660,2.1429,210,260,470,1.2381,180,220,400,1.2222,140,170,310,1.2143,120,130,250,1.0833,100,100,200,1.0,103,61
880,310,470,190,480,670,2.5263,160,410,570,2.5625,150,280,430,1.8667,130,160,290,1.2308,110,120,230,1.0909,100,100,200,1.0,103,61
890,290,600,180,470,650,2.6111,160,310,470,1.9375,140,230,370,1.6429,120,160,280,1.3333,110,120,230,1.0909,90,100,190,1.1111,102,60
890,290,570,200,440,640,2.2,150,240,390,1.6,140,200,340,1.4286,120,150,270,1.25,100,120,220,1.2,90,90,180,1.0,103,60
890,320,530,180,460,640,2.5556,150,270,420,1.8,140,200,340,1.4286,130,160,290,1.2308,100,120,220,1.2,100,100,200,1.0,104,61
900,260,590,280,410,690,1.4643,170,240,410,1.4118,150,200,350,1.3333,130,150,280,1.1538,110,120,230,1.0909,90,100,190,1.1111,103,61
900,310,370,190,380,570,2.0,150,360,510,2.4,140,250,390,1.7857,120,160,280,1.3333,100,120,220,1.2,90,100,190,1.1111,103,61
910,270,670,190,500,690,2.6316,160,320,480,2.0,140,240,380,1.7143,130,160,290,1.2308,100,120,220,1.2,100,100,200,1.0,103,61
890,240,580,190,590,780,3.1053,170,340,510,2.0,150,250,400,1.6667,140,160,300,1.1429,120,120,240,1.0,100,90,190,0.9,103,61
870,310,560,180,470,650,2.6111,160,290,450,1.8125,150,220,370,1.4667,130,160,290,1.2308,110,120,230,1.0909,100,100,200,1.0,104,61
890,280,590,180,440,620,2.4444,150,250,400,1.6667,140,200,340,1.4286,130,150,280,1.1538,100,120,220,1.2,100,100,200,1.0,104,61
900,300,620,180,630,810,3.5,150,390,540,2.6,140,300,440,2.1429,120,160,280,1.3333,100,120,220,1.2,90,110,200,1.2222,103,61
910,280,620,180,520,700,2.8889,150,330,480,2.2,140,240,380,1.7143,120,170,290,1.4167,100,120,220,1.2,90,110,200,1.2222,103,60
890,290,610,210,480,690,2.2857,170,330,500,1.9412,170,250,420,1.4706,130,160,290,1.2308,120,120,240,1.0,100,100,200,1.0,103,60
890,280,570,180,580,760,3.2222,160,380,540,2.375,140,280,420,2.0,130,170,300,1.3077,110,120,230,1.0909,90,110,200,1.2222,104,61
890,320,690,180,450,630,2.5,140,300,440,2.1429,140,240,380,1.7143,120,160,280,1.3333,100,130,230,1.3,90,110,200,1.2222,104,61
890,200,620,220,430,650,1.9545,220,300,520,1.3636,190,240,430,1.2632,140,170,310,1.2143,120,130,250,1.0833,100,110,210,1.1,104,61
890,270,600,180,530,710,2.9444,160,320,480,2.0,140,220,360,1.5714,120,150,270,1.25,100,120,220,1.2,90,100,190,1.1111,103,60
910,280,630,180,480,660,2.6667,150,320,470,2.1333,140,240,380,1.7143,110,160,270,1.4545,100,120,220,1.2,90,110,200,1.2222,102,60
890,280,560,200,410,610,2.05,170,330,500,1.9412,160,240,400,1.5,140,160,300,1.1429,110,120,230,1.0909,100,90,190,0.9,103,60
900,180,590,200,440,640,2.2,200,260,460,1.3,150,210,360,1.4,120,170,290,1.4167,100,130,230,1.3,90,110,200,1.2222,102,60
930,310,590,180,570,750,3.1667,140,390,530,2.7857,130,270,400,2.0769,110,160,270,1.4545,100,130,230,1.3,80,110,190,1.375,102,60
910,320,590,180,460,640,2.5556,150,290,440,1.9333,140,220,360,1.5714,120,150,270,1.25,100,120,220,1.2,90,120,210,1.3333,102,60
890,320,560,190,410,600,2.1579,160,250,410,1.5625,150,230,380,1.5333,130,160,290,1.2308,110,130,240,1.1818,100,90,190,0.9,103,60
900,330,570,180,450,630,2.5,150,320,470,2.1333,150,250,400,1.6667,120,160,280,1.3333,100,130,230,1.3,90,110,200,1.2222,103,61
890,280,580,180,470,650,2.6111,150,260,410,1.7333,140,210,350,1.5,120,160,280,1.3333,110,120,230,1.0909,90,100,190,1.1111,102,60
900,310,620,180,550,730,3.0556,150,350,500,2.3333,140,250,390,1.7857,120,160,280,1.3333,100,130,230,1.3,90,110,200,1.2222,102,60
900,280,630,180,640,820,3.5556,170,390,560,2.2941,160,290,450,1.8125,140,170,310,1.2143,110,130,240,1.1818,100,100,200,1.0,102,60
890,270,620,190,470,660,2.4737,160,350,510,2.1875,160,270,430,1.6875,120,170,290,1.4167,110,130,240,1.1818,90,100,190,1.1111,103,60
900,270,580,290,420,710,1.4483,170,220,390,1.2941,150,180,330,1.2,120,140,260,1.1667,100,120,220,1.2,90,110,200,1.2222,103,60
890,320,680,180,690,870,3.8333,160,360,520,2.25,150,270,420,1.8,130,170,300,1.3077,100,130,230,1.3,100,110,210,1.1,103,60
890,210,590,230,450,680,1.9565,230,350,580,1.5217,180,270,450,1.5,150,190,340,1.2667,120,140,260,1.1667,110,110,220,1.0,103,60
900,300,590,170,480,650,2.8235,150,280,430,1.8667,140,220,360,1.5714,120,160,280,1.3333,100,120,220,1.2,80,100,180,1.25,102,60
890,310,600,190,510,700,2.6842,160,340,500,2.125,140,240,380,1.7143,130,150,280,1.1538,100,120,220,1.2,100,90,190,0.9,102,60
880,310,560,190,430,620,2.2632,160,250,410,1.5625,150,200,350,1.3333,130,150,280,1.1538,110,110,220,1.0,90,90,180,1.0,103,60
910,320,570,180,440,620,2.4444,150,290,440,1.9333,130,220,350,1.6923,120,150,270,1.25,100,110,210,1.1,90,80,170,0.88889,103,60
890,340,700,180,430,610,2.3889,160,310,470,1.9375,150,250,400,1.6667,130,170,300,1.3077,110,130,240,1.1818,90,100,190,1.1111,103,60
890,190,590,210,410,620,1.9524,210,280,490,1.3333,210,250,460,1.1905,150,180,330,1.2,120,130,250,1.0833,110,110,220,1.0,102,60
900,300,600,180,580,760,3.2222,150,400,550,2.6667,140,280,420,2.0,120,160,280,1.3333,100,120,220,1.2,90,110,200,1.2222,102,60
900,300,500,180,480,660,2.6667,160,320,480,2.0,140,220,360,1.5714,120,150,270,1.25,110,110,220,1.0,90,90,180,1.0,102,60
900,310,570,190,520,710,2.7368,150,320,470,2.1333,150,220,370,1.4667,120,150,270,1.25,110,110,220,1.0,100,100,200,1.0,102,60
880,330,530,220,410,630,1.8636,180,290,470,1.6111,160,220,380,1.375,140,150,290,1.0714,110,110,220,1.0,100,90,190,0.9,103,60
900,270,560,220,410,630,1.8636,160,220,380,1.375,140,190,330,1.3571,120,150,270,1.25,100,110,210,1.1,90,100,190,1.1111,103,61
890,340,590,200,550,750,2.75,170,380,550,2.2353,150,260,410,1.7333,120,160,280,1.3333,110,120,230,1.0909,90,100,190,1.1111,102,60
910,300,570,180,580,760,3.2222,150,310,460,2.0667,140,230,370,1.6429,120,160,280,1.3333,100,120,220,1.2,90,100,190,1.1111,102,60
900,340,590,200,470,670,2.35,170,320,490,1.8824,150,220,370,1.4667,130,130,260,1.0,110,120,230,1.0909,90,100,190,1.1111,103,60
880,310,680,240,660,900,2.75,160,400,560,2.5,140,290,430,2.0714,120,170,290,1.4167,100,120,220,1.2,90,110,200,1.2222,103,60
890,200,540,160,410,570,2.5625,140,280,420,2.0,130,210,340,1.6154,110,160,270,1.4545,100,130,230,1.3,80,110,190,1.375,103,61
900,320,620,180,630,810,3.5,150,420,570,2.8,140,310,450,2.2143,120,180,300,1.5,100,130,230,1.3,90,110,200,1.2222,103,61
900,280,610,180,560,740,3.1111,140,400,540,2.8571,140,240,380,1.7143,120,160,280,1.3333,100,120,220,1.2,90,100,190,1.1111,103,61
900,290,610,180,500,680,2.7778,150,330,480,2.2,140,220,360,1.5714,120,160,280,1.3333,100,120,220,1.2,90,100,190,1.1111,103,60
910,290,560,180,440,620,2.4444,150,280,430,1.8667,140,210,350,1.5,120,150,270,1.25,100,120,220,1.2,90,110,200,1.2222,103,60
910,350,560,190,510,700,2.6842,160,400,560,2.5,150,320,470,2.1333,130,180,310,1.3846,110,120,230,1.0909,100,110,210,1.1,104,61
880,350,700,170,430,600,2.5294,170,290,460,1.7059,170,220,390,1.2941,140,150,290,1.0714,120,110,230,0.91667,110,90,200,0.81818,104,61
910,180,600,200,430,630,2.15,200,280,480,1.4,170,230,400,1.3529,120,170,290,1.4167,100,130,230,1.3,100,110,210,1.1,103,61
910,310,610,180,490,670,2.7222,150,330,480,2.2,140,240,380,1.7143,120,170,290,1.4167,100,150,250,1.5,90,110,200,1.2222,103,60
890,300,610,210,470,680,2.2381,170,320,490,1.8824,150,240,390,1.6,120,170,290,1.4167,110,130,240,1.1818,100,110,210,1.1,103,60
910,280,570,150,560,710,3.7333,140,320,460,2.2857,130,220,350,1.6923,120,170,290,1.4167,100,130,230,1.3,90,110,200,1.2222,103,60
890,340,550,180,420,600,2.3333,160,330,490,2.0625,150,260,410,1.7333,120,170,290,1.4167,110,130,240,1.1818,100,100,200,1.0,104,61
910,280,580,300,420,720,1.4,150,260,410,1.7333,150,210,360,1.4,120,160,280,1.3333,110,120,230,1.0909,90,110,200,1.2222,102,60
920,290,620,170,480,650,2.8235,150,280,430,1.8667,140,210,350,1.5,110,160,270,1.4545,100,120,220,1.2,90,110,200,1.2222,102,60
900,300,600,180,460,640,2.5556,140,280,420,2.0,140,200,340,1.4286,120,160,280,1.3333,100,120,220,1.2,90,100,190,1.1111,102,60
900,300,570,180,580,760,3.2222,160,390,550,2.4375,140,260,400,1.8571,120,170,290,1.4167,110,130,240,1.1818,90,100,190,1.1111,102,60
890,330,550,270,400,670,1.4815,170,240,410,1.4118,160,190,350,1.1875,140,170,310,1.2143,110,130,240,1.1818,100,110,210,1.1,102,60
890,300,420,190,430,620,2.2632,160,370,530,2.3125,150,270,420,1.8,130,170,300,1.3077,110,120,230,1.0909,100,100,200,1.0,101,60
890,300,700,180,490,670,2.7222,160,340,500,2.125,140,250,390,1.7857,120,170,290,1.4167,110,120,230,1.0909,90,100,190,1.1111,101,59
900,190,590,180,450,630,2.5,150,290,440,1.9333,140,220,360,1.5714,120,170,290,1.4167,100,120,220,1.2,90,100,190,1.1111,101,59
890,310,550,190,560,750,2.9474,160,400,560,2.5,150,310,460,2.0667,130,180,310,1.3846,110,130,240,1.1818,100,100,200,1.0,102,60
880,340,540,200,410,610,2.05,170,230,400,1.3529,160,190,350,1.1875,130,140,270,1.0769,120,100,220,0.8333299999999999,100,90,190,0.9,102,60
890,340,560,190,480,670,2.5263,160,320,480,2.0,150,230,380,1.5333,120,150,270,1.25,110,110,220,1.0,100,100,200,1.0,101,59
880,270,560,190,480,670,2.5263,160,280,440,1.75,150,210,360,1.4,130,150,280,1.1538,110,120,230,1.0909,100,100,200,1.0,102,60
850,320,580,190,520,710,2.7368,160,340,500,2.125,140,250,390,1.7857,130,170,300,1.3077,110,130,240,1.1818,90,110,200,1.2222,103,60
900,260,590,280,430,710,1.5357,180,270,450,1.5,160,230,390,1.4375,130,170,300,1.3077,110,140,250,1.2727,90,110,200,1.2222,103,60
900,310,600,180,610,790,3.3889,150,450,600,3.0,140,330,470,2.3571,120,160,280,1.3333,100,120,220,1.2,90,100,190,1.1111,102,60
900,300,610,190,460,650,2.4211,150,290,440,1.9333,150,220,370,1.4667,130,150,280,1.1538,110,110,220,1.0,100,100,200,1.0,102,60
890,290,600,200,490,690,2.45,170,330,500,1.9412,150,250,400,1.6667,130,170,300,1.3077,110,130,240,1.1818,100,100,200,1.0,102,60
900,290,580,180,510,690,2.8333,150,300,450,2.0,140,230,370,1.6429,130,160,290,1.2308,100,120,220,1.2,100,100,200,1.0,103,60
890,320,570,190,460,650,2.4211,170,280,450,1.6471,160,220,380,1.375,130,150,280,1.1538,120,120,240,1.0,100,100,200,1.0,104,61
890,260,580,180,390,570,2.1667,160,250,410,1.5625,150,200,350,1.3333,130,150,280,1.1538,110,120,230,1.0909,100,100,200,1.0,104,61
900,310,610,180,620,800,3.4444,150,410,560,2.7333,140,320,460,2.2857,120,180,300,1.5,100,120,220,1.2,90,110,200,1.2222,104,61
890,290,630,180,440,620,2.4444,150,280,430,1.8667,140,220,360,1.5714,130,160,290,1.2308,100,120,220,1.2,100,100,200,1.0,104,61
900,260,630,190,430,620,2.2632,160,310,470,1.9375,140,240,380,1.7143,130,160,290,1.2308,110,120,230,1.0909,100,110,210,1.1,104,61
890,270,550,190,530,720,2.7895,160,330,490,2.0625,160,250,410,1.5625,130,160,290,1.2308,120,120,240,1.0,100,100,200,1.0,105,61
890,340,680,190,440,630,2.3158,170,290,460,1.7059,150,230,380,1.5333,130,170,300,1.3077,110,130,240,1.1818,100,100,200,1.0,105,61
910,210,650,230,430,660,1.8696,180,310,490,1.7222,170,260,430,1.5294,140,180,320,1.2857,110,140,250,1.2727,100,110,210,1.1,105,61
910,260,580,180,450,630,2.5,160,280,440,1.75,150,210,360,1.4,130,150,280,1.1538,110,120,230,1.0909,100,90,190,0.9,105,61
870,330,570,210,580,790,2.7619,180,380,560,2.1111,160,290,450,1.8125,150,160,310,1.0667,120,100,220,0.8333299999999999,120,90,210,0.75,105,61
910,300,640,180,430,610,2.3889,160,290,450,1.8125,150,230,380,1.5333,120,150,270,1.25,110,120,230,1.0909,90,110,200,1.2222,105,61
900,270,550,210,400,610,1.9048,170,270,440,1.5882,160,250,410,1.5625,140,160,300,1.1429,110,120,230,1.0909,100,100,200,1.0,106,62
890,350,540,190,500,690,2.6316,160,330,490,2.0625,160,250,410,1.5625,130,160,290,1.2308,120,120,240,1.0,100,100,200,1.0,107,62
890,350,560,190,440,630,2.3158,170,290,460,1.7059,150,230,380,1.5333,130,170,300,1.3077,110,130,240,1.1818,100,110,210,1.1,107,63
880,350,610,180,500,680,2.7778,160,320,480,2.0,150,240,390,1.6,120,150,270,1.25,110,120,230,1.0909,100,90,190,0.9,107,63
910,270,670,170,680,850,4.0,140,410,550,2.9286,130,320,450,2.4615,130,180,310,1.3846,100,130,230,1.3,90,110,200,1.2222,107,63
900,240,630,180,430,610,2.3889,160,290,450,1.8125,150,220,370,1.4667,130,160,290,1.2308,100,120,220,1.2,90,100,190,1.1111,108,63
890,270,560,190,400,590,2.1053,170,250,420,1.4706,150,200,350,1.3333,130,150,280,1.1538,110,120,230,1.0909,100,100,200,1.0,108,63
880,330,560,190,460,650,2.4211,160,310,470,1.9375,160,250,410,1.5625,130,160,290,1.2308,110,130,240,1.1818,100,110,210,1.1,111,65
900,200,580,190,420,610,2.2105,150,290,440,1.9333,140,230,370,1.6429,120,170,290,1.4167,90,140,230,1.5556,90,110,200,1.2222,111,65
890,320,590,180,490,670,2.7222,150,330,480,2.2,140,250,390,1.7857,120,160,280,1.3333,100,120,220,1.2,90,110,200,1.2222,111,65
900,300,590,240,600,840,2.5,160,400,560,2.5,150,320,470,2.1333,120,180,300,1.5,100,140,240,1.4,90,110,200,1.2222,111,65
900,310,590,170,440,610,2.5882,150,290,440,1.9333,140,240,380,1.7143,120,170,290,1.4167,90,120,210,1.3333,90,110,200,1.2222,112,66
900,310,560,170,390,560,2.2941,160,240,400,1.5,140,190,330,1.3571,120,140,260,1.1667,100,110,210,1.1,90,80,170,0.88889,112,66
890,340,580,180,440,620,2.4444,160,290,450,1.8125,140,240,380,1.7143,130,160,290,1.2308,100,130,230,1.3,90,110,200,1.2222,114,66
900,220,640,170,430,600,2.5294,150,280,430,1.8667,140,220,360,1.5714,120,160,280,1.3333,100,120,220,1.2,90,110,200,1.2222,114,67
910,260,490,170,460,630,2.7059,150,310,460,2.0667,140,230,370,1.6429,120,160,280,1.3333,100,120,220,1.2,80,100,180,1.25,114,67
910,270,560,180,410,590,2.2778,160,280,440,1.75,150,220,370,1.4667,130,150,280,1.1538,110,120,230,1.0909,90,100,190,1.1111,115,67
900,350,540,180,410,590,2.2778,160,280,440,1.75,150,220,370,1.4667,130,150,280,1.1538,110,110,220,1.0,100,100,200,1.0,116,68
900,360,550,190,410,600,2.1579,170,280,450,1.6471,150,230,380,1.5333,140,160,300,1.1429,110,120,230,1.0909,100,100,200,1.0,117,68
900,280,590,180,470,650,2.6111,160,310,470,1.9375,150,230,380,1.5333,120,150,270,1.25,110,110,220,1.0,100,100,200,1.0,116,68
890,300,580,180,460,640,2.5556,160,310,470,1.9375,150,250,400,1.6667,130,170,300,1.3077,110,120,230,1.0909,100,100,200,1.0,117,68
910,310,700,210,490,700,2.3333,170,340,510,2.0,150,260,410,1.7333,130,170,300,1.3077,110,130,240,1.1818,100,110,210,1.1,118,68
890,210,610,230,410,640,1.7826,160,280,440,1.75,160,220,380,1.375,130,160,290,1.2308,120,120,240,1.0,100,100,200,1.0,117,68
900,280,610,170,480,650,2.8235,140,320,460,2.2857,130,250,380,1.9231,120,160,280,1.3333,100,120,220,1.2,90,100,190,1.1111,117,68
900,290,620,180,630,810,3.5,150,390,540,2.6,150,320,470,2.1333,120,150,270,1.25,110,110,220,1.0,100,100,200,1.0,116,68
900,280,620,170,420,590,2.4706,150,280,430,1.8667,140,220,360,1.5714,130,150,280,1.1538,110,120,230,1.0909,90,100,190,1.1111,116,68
890,280,560,180,420,600,2.3333,150,300,450,2.0,150,230,380,1.5333,130,150,280,1.1538,110,110,220,1.0,100,100,200,1.0,117,68
900,330,580,180,440,620,2.4444,160,300,460,1.875,150,230,380,1.5333,130,160,290,1.2308,110,120,230,1.0909,100,100,200,1.0,117,68
890,250,590,220,590,810,2.6818,170,350,520,2.0588,150,270,420,1.8,140,170,310,1.2143,120,120,240,1.0,100,100,200,1.0,116,68
930,300,560,180,460,640,2.5556,150,300,450,2.0,140,220,360,1.5714,130,150,280,1.1538,110,120,230,1.0909,100,90,190,0.9,116,68
890,280,570,180,420,600,2.3333,160,280,440,1.75,140,210,350,1.5,130,180,310,1.3846,110,120,230,1.0909,90,100,190,1.1111,116,67
900,320,560,180,400,580,2.2222,150,290,440,1.9333,150,240,390,1.6,130,160,290,1.2308,110,120,230,1.0909,100,110,210,1.1,117,68
900,340,580,180,420,600,2.3333,160,280,440,1.75,150,210,360,1.4,120,160,280,1.3333,110,130,240,1.1818,100,100,200,1.0,116,68
890,390,570,190,510,700,2.6842,160,340,500,2.125,150,260,410,1.7333,130,160,290,1.2308,110,120,230,1.0909,90,90,180,1.0,116,68
910,320,630,180,450,630,2.5,150,300,450,2.0,140,230,370,1.6429,120,150,270,1.25,100,120,220,1.2,100,110,210,1.1,116,67
900,280,620,170,440,610,2.5882,140,310,450,2.2143,130,250,380,1.9231,130,160,290,1.2308,100,130,230,1.3,90,100,190,1.1111,115,67
900,280,570,180,430,610,2.3889,150,290,440,1.9333,150,230,380,1.5333,120,150,270,1.25,110,120,230,1.0909,100,100,200,1.0,116,67
890,330,600,190,390,580,2.0526,170,250,420,1.4706,150,190,340,1.2667,130,140,270,1.0769,120,120,240,1.0,100,100,200,1.0,116,67
900,290,700,190,460,650,2.4211,160,300,460,1.875,150,230,380,1.5333,130,160,290,1.2308,110,120,230,1.0909,100,110,210,1.1,117,68
890,200,620,220,410,630,1.8636,170,300,470,1.7647,160,240,400,1.5,130,170,300,1.3077,120,130,250,1.0833,100,100,200,1.0,116,67
900,270,630,170,480,650,2.8235,150,320,470,2.1333,140,240,380,1.7143,120,160,280,1.3333,100,120,220,1.2,90,100,190,1.1111,116,67
900,270,620,170,450,620,2.6471,150,310,460,2.0667,140,230,370,1.6429,120,150,270,1.25,110,120,230,1.0909,90,100,190,1.1111,115,67
900,280,630,260,640,900,2.4615,170,380,550,2.2353,150,300,450,2.0,130,180,310,1.3846,110,130,240,1.1818,100,110,210,1.1,116,67
880,270,550,180,470,650,2.6111,150,310,460,2.0667,140,230,370,1.6429,120,150,270,1.25,110,120,230,1.0909,90,100,190,1.1111,116,67
920,330,590,180,420,600,2.3333,140,280,420,2.0,130,230,360,1.7692,110,170,280,1.5455,90,120,210,1.3333,80,100,180,1.25,116,67
880,220,560,180,470,650,2.6111,150,310,460,2.0667,140,200,340,1.4286,130,150,280,1.1538,110,120,230,1.0909,100,100,200,1.0,115,67
910,320,590,170,470,640,2.7647,140,320,460,2.2857,140,250,390,1.7857,120,160,280,1.3333,100,120,220,1.2,90,110,200,1.2222,115,67
890,320,610,170,450,620,2.6471,150,300,450,2.0,140,230,370,1.6429,130,160,290,1.2308,110,120,230,1.0909,90,90,180,1.0,115,66
900,280,580,170,430,600,2.5294,140,300,440,2.1429,140,230,370,1.6429,120,160,280,1.3333,100,120,220,1.2,90,110,200,1.2222,115,66
890,320,600,180,490,670,2.7222,160,330,490,2.0625,150,260,410,1.7333,130,160,290,1.2308,110,120,230,1.0909,100,100,200,1.0,116,67
900,290,570,190,410,600,2.1579,160,270,430,1.6875,140,210,350,1.5,130,160,290,1.2308,110,130,240,1.1818,90,100,190,1.1111,115,67
890,270,600,170,610,780,3.5882,150,370,520,2.4667,140,290,430,2.0714,130,160,290,1.2308,100,110,210,1.1,90,100,190,1.1111,115,66
890,290,620,180,460,640,2.5556,160,320,480,2.0,150,250,400,1.6667,130,160,290,1.2308,110,120,230,1.0909,100,100,200,1.0,114,66
900,270,640,180,430,610,2.3889,140,320,460,2.2857,140,250,390,1.7857,120,160,280,1.3333,100,120,220,1.2,100,100,200,1.0,114,66
890,260,540,180,420,600,2.3333,160,300,460,1.875,150,220,370,1.4667,130,150,280,1.1538,110,120,230,1.0909,100,90,190,0.9,115,66
880,350,670,180,490,670,2.7222,160,330,490,2.0625,150,250,400,1.6667,130,170,300,1.3077,110,130,240,1.1818,90,100,190,1.1111,115,66
890,210,690,170,430,600,2.5294,150,290,440,1.9333,140,230,370,1.6429,120,160,280,1.3333,100,130,230,1.3,100,100,200,1.0,115,66
900,200,640,220,420,640,1.9091,170,290,460,1.7059,150,230,380,1.5333,130,160,290,1.2308,110,130,240,1.1818,100,110,210,1.1,114,66
890,260,620,180,630,810,3.5,160,400,560,2.5,140,310,450,2.2143,120,170,290,1.4167,110,120,230,1.0909,90,100,190,1.1111,114,66
900,270,620,170,450,620,2.6471,150,300,450,2.0,140,220,360,1.5714,120,160,280,1.3333,100,120,220,1.2,90,100,190,1.1111,114,66
900,280,660,190,430,620,2.2632,160,310,470,1.9375,150,250,400,1.6667,130,160,290,1.2308,110,120,230,1.0909,100,110,210,1.1,114,66
890,240,560,170,450,620,2.6471,160,310,470,1.9375,140,240,380,1.7143,130,160,290,1.2308,100,120,220,1.2,90,100,190,1.1111,115,66
900,330,560,180,460,640,2.5556,150,320,470,2.1333,140,250,390,1.7857,120,170,290,1.4167,100,130,230,1.3,90,110,200,1.2222,115,66
890,230,560,180,410,590,2.2778,150,270,420,1.8,140,210,350,1.5,120,160,280,1.3333,110,120,230,1.0909,90,110,200,1.2222,115,66
910,330,570,170,580,750,3.4118,160,390,550,2.4375,150,310,460,2.0667,120,180,300,1.5,110,130,240,1.1818,90,110,200,1.2222,114,66
890,340,640,180,430,610,2.3889,160,300,460,1.875,140,230,370,1.6429,130,150,280,1.1538,110,120,230,1.0909,100,90,190,0.9,114,66
890,250,650,190,430,620,2.2632,160,310,470,1.9375,150,250,400,1.6667,130,170,300,1.3077,110,130,240,1.1818,100,110,210,1.1,114,66
900,240,570,170,490,660,2.8824,160,330,490,2.0625,140,250,390,1.7857,120,170,290,1.4167,100,130,230,1.3,90,110,200,1.2222,115,66
890,330,570,180,400,580,2.2222,160,300,460,1.875,150,240,390,1.6,140,160,300,1.1429,110,120,230,1.0909,100,100,200,1.0,115,66
890,210,580,170,420,590,2.4706,150,270,420,1.8,140,200,340,1.4286,120,150,270,1.25,100,120,220,1.2,90,100,190,1.1111,114,66
900,310,600,180,530,710,2.9444,150,350,500,2.3333,140,290,430,2.0714,120,170,290,1.4167,100,130,230,1.3,90,110,200,1.2222,114,66
910,300,600,170,460,630,2.7059,150,320,470,2.1333,140,260,400,1.8571,110,170,280,1.5455,100,130,230,1.3,80,100,180,1.25,114,66
880,310,570,180,410,590,2.2778,160,280,440,1.75,150,220,370,1.4667,130,150,280,1.1538,100,120,220,1.2,100,90,190,0.9,114,66
890,310,550,180,490,670,2.7222,150,310,460,2.0667,150,230,380,1.5333,130,160,290,1.2308,110,120,230,1.0909,100,100,200,1.0,114,66
880,340,550,200,390,590,1.95,160,270,430,1.6875,150,240,390,1.6,140,160,300,1.1429,120,120,240,1.0,110,110,220,1.0,115,66
880,260,530,160,460,620,2.875,150,310,460,2.0667,140,220,360,1.5714,130,150,280,1.1538,110,110,220,1.0,90,90,180,1.0,114,66
890,350,640,250,650,900,2.6,160,380,540,2.375,150,300,450,2.0,130,170,300,1.3077,110,130,240,1.1818,90,100,190,1.1111,114,66
890,250,610,170,440,610,2.5882,150,290,440,1.9333,140,220,360,1.5714,120,160,280,1.3333,100,120,220,1.2,90,100,190,1.1111,113,66
900,280,560,180,410,590,2.2778,150,280,430,1.8667,140,220,360,1.5714,120,150,270,1.25,100,120,220,1.2,90,110,200,1.2222,113,66
890,340,670,180,470,650,2.6111,160,330,490,2.0625,150,250,400,1.6667,130,170,300,1.3077,110,130,240,1.1818,90,100,190,1.1111,114,66
910,220,680,240,450,690,1.875,170,290,460,1.7059,160,220,380,1.375,130,170,300,1.3077,110,140,250,1.2727,100,120,220,1.2,114,66
880,230,440,250,420,670,1.68,170,290,460,1.7059,160,230,390,1.4375,130,160,290,1.2308,110,120,230,1.0909,100,100,200,1.0,114,66
910,230,700,180,450,630,2.5,160,320,480,2.0,140,250,390,1.7857,130,160,290,1.2308,100,130,230,1.3,90,100,190,1.1111,114,65
900,210,560,180,450,630,2.5,160,300,460,1.875,150,230,380,1.5333,130,150,280,1.1538,110,110,220,1.0,100,100,200,1.0,114,66
890,340,560,190,440,630,2.3158,160,320,480,2.0,150,250,400,1.6667,130,160,290,1.2308,110,120,230,1.0909,100,110,210,1.1,114,66
900,240,550,170,420,590,2.4706,150,270,420,1.8,140,210,350,1.5,120,160,280,1.3333,100,120,220,1.2,90,100,190,1.1111,113,65
890,350,560,170,570,740,3.3529,150,390,540,2.6,140,250,390,1.7857,120,150,270,1.25,100,120,220,1.2,90,100,190,1.1111,113,65
910,330,660,170,450,620,2.6471,140,310,450,2.2143,130,250,380,1.9231,110,170,280,1.5455,90,120,210,1.3333,90,110,200,1.2222,113,65
900,250,650,180,470,650,2.6111,150,320,470,2.1333,140,250,390,1.7857,130,170,300,1.3077,100,130,230,1.3,90,100,190,1.1111,113,65
910,250,680,180,510,690,2.8333,150,340,490,2.2667,150,260,410,1.7333,130,160,290,1.2308,100,120,220,1.2,100,110,210,1.1,113,65
890,230,540,190,420,610,2.2105,170,290,460,1.7059,160,220,380,1.375,140,160,300,1.1429,120,120,240,1.0,100,90,190,0.9,113,65
890,290,640,170,490,660,2.8824,150,320,470,2.1333,140,250,390,1.7857,120,160,280,1.3333,100,120,220,1.2,90,100,190,1.1111,111,64
900,250,630,170,640,810,3.7647,150,400,550,2.6667,130,330,460,2.5385,120,190,310,1.5833,100,120,220,1.2,90,100,190,1.1111,111,64
900,270,650,170,440,610,2.5882,150,310,460,2.0667,140,230,370,1.6429,110,160,270,1.4545,100,120,220,1.2,90,110,200,1.2222,111,64
890,250,550,190,410,600,2.1579,160,320,480,2.0,150,240,390,1.6,130,160,290,1.2308,110,120,230,1.0909,100,100,200,1.0,112,64
900,340,560,180,480,660,2.6667,150,320,470,2.1333,150,250,400,1.6667,120,160,280,1.3333,100,130,230,1.3,100,110,210,1.1,112,64
890,340,690,210,500,710,2.381,170,330,500,1.9412,170,260,430,1.5294,140,160,300,1.1429,120,120,240,1.0,110,100,210,0.90909,112,64
900,200,600,220,420,640,1.9091,170,290,460,1.7059,150,230,380,1.5333,130,170,300,1.3077,100,130,230,1.3,100,110,210,1.1,111,64
910,300,610,170,480,650,2.8235,150,320,470,2.1333,140,250,390,1.7857,120,160,280,1.3333,100,120,220,1.2,90,100,190,1.1111,111,64
880,300,640,190,650,840,3.4211,170,400,570,2.3529,150,320,470,2.1333,130,170,300,1.3077,110,120,230,1.0909,100,100,200,1.0,111,64
900,240,660,170,440,610,2.5882,150,310,460,2.0667,140,240,380,1.7143,120,160,280,1.3333,100,120,220,1.2,90,110,200,1.2222,112,64
900,240,560,180,410,590,2.2778,160,270,430,1.6875,150,250,400,1.6667,120,170,290,1.4167,110,130,240,1.1818,90,100,190,1.1111,112,64
900,340,560,180,450,630,2.5,160,310,470,1.9375,150,250,400,1.6667,130,160,290,1.2308,110,120,230,1.0909,100,110,210,1.1,112,64
910,200,570,170,410,580,2.4118,150,270,420,1.8,140,210,350,1.5,120,160,280,1.3333,100,130,230,1.3,90,100,190,1.1111,111,64
890,340,560,180,470,650,2.6111,160,320,480,2.0,150,230,380,1.5333,130,150,280,1.1538,110,110,220,1.0,90,100,190,1.1111,111,64
900,330,570,170,580,750,3.4118,150,380,530,2.5333,140,300,440,2.1429,120,170,290,1.4167,100,130,230,1.3,90,110,200,1.2222,111,64
900,330,620,170,430,600,2.5294,150,310,460,2.0667,140,240,380,1.7143,120,160,280,1.3333,100,120,220,1.2,90,100,190,1.1111,111,64
900,280,560,170,410,580,2.4118,150,250,400,1.6667,140,200,340,1.4286,120,140,260,1.1667,100,120,220,1.2,90,110,200,1.2222,111,64
900,340,560,190,430,620,2.2632,160,290,450,1.8125,150,230,380,1.5333,130,160,290,1.2308,110,120,230,1.0909,100,110,210,1.1,112,64
890,230,570,170,450,620,2.6471,140,320,460,2.2857,140,230,370,1.6429,120,160,280,1.3333,100,120,220,1.2,90,110,200,1.2222,112,64
900,320,580,170,470,640,2.7647,150,330,480,2.2,140,260,400,1.8571,120,160,280,1.3333,100,130,230,1.3,80,100,180,1.25,111,64
890,320,680,280,690,970,2.4643,170,420,590,2.4706,160,340,500,2.125,140,190,330,1.3571,110,130,240,1.1818,100,110,210,1.1,111,64
870,210,580,170,430,600,2.5294,150,300,450,2.0,140,230,370,1.6429,120,160,280,1.3333,100,120,220,1.2,90,110,200,1.2222,111,64
920,290,600,150,440,590,2.9333,130,290,420,2.2308,120,240,360,2.0,100,170,270,1.7,80,130,210,1.625,70,110,180,1.5714,112,64
890,320,690,180,430,610,2.3889,160,300,460,1.875,150,250,400,1.6667,130,170,300,1.3077,110,120,230,1.0909,90,110,200,1.2222,112,64
900,200,670,220,430,650,1.9545,220,300,520,1.3636,170,260,430,1.5294,140,190,330,1.3571,110,150,260,1.3636,100,120,220,1.2,112,64
890,230,600,170,470,640,2.7647,150,330,480,2.2,140,250,390,1.7857,130,160,290,1.2308,100,120,220,1.2,90,90,180,1.0,111,64
890,290,500,170,460,630,2.7059,150,310,460,2.0667,140,250,390,1.7857,130,160,290,1.2308,110,120,230,1.0909,100,90,190,0.9,111,64
890,300,590,180,450,630,2.5,160,300,460,1.875,150,240,390,1.6,130,160,290,1.2308,110,120,230,1.0909,100,90,190,0.9,112,64
890,300,580,190,410,600,2.1579,170,280,450,1.6471,160,210,370,1.3125,130,150,280,1.1538,110,120,230,1.0909,100,100,200,1.0,113,65
910,200,610,180,420,600,2.3333,150,270,420,1.8,140,200,340,1.4286,130,150,280,1.1538,100,120,220,1.2,100,100,200,1.0,112,65
890,300,540,170,470,640,2.7647,160,320,480,2.0,140,240,380,1.7143,120,150,270,1.25,110,110,220,1.0,90,100,190,1.1111,112,65
900,350,690,170,670,840,3.9412,150,310,460,2.0667,140,240,380,1.7143,120,170,290,1.4167,100,130,230,1.3,90,100,190,1.1111,112,65
900,210,600,180,420,600,2.3333,150,280,430,1.8667,150,210,360,1.4,120,150,270,1.25,110,120,230,1.0909,100,100,200,1.0,112,65
890,300,670,180,520,700,2.8889,160,350,510,2.1875,150,270,420,1.8,130,160,290,1.2308,110,120,230,1.0909,100,100,200,1.0,113,65
900,220,680,180,470,650,2.6111,160,310,470,1.9375,140,250,390,1.7857,130,170,300,1.3077,110,120,230,1.0909,100,110,210,1.1,113,65
880,220,680,240,460,700,1.9167,170,330,500,1.9412,170,280,450,1.6471,140,180,320,1.2857,120,130,250,1.0833,110,110,220,1.0,113,65
900,200,600,160,530,690,3.3125,140,340,480,2.4286,130,250,380,1.9231,120,160,280,1.3333,90,130,220,1.4444,80,100,180,1.25,112,65
900,300,680,180,590,770,3.2778,150,360,510,2.4,140,270,410,1.9286,120,160,280,1.3333,100,120,220,1.2,90,110,200,1.2222,112,64
890,220,620,180,480,660,2.6667,160,340,500,2.125,140,220,360,1.5714,130,150,280,1.1538,110,120,230,1.0909,90,100,190,1.1111,112,64
890,270,640,180,430,610,2.3889,160,300,460,1.875,150,240,390,1.6,130,160,290,1.2308,110,120,230,1.0909,100,100,200,1.0,112,64
900,250,640,180,520,700,2.8889,150,330,480,2.2,140,250,390,1.7857,130,160,290,1.2308,100,120,220,1.2,100,110,210,1.1,113,65
890,260,680,190,430,620,2.2632,160,300,460,1.875,150,240,390,1.6,130,160,290,1.2308,120,120,240,1.0,100,100,200,1.0,113,65
890,210,630,230,420,650,1.8261,180,300,480,1.6667,170,240,410,1.4118,140,170,310,1.2143,120,130,250,1.0833,100,110,210,1.1,113,65
890,260,660,170,670,840,3.9412,150,400,550,2.6667,140,320,460,2.2857,120,180,300,1.5,110,130,240,1.1818,90,110,200,1.2222,113,65
890,230,560,180,460,640,2.5556,150,320,470,2.1333,140,250,390,1.7857,120,160,280,1.3333,110,120,230,1.0909,90,100,190,1.1111,113,65
900,330,670,180,460,640,2.5556,150,340,490,2.2667,140,270,410,1.9286,120,180,300,1.5,100,140,240,1.4,80,110,190,1.375,113,65
890,210,600,230,420,650,1.8261,170,290,460,1.7059,160,230,390,1.4375,130,160,290,1.2308,120,130,250,1.0833,100,100,200,1.0,114,65
890,290,610,190,620,810,3.2632,160,400,560,2.5,140,310,450,2.2143,130,170,300,1.3077,100,120,220,1.2,90,110,200,1.2222,114,65
900,280,620,170,470,640,2.7647,150,310,460,2.0667,140,240,380,1.7143,110,160,270,1.4545,100,120,220,1.2,90,110,200,1.2222,114,65
890,280,670,170,460,630,2.7059,150,330,480,2.2,140,270,410,1.9286,130,170,300,1.3077,100,130,230,1.3,90,120,210,1.3333,115,65
890,220,560,180,480,660,2.6667,140,310,450,2.2143,140,240,380,1.7143,130,160,290,1.2308,110,120,230,1.0909,100,100,200,1.0,115,66
900,330,680,190,400,590,2.1053,160,320,480,2.0,150,260,410,1.7333,130,170,300,1.3077,120,120,240,1.0,100,110,210,1.1,115,66
890,220,690,240,490,730,2.0417,180,360,540,2.0,170,290,460,1.7059,140,180,320,1.2857,120,130,250,1.0833,110,110,220,1.0,114,66
900,200,570,180,420,600,2.3333,140,290,430,2.0714,140,230,370,1.6429,120,160,280,1.3333,100,120,220,1.2,90,110,200,1.2222,114,65
900,330,630,210,640,850,3.0476,160,400,560,2.5,150,320,470,2.1333,120,180,300,1.5,110,130,240,1.1818,90,100,190,1.1111,114,65
900,270,640,180,440,620,2.4444,150,300,450,2.0,140,230,370,1.6429,130,160,290,1.2308,100,120,220,1.2,100,100,200,1.0,113,65
890,260,630,180,460,640,2.5556,160,330,490,2.0625,140,270,410,1.9286,120,170,290,1.4167,90,120,210,1.3333,90,100,190,1.1111,113,65
900,260,680,170,530,700,3.1176,150,350,500,2.3333,140,280,420,2.0,130,170,300,1.3077,100,130,230,1.3,90,110,200,1.2222,114,65
890,220,690,200,420,620,2.1,160,270,430,1.6875,160,220,380,1.375,130,180,310,1.3846,120,130,250,1.0833,100,110,210,1.1,114,65
900,200,650,220,430,650,1.9545,180,320,500,1.7778,160,270,430,1.6875,130,180,310,1.3846,120,140,260,1.1667,100,110,210,1.1,114,65
880,250,640,170,650,820,3.8235,140,310,450,2.2143,140,230,370,1.6429,120,160,280,1.3333,100,120,220,1.2,90,100,190,1.1111,114,65
880,240,680,170,470,640,2.7647,140,320,460,2.2857,140,250,390,1.7857,120,160,280,1.3333,100,120,220,1.2,90,100,190,1.1111,113,65
900,200,670,160,440,600,2.75,150,310,460,2.0667,140,230,370,1.6429,120,160,280,1.3333,100,120,220,1.2,90,100,190,1.1111,113,65
870,230,560,170,420,590,2.4706,160,290,450,1.8125,140,230,370,1.6429,120,150,270,1.25,110,110,220,1.0,90,100,190,1.1111,113,65
890,310,670,170,510,680,3.0,150,350,500,2.3333,150,260,410,1.7333,120,170,290,1.4167,110,130,240,1.1818,90,110,200,1.2222,113,65
890,220,690,200,420,620,2.1,160,260,420,1.625,160,200,360,1.25,130,140,270,1.0769,110,100,210,0.90909,100,100,200,1.0,114,65
900,200,680,220,450,670,2.0455,170,310,480,1.8235,160,250,410,1.5625,140,170,310,1.2143,110,130,240,1.1818,100,110,210,1.1,113,65
890,220,600,170,610,780,3.5882,150,440,590,2.9333,140,250,390,1.7857,120,160,280,1.3333,100,120,220,1.2,90,100,190,1.1111,112,65
890,290,600,170,470,640,2.7647,150,320,470,2.1333,140,240,380,1.7143,130,160,290,1.2308,100,120,220,1.2,80,100,180,1.25,112,65
900,290,690,170,470,640,2.7647,140,330,470,2.3571,130,240,370,1.8462,120,170,290,1.4167,100,130,230,1.3,90,110,200,1.2222,112,65
900,210,560,170,450,620,2.6471,150,310,460,2.0667,140,240,380,1.7143,120,160,280,1.3333,100,130,230,1.3,90,110,200,1.2222,113,65
860,340,670,180,470,650,2.6111,160,330,490,2.0625,150,240,390,1.6,140,170,310,1.2143,110,130,240,1.1818,90,100,190,1.1111,113,65
930,190,720,210,500,710,2.381,140,350,490,2.5,130,270,400,2.0769,110,190,300,1.7273,90,140,230,1.5556,70,130,200,1.8571,114,65
880,210,590,230,410,640,1.7826,160,300,460,1.875,160,230,390,1.4375,130,160,290,1.2308,120,120,240,1.0,100,100,200,1.0,113,65
890,290,620,160,630,790,3.9375,140,400,540,2.8571,130,320,450,2.4615,120,170,290,1.4167,100,130,230,1.3,80,100,180,1.25,113,65
940,270,640,170,450,620,2.6471,140,320,460,2.2857,140,250,390,1.7857,110,170,280,1.5455,90,130,220,1.4444,90,110,200,1.2222,113,65
870,300,550,230,500,730,2.1739,190,350,540,1.8421,180,270,450,1.5,160,150,310,0.9375,140,110,250,0.78571,130,90,220,0.69231,113,65
890,320,530,190,540,730,2.8421,160,360,520,2.25,150,270,420,1.8,140,160,300,1.1429,110,110,220,1.0,100,100,200,1.0,114,65
900,360,680,180,460,640,2.5556,150,320,470,2.1333,150,270,420,1.8,120,180,300,1.5,110,130,240,1.1818,100,110,210,1.1,114,65
900,220,690,240,470,710,1.9583,180,350,530,1.9444,170,290,460,1.7059,140,190,330,1.3571,120,140,260,1.1667,100,120,220,1.2,114,65
900,210,630,170,410,580,2.4118,150,270,420,1.8,140,200,340,1.4286,120,150,270,1.25,100,120,220,1.2,90,110,200,1.2222,114,65
900,270,630,170,500,670,2.9412,150,350,500,2.3333,140,270,410,1.9286,120,160,280,1.3333,100,120,220,1.2,90,100,190,1.1111,113,65
900,270,690,170,440,610,2.5882,150,310,460,2.0667,140,240,380,1.7143,120,160,280,1.3333,110,120,230,1.0909,90,110,200,1.2222,113,65
890,210,570,180,410,590,2.2778,150,320,470,2.1333,140,250,390,1.7857,130,170,300,1.3077,110,120,230,1.0909,100,100,200,1.0,113,65
890,320,680,180,500,680,2.7778,150,330,480,2.2,140,260,400,1.8571,130,160,290,1.2308,110,120,230,1.0909,100,110,210,1.1,114,65
890,210,680,180,450,630,2.5,150,300,450,2.0,150,230,380,1.5333,130,160,290,1.2308,110,130,240,1.1818,100,110,210,1.1,113,65
900,210,650,230,450,680,1.9565,180,320,500,1.7778,160,260,420,1.625,130,180,310,1.3846,120,130,250,1.0833,100,110,210,1.1,113,65
900,250,620,170,470,640,2.7647,150,320,470,2.1333,140,250,390,1.7857,110,160,270,1.4545,100,120,220,1.2,90,110,200,1.2222,112,65
900,280,590,180,600,780,3.3333,160,410,570,2.5625,140,320,460,2.2857,120,180,300,1.5,110,120,230,1.0909,90,100,190,1.1111,112,64
880,310,670,180,480,660,2.6667,160,330,490,2.0625,150,250,400,1.6667,140,160,300,1.1429,110,110,220,1.0,100,100,200,1.0,112,64
890,210,660,190,400,590,2.1053,160,290,450,1.8125,150,250,400,1.6667,130,160,290,1.2308,100,120,220,1.2,100,100,200,1.0,113,64
880,230,670,180,500,680,2.7778,150,330,480,2.2,150,260,410,1.7333,130,180,310,1.3846,110,130,240,1.1818,100,110,210,1.1,113,65
890,210,700,190,520,710,2.7368,160,360,520,2.25,150,290,440,1.9333,130,190,320,1.4615,110,140,250,1.2727,90,120,210,1.3333,113,65
900,190,690,210,440,650,2.0952,160,310,470,1.9375,140,250,390,1.7857,120,180,300,1.5,100,140,240,1.4,80,120,200,1.5,112,65
890,210,590,170,490,660,2.8824,150,340,490,2.2667,140,250,390,1.7857,120,160,280,1.3333,110,120,230,1.0909,90,100,190,1.1111,112,65
900,300,690,170,700,870,4.1176,150,420,570,2.8,140,340,480,2.4286,120,190,310,1.5833,110,130,240,1.1818,90,100,190,1.1111,112,65
890,210,670,170,450,620,2.6471,160,300,460,1.875,140,230,370,1.6429,130,160,290,1.2308,110,120,230,1.0909,100,90,190,0.9,113,65
900,220,680,190,440,630,2.3158,160,300,460,1.875,150,220,370,1.4667,130,150,280,1.1538,110,120,230,1.0909,100,110,210,1.1,113,65
900,220,570,180,490,670,2.7222,160,310,470,1.9375,150,220,370,1.4667,130,160,290,1.2308,110,130,240,1.1818,90,100,190,1.1111,113,65
890,200,600,180,420,600,2.3333,150,290,440,1.9333,140,220,360,1.5714,130,160,290,1.2308,100,130,230,1.3,90,100,190,1.1111,112,65
900,290,610,170,500,670,2.9412,150,340,490,2.2667,140,260,400,1.8571,120,160,280,1.3333,100,120,220,1.2,90,100,190,1.1111,112,65
890,290,660,190,610,800,3.2105,160,380,540,2.375,150,290,440,1.9333,130,170,300,1.3077,120,120,240,1.0,100,100,200,1.0,112,65
900,230,680,170,450,620,2.6471,150,310,460,2.0667,140,250,390,1.7857,120,170,290,1.4167,100,130,230,1.3,80,110,190,1.375,112,65
900,210,690,180,470,650,2.6111,160,320,480,2.0,150,260,410,1.7333,130,180,310,1.3846,110,130,240,1.1818,100,110,210,1.1,113,65
900,210,700,230,450,680,1.9565,210,320,530,1.5238,170,280,450,1.6471,150,200,350,1.3333,130,170,300,1.3077,110,120,230,1.0909,113,65
890,200,610,170,460,630,2.7059,150,300,450,2.0,140,220,360,1.5714,120,160,280,1.3333,110,120,230,1.0909,90,100,190,1.1111,112,65
900,280,530,160,470,630,2.9375,140,320,460,2.2857,130,240,370,1.8462,120,160,280,1.3333,100,120,220,1.2,80,100,180,1.25,112,65
900,210,680,180,450,630,2.5,160,300,460,1.875,140,220,360,1.5714,120,160,280,1.3333,110,120,230,1.0909,90,100,190,1.1111,112,64
890,220,670,190,430,620,2.2632,170,300,470,1.7647,150,230,380,1.5333,140,160,300,1.1429,110,120,230,1.0909,110,100,210,0.90909,112,64
890,220,690,190,430,620,2.2632,160,310,470,1.9375,150,250,400,1.6667,130,170,300,1.3077,120,120,240,1.0,100,100,200,1.0,113,65
900,200,700,220,420,640,1.9091,220,280,500,1.2727,170,220,390,1.2941,140,170,310,1.2143,120,140,260,1.1667,100,120,220,1.2,112,65
890,200,620,170,480,650,2.8235,140,330,470,2.3571,140,240,380,1.7143,120,160,280,1.3333,100,120,220,1.2,90,100,190,1.1111,112,64
900,270,400,170,410,580,2.4118,150,340,490,2.2667,140,270,410,1.9286,120,170,290,1.4167,100,120,220,1.2,90,100,190,1.1111,112,64
900,340,700,190,630,820,3.3158,150,350,500,2.3333,140,270,410,1.9286,120,170,290,1.4167,100,130,230,1.3,90,110,200,1.2222,112,64
900,200,660,180,450,630,2.5,160,310,470,1.9375,140,250,390,1.7857,130,170,300,1.3077,110,130,240,1.1818,90,100,190,1.1111,112,64
900,240,700,210,480,690,2.2857,180,340,520,1.8889,160,270,430,1.6875,140,170,310,1.2143,120,120,240,1.0,110,110,220,1.0,113,65
880,200,650,220,410,630,1.8636,160,260,420,1.625,160,210,370,1.3125,130,140,270,1.0769,120,110,230,0.91667,100,90,190,0.9,112,65
880,230,670,170,520,690,3.0588,150,360,510,2.4,140,290,430,2.0714,120,170,290,1.4167,100,120,220,1.2,90,100,190,1.1111,111,64
890,200,680,170,450,620,2.6471,140,310,450,2.2143,130,230,360,1.7692,110,170,280,1.5455,90,120,210,1.3333,80,110,190,1.375,112,64
910,210,680,170,520,690,3.0588,140,350,490,2.5,140,280,420,2.0,120,170,290,1.4167,100,130,230,1.3,80,120,200,1.5,112,64
890,230,670,180,460,640,2.5556,160,330,490,2.0625,150,260,410,1.7333,130,160,290,1.2308,110,130,240,1.1818,90,100,190,1.1111,112,64
900,220,700,240,470,710,1.9583,180,360,540,2.0,160,300,460,1.875,150,190,340,1.2667,120,150,270,1.25,100,110,210,1.1,112,64
900,200,580,170,480,650,2.8235,150,330,480,2.2,140,250,390,1.7857,120,170,290,1.4167,110,130,240,1.1818,90,100,190,1.1111,112,64
890,320,680,170,480,650,2.8235,150,330,480,2.2,140,260,400,1.8571,120,160,280,1.3333,110,120,230,1.0909,90,100,190,1.1111,111,64
910,210,690,170,480,650,2.8235,150,350,500,2.3333,140,290,430,2.0714,120,160,280,1.3333,100,120,220,1.2,80,100,180,1.25,111,64
890,220,600,180,440,620,2.4444,150,320,470,2.1333,150,240,390,1.6,130,150,280,1.1538,100,120,220,1.2,100,100,200,1.0,111,64
900,290,680,170,450,620,2.6471,150,350,500,2.3333,140,280,420,2.0,110,180,290,1.6364,100,140,240,1.4,80,110,190,1.375,112,65
890,220,570,180,450,630,2.5,160,310,470,1.9375,150,240,390,1.6,130,160,290,1.2308,110,130,240,1.1818,90,100,190,1.1111,112,65
910,220,610,180,620,800,3.4444,140,400,540,2.8571,130,300,430,2.3077,110,190,300,1.7273,90,140,230,1.5556,70,120,190,1.7143,111,64
940,300,600,170,480,650,2.8235,140,330,470,2.3571,140,250,390,1.7857,120,160,280,1.3333,100,120,220,1.2,90,100,190,1.1111,111,64
850,340,650,210,440,650,2.0952,190,310,500,1.6316,180,250,430,1.3889,160,140,300,0.875,140,100,240,0.71429,120,80,200,0.66667,111,64
910,200,580,170,470,640,2.7647,140,320,460,2.2857,130,260,390,2.0,110,170,280,1.5455,90,130,220,1.4444,80,110,190,1.375,111,64
890,330,670,190,410,600,2.1579,160,300,460,1.875,150,280,430,1.8667,130,180,310,1.3846,110,140,250,1.2727,100,100,200,1.0,112,65
890,220,700,180,480,660,2.6667,160,330,490,2.0625,150,270,420,1.8,130,170,300,1.3077,110,130,240,1.1818,100,110,210,1.1,112,64
900,190,540,210,410,620,1.9524,160,280,440,1.75,140,230,370,1.6429,120,170,290,1.4167,100,130,230,1.3,90,110,200,1.2222,111,64
900,360,610,200,620,820,3.1,160,410,570,2.5625,140,320,460,2.2857,120,170,290,1.4167,110,130,240,1.1818,90,100,190,1.1111,110,64
900,290,680,170,480,650,2.8235,150,330,480,2.2,140,260,400,1.8571,120,160,280,1.3333,110,120,230,1.0909,90,100,190,1.1111,110,64
900,220,580,170,460,630,2.7059,150,320,470,2.1333,130,240,370,1.8462,120,160,280,1.3333,110,120,230,1.0909,90,100,190,1.1111,110,64
910,320,570,180,510,690,2.8333,150,330,480,2.2,140,260,400,1.8571,120,170,290,1.4167,100,130,230,1.3,90,110,200,1.2222,111,64
890,340,660,220,410,630,1.8636,170,260,430,1.5294,160,200,360,1.25,140,150,290,1.0714,120,130,250,1.0833,100,100,200,1.0,111,64
910,230,700,250,500,750,2.0,180,380,560,2.1111,160,320,480,2.0,140,210,350,1.5,120,150,270,1.25,100,120,220,1.2,111,64
890,210,600,180,450,630,2.5,150,260,410,1.7333,140,210,350,1.5,130,150,280,1.1538,110,120,230,1.0909,90,90,180,1.0,110,64
890,290,680,170,480,650,2.8235,140,340,480,2.4286,140,270,410,1.9286,120,160,280,1.3333,110,120,230,1.0909,90,100,190,1.1111,110,64
910,210,610,160,460,620,2.875,150,310,460,2.0667,140,250,390,1.7857,110,170,280,1.5455,100,120,220,1.2,80,110,190,1.375,110,63
890,300,670,180,470,650,2.6111,160,330,490,2.0625,150,260,410,1.7333,130,160,290,1.2308,110,120,230,1.0909,100,100,200,1.0,110,63
890,220,680,180,600,780,3.3333,150,350,500,2.3333,150,270,420,1.8,120,170,290,1.4167,110,130,240,1.1818,100,110,210,1.1,110,64
890,210,670,230,440,670,1.913,180,310,490,1.7222,160,250,410,1.5625,140,170,310,1.2143,120,130,250,1.0833,100,120,220,1.2,110,64
890,220,590,180,600,780,3.3333,150,380,530,2.5333,140,230,370,1.6429,120,160,280,1.3333,100,120,220,1.2,100,100,200,1.0,110,64
890,300,630,180,470,650,2.6111,150,320,470,2.1333,140,250,390,1.7857,110,160,270,1.4545,110,120,230,1.0909,100,100,200,1.0,110,64
890,260,650,180,460,640,2.5556,160,320,480,2.0,150,250,400,1.6667,120,160,280,1.3333,110,120,230,1.0909,90,100,190,1.1111,110,64
890,240,560,180,440,620,2.4444,160,310,470,1.9375,150,240,390,1.6,130,160,290,1.2308,110,130,240,1.1818,100,100,200,1.0,110,64
890,330,680,180,540,720,3.0,160,350,510,2.1875,150,280,430,1.8667,130,170,300,1.3077,100,120,220,1.2,100,110,210,1.1,111,64
890,210,680,190,430,620,2.2632,160,300,460,1.875,150,240,390,1.6,140,170,310,1.2143,120,130,250,1.0833,110,110,220,1.0,112,64
900,210,680,230,430,660,1.8696,160,300,460,1.875,150,240,390,1.6,130,180,310,1.3846,100,140,240,1.4,90,120,210,1.3333,111,64
890,220,570,170,580,750,3.4118,140,400,540,2.8571,140,330,470,2.3571,120,160,280,1.3333,100,120,220,1.2,90,100,190,1.1111,111,64
900,320,690,160,470,630,2.9375,150,330,480,2.2,140,270,410,1.9286,110,170,280,1.5455,100,130,230,1.3,80,110,190,1.375,111,64
890,210,680,180,460,640,2.5556,160,340,500,2.125,140,270,410,1.9286,130,170,300,1.3077,100,130,230,1.3,90,110,200,1.2222,111,64
900,210,650,170,480,650,2.8235,140,320,460,2.2857,140,250,390,1.7857,120,170,290,1.4167,100,130,230,1.3,90,110,200,1.2222,112,65
900,250,680,180,540,720,3.0,160,350,510,2.1875,150,280,430,1.8667,120,180,300,1.5,110,130,240,1.1818,90,110,200,1.2222,112,65
890,220,690,240,490,730,2.0417,180,350,530,1.9444,160,290,450,1.8125,140,190,330,1.3571,110,130,240,1.1818,100,110,210,1.1,113,65
900,200,590,220,430,650,1.9545,160,300,460,1.875,150,240,390,1.6,130,170,300,1.3077,110,130,240,1.1818,90,110,200,1.2222,112,65
900,310,600,180,610,790,3.3889,150,430,580,2.8667,140,350,490,2.5,120,190,310,1.5833,100,130,230,1.3,90,110,200,1.2222,112,65
890,300,600,180,470,650,2.6111,150,330,480,2.2,150,250,400,1.6667,130,160,290,1.2308,110,110,220,1.0,90,100,190,1.1111,112,65
900,290,680,190,450,640,2.3684,160,330,490,2.0625,150,250,400,1.6667,120,170,290,1.4167,110,120,230,1.0909,90,100,190,1.1111,112,65
900,220,680,180,500,680,2.7778,160,340,500,2.125,140,260,400,1.8571,130,160,290,1.2308,110,120,230,1.0909,100,100,200,1.0,113,65
890,220,610,180,470,650,2.6111,160,330,490,2.0625,150,260,410,1.7333,130,170,300,1.3077,120,130,250,1.0833,100,100,200,1.0,113,65
900,280,690,300,470,770,1.5667,170,340,510,2.0,160,280,440,1.75,140,180,320,1.2857,120,140,260,1.1667,100,120,220,1.2,113,65
890,210,690,170,430,600,2.5294,160,290,450,1.8125,150,220,370,1.4667,110,150,260,1.3636,110,110,220,1.0,100,100,200,1.0,112,65
890,200,670,170,680,850,4.0,150,380,530,2.5333,150,300,450,2.0,130,170,300,1.3077,110,120,230,1.0909,90,100,190,1.1111,112,65
880,220,560,180,450,630,2.5,160,290,450,1.8125,160,220,380,1.375,130,150,280,1.1538,110,140,250,1.2727,100,100,200,1.0,112,64
910,320,590,190,480,670,2.5263,150,330,480,2.2,140,270,410,1.9286,120,170,290,1.4167,100,130,230,1.3,90,110,200,1.2222,112,65
840,320,680,200,660,860,3.3,170,370,540,2.1765,160,290,450,1.8125,130,190,320,1.4615,120,130,250,1.0833,100,100,200,1.0,113,65
890,230,690,250,510,760,2.04,200,370,570,1.85,170,310,480,1.8235,150,210,360,1.4,130,130,260,1.0,110,110,220,1.0,112,65
910,200,640,200,430,630,2.15,150,290,440,1.9333,140,230,370,1.6429,120,160,280,1.3333,100,130,230,1.3,90,110,200,1.2222,111,65
900,270,460,200,470,670,2.35,150,330,480,2.2,140,260,400,1.8571,120,160,280,1.3333,100,120,220,1.2,100,100,200,1.0,111,64
900,300,680,180,440,620,2.4444,160,310,470,1.9375,140,250,390,1.7857,130,170,300,1.3077,110,120,230,1.0909,90,100,190,1.1111,111,64
900,220,570,170,430,600,2.5294,150,290,440,1.9333,140,220,360,1.5714,120,150,270,1.25,110,110,220,1.0,100,100,200,1.0,111,64
890,330,620,180,450,630,2.5,160,320,480,2.0,150,250,400,1.6667,130,160,290,1.2308,110,130,240,1.1818,90,100,190,1.1111,110,64
910,270,700,290,460,750,1.5862,200,320,520,1.6,170,260,430,1.5294,150,170,320,1.1333,120,120,240,1.0,100,100,200,1.0,110,64
890,210,620,170,420,590,2.4706,150,290,440,1.9333,130,210,340,1.6154,130,150,280,1.1538,110,110,220,1.0,100,90,190,0.9,109,63
890,270,570,180,430,610,2.3889,160,320,480,2.0,150,260,410,1.7333,130,160,290,1.2308,120,110,230,0.91667,100,100,200,1.0,109,63
900,320,680,180,490,670,2.7222,160,330,490,2.0625,140,270,410,1.9286,130,170,300,1.3077,110,130,240,1.1818,90,110,200,1.2222,109,63
900,220,680,180,560,740,3.1111,160,360,520,2.25,150,280,430,1.8667,120,180,300,1.5,110,130,240,1.1818,90,110,200,1.2222,110,63
890,220,580,180,440,620,2.4444,160,310,470,1.9375,140,240,380,1.7143,130,170,300,1.3077,110,120,230,1.0909,90,110,200,1.2222,110,64
900,270,620,170,480,650,2.8235,150,320,470,2.1333,140,240,380,1.7143,120,160,280,1.3333,100,120,220,1.2,90,100,190,1.1111,109,63
900,280,680,180,690,870,3.8333,150,440,590,2.9333,140,360,500,2.5714,130,150,280,1.1538,100,110,210,1.1,100,100,200,1.0,109,63
900,220,630,180,460,640,2.5556,160,310,470,1.9375,150,250,400,1.6667,120,160,280,1.3333,110,120,230,1.0909,100,100,200,1.0,109,63
900,270,530,180,440,620,2.4444,160,300,460,1.875,150,210,360,1.4,130,150,280,1.1538,110,120,230,1.0909,100,100,200,1.0,109,63
890,370,570,190,500,690,2.6316,170,310,480,1.8235,160,230,390,1.4375,130,160,290,1.2308,120,120,240,1.0,100,90,190,0.9,110,63
890,190,630,210,420,630,2.0,170,280,450,1.6471,150,220,370,1.4667,130,160,290,1.2308,110,120,230,1.0909,100,100,200,1.0,110,64
960,260,640,170,520,690,3.0588,140,360,500,2.5714,130,280,410,2.1538,120,170,290,1.4167,100,120,220,1.2,90,100,190,1.1111,110,64
840,320,580,230,590,820,2.5652,210,410,620,1.9524,200,330,530,1.65,180,170,350,0.94444,160,100,260,0.625,150,80,230,0.53333,110,63
900,260,640,170,430,600,2.5294,150,300,450,2.0,140,230,370,1.6429,130,160,290,1.2308,100,120,220,1.2,100,100,200,1.0,110,64
890,260,540,180,400,580,2.2222,160,310,470,1.9375,150,280,430,1.8667,120,170,290,1.4167,110,120,230,1.0909,100,110,210,1.1,111,64
900,350,690,180,460,640,2.5556,160,330,490,2.0625,140,270,410,1.9286,130,170,300,1.3077,110,130,240,1.1818,90,110,200,1.2222,111,64
900,210,690,230,470,700,2.0435,180,350,530,1.9444,160,290,450,1.8125,140,190,330,1.3571,110,140,250,1.2727,100,120,220,1.2,111,64
890,210,630,180,430,610,2.3889,160,260,420,1.625,150,200,350,1.3333,120,140,260,1.1667,110,110,220,1.0,80,100,180,1.25,111,64
890,260,690,180,690,870,3.8333,150,370,520,2.4667,140,270,410,1.9286,130,160,290,1.2308,100,120,220,1.2,90,90,180,1.0,110,64
910,200,630,160,470,630,2.9375,140,310,450,2.2143,130,220,350,1.6923,100,160,260,1.6,90,120,210,1.3333,80,100,180,1.25,110,64
880,280,550,180,450,630,2.5,160,310,470,1.9375,150,240,390,1.6,140,160,300,1.1429,110,120,230,1.0909,100,90,190,0.9,110,64
900,330,560,170,410,580,2.4118,150,250,400,1.6667,140,210,350,1.5,120,170,290,1.4167,100,130,230,1.3,90,120,210,1.3333,111,64
880,340,610,190,450,640,2.3684,160,310,470,1.9375,150,240,390,1.6,130,160,290,1.2308,110,130,240,1.1818,100,110,210,1.1,111,64
900,270,670,290,450,740,1.5517,190,330,520,1.7368,170,270,440,1.5882,140,180,320,1.2857,110,140,250,1.2727,100,110,210,1.1,110,64
880,230,570,180,460,640,2.5556,150,320,470,2.1333,140,250,390,1.7857,120,170,290,1.4167,100,130,230,1.3,90,100,190,1.1111,110,64
900,310,590,170,470,640,2.7647,150,320,470,2.1333,130,250,380,1.9231,120,170,290,1.4167,100,120,220,1.2,90,100,190,1.1111,110,64
900,320,690,180,410,590,2.2778,160,260,420,1.625,140,200,340,1.4286,130,140,270,1.0769,110,100,210,0.90909,90,90,180,1.0,111,65
890,210,690,170,430,600,2.5294,150,290,440,1.9333,150,230,380,1.5333,120,160,280,1.3333,110,130,240,1.1818,90,110,200,1.2222,111,65
900,200,580,220,420,640,1.9091,220,350,570,1.5909,180,300,480,1.6667,140,190,330,1.3571,120,100,220,0.8333299999999999,110,100,210,0.90909,111,65
880,320,680,180,510,690,2.8333,150,340,490,2.2667,150,260,410,1.7333,130,160,290,1.2308,110,120,230,1.0909,100,100,200,1.0,111,65
910,200,600,170,480,650,2.8235,140,320,460,2.2857,140,250,390,1.7857,110,160,270,1.4545,100,120,220,1.2,90,110,200,1.2222,111,64
850,220,560,180,480,660,2.6667,150,320,470,2.1333,140,250,390,1.7857,120,160,280,1.3333,100,120,220,1.2,90,100,190,1.1111,112,65
890,330,690,290,480,770,1.6552,170,360,530,2.1176,160,290,450,1.8125,140,190,330,1.3571,120,140,260,1.1667,100,110,210,1.1,112,65
900,200,610,220,410,630,1.8636,160,280,440,1.75,150,230,380,1.5333,120,160,280,1.3333,110,120,230,1.0909,100,100,200,1.0,112,65
890,290,610,170,480,650,2.8235,150,320,470,2.1333,140,250,390,1.7857,130,170,300,1.3077,100,120,220,1.2,90,90,180,1.0,111,65
910,280,470,170,460,630,2.7059,140,310,450,2.2143,140,240,380,1.7143,110,160,270,1.4545,100,120,220,1.2,90,110,200,1.2222,111,64
910,200,550,170,490,660,2.8824,150,330,480,2.2,130,260,390,2.0,120,160,280,1.3333,100,120,220,1.2,90,110,200,1.2222,112,65
890,360,570,190,420,610,2.2105,160,290,450,1.8125,150,230,380,1.5333,130,160,290,1.2308,110,120,230,1.0909,100,100,200,1.0,112,65
900,200,600,170,540,710,3.1765,140,350,490,2.5,140,250,390,1.7857,120,150,270,1.25,100,120,220,1.2,90,100,190,1.1111,111,64
900,300,540,180,450,630,2.5,160,320,480,2.0,150,230,380,1.5333,120,150,270,1.25,110,110,220,1.0,100,100,200,1.0,111,64
930,230,570,180,440,620,2.4444,160,320,480,2.0,150,250,400,1.6667,130,170,300,1.3077,110,130,240,1.1818,100,110,210,1.1,112,65
910,290,590,170,600,770,3.5294,150,380,530,2.5333,140,290,430,2.0714,110,170,280,1.5455,100,120,220,1.2,90,110,200,1.2222,112,65
910,320,680,180,480,660,2.6667,150,330,480,2.2,150,250,400,1.6667,120,160,280,1.3333,100,120,220,1.2,90,100,190,1.1111,111,64
910,230,650,180,460,640,2.5556,150,350,500,2.3333,140,290,430,2.0714,130,190,320,1.4615,100,130,230,1.3,90,110,200,1.2222,111,63
910,260,560,180,490,670,2.7222,160,320,480,2.0,150,240,390,1.6,120,160,280,1.3333,100,130,230,1.3,90,100,190,1.1111,111,63
900,350,560,190,430,620,2.2632,160,330,490,2.0625,150,260,410,1.7333,130,160,290,1.2308,120,120,240,1.0,100,100,200,1.0,111,63
900,200,570,190,430,620,2.2632,160,300,460,1.875,140,230,370,1.6429,120,160,280,1.3333,100,120,220,1.2,90,110,200,1.2222,111,63
900,330,560,230,570,800,2.4783,160,410,570,2.5625,160,330,490,2.0625,130,180,310,1.3846,110,140,250,1.2727,100,100,200,1.0,110,63
920,340,570,180,460,640,2.5556,150,320,470,2.1333,140,240,380,1.7143,120,160,280,1.3333,110,120,230,1.0909,90,110,200,1.2222,109,63
900,350,640,180,440,620,2.4444,150,300,450,2.0,140,240,380,1.7143,120,160,280,1.3333,100,120,220,1.2,80,100,180,1.25,109,63
900,260,540,180,540,720,3.0,160,340,500,2.125,150,270,420,1.8,130,170,300,1.3077,110,120,230,1.0909,100,100,200,1.0,110,63
910,360,590,200,400,600,2.0,160,240,400,1.5,150,210,360,1.4,130,170,300,1.3077,110,130,240,1.1818,100,120,220,1.2,110,64
910,200,660,170,670,840,3.9412,150,300,450,2.0,140,230,370,1.6429,120,160,280,1.3333,100,120,220,1.2,90,110,200,1.2222,110,63
900,250,690,180,540,720,3.0,150,350,500,2.3333,140,280,420,2.0,120,170,290,1.4167,100,120,220,1.2,90,110,200,1.2222,109,63
910,210,690,160,460,620,2.875,150,290,440,1.9333,130,210,340,1.6154,120,150,270,1.25,100,120,220,1.2,90,100,190,1.1111,110,63
910,220,580,170,450,620,2.6471,150,300,450,2.0,140,230,370,1.6429,120,160,280,1.3333,110,120,230,1.0909,90,110,200,1.2222,110,63
900,330,560,180,570,750,3.1667,150,390,540,2.6,150,320,470,2.1333,130,180,310,1.3846,110,140,250,1.2727,90,110,200,1.2222,110,64
890,340,700,180,410,590,2.2778,160,260,420,1.625,140,200,340,1.4286,120,150,270,1.25,100,110,210,1.1,90,90,180,1.0,111,64
910,190,600,210,440,650,2.0952,210,300,510,1.4286,160,250,410,1.5625,130,170,300,1.3077,110,140,250,1.2727,90,120,210,1.3333,110,64
890,200,560,220,420,640,1.9091,160,290,450,1.8125,150,220,370,1.4667,130,160,290,1.2308,100,130,230,1.3,90,100,190,1.1111,110,64
910,330,570,170,580,750,3.4118,150,440,590,2.9333,140,360,500,2.5714,110,200,310,1.8182,100,140,240,1.4,90,120,210,1.3333,111,64
900,340,630,170,450,620,2.6471,150,320,470,2.1333,140,250,390,1.7857,120,170,290,1.4167,100,120,220,1.2,90,100,190,1.1111,111,64
910,270,630,190,440,630,2.3158,150,340,490,2.2667,140,250,390,1.7857,120,160,280,1.3333,110,130,240,1.1818,90,100,190,1.1111,112,65
910,280,550,190,560,750,2.9474,160,350,510,2.1875,140,260,400,1.8571,130,160,290,1.2308,110,120,230,1.0909,100,110,210,1.1,112,65
890,360,600,190,450,640,2.3684,160,310,470,1.9375,150,240,390,1.6,140,160,300,1.1429,120,120,240,1.0,100,100,200,1.0,112,65
900,270,580,170,430,600,2.5294,150,300,450,2.0,140,220,360,1.5714,120,150,270,1.25,110,110,220,1.0,90,100,190,1.1111,111,64
890,320,570,180,580,760,3.2222,150,390,540,2.6,140,320,460,2.2857,120,180,300,1.5,100,120,220,1.2,100,100,200,1.0,111,65
900,320,600,180,430,610,2.3889,150,310,460,2.0667,140,230,370,1.6429,120,160,280,1.3333,110,120,230,1.0909,90,100,190,1.1111,111,65
910,300,550,180,430,610,2.3889,160,320,480,2.0,140,250,390,1.7857,130,170,300,1.3077,110,130,240,1.1818,90,100,190,1.1111,112,65
890,360,540,200,550,750,2.75,170,370,540,2.1765,160,300,460,1.875,140,180,320,1.2857,120,130,250,1.0833,100,100,200,1.0,112,65
890,350,700,190,450,640,2.3684,160,340,500,2.125,150,280,430,1.8667,130,180,310,1.3846,110,130,240,1.1818,100,110,210,1.1,111,65
910,190,620,210,440,650,2.0952,210,310,520,1.4762,160,240,400,1.5,130,180,310,1.3846,100,140,240,1.4,100,120,220,1.2,111,65
890,290,550,180,500,680,2.7778,150,340,490,2.2667,140,250,390,1.7857,130,160,290,1.2308,100,120,220,1.2,100,100,200,1.0,111,65
900,340,640,220,650,870,2.9545,160,450,610,2.8125,140,360,500,2.5714,120,200,320,1.6667,100,140,240,1.4,90,120,210,1.3333,112,65
890,260,640,170,440,610,2.5882,150,300,450,2.0,140,240,380,1.7143,120,160,280,1.3333,110,120,230,1.0909,100,100,200,1.0,112,65
890,250,560,180,400,580,2.2222,150,270,420,1.8,140,210,350,1.5,120,150,270,1.25,100,110,210,1.1,90,90,180,1.0,112,65
900,330,570,180,580,760,3.2222,150,370,520,2.4667,140,300,440,2.1429,130,180,310,1.3846,110,130,240,1.1818,100,110,210,1.1,112,65
890,210,600,230,420,650,1.8261,170,290,460,1.7059,160,230,390,1.4375,140,160,300,1.1429,120,120,240,1.0,100,100,200,1.0,112,65
890,290,530,180,510,690,2.8333,150,350,500,2.3333,140,270,410,1.9286,120,160,280,1.3333,110,120,230,1.0909,90,110,200,1.2222,111,65
900,260,640,180,460,640,2.5556,150,320,470,2.1333,140,260,400,1.8571,130,160,290,1.2308,100,120,220,1.2,100,100,200,1.0,112,65
850,260,640,180,420,600,2.3333,160,260,420,1.625,150,200,350,1.3333,130,140,270,1.0769,110,110,220,1.0,100,100,200,1.0,113,65
900,260,550,170,410,580,2.4118,150,270,420,1.8,140,210,350,1.5,130,140,270,1.0769,110,110,220,1.0,100,90,190,0.9,112,65
900,350,390,180,400,580,2.2222,160,330,490,2.0625,150,240,390,1.6,120,150,270,1.25,110,110,220,1.0,100,100,200,1.0,112,65
920,270,700,180,470,650,2.6111,150,330,480,2.2,140,260,400,1.8571,120,170,290,1.4167,100,120,220,1.2,90,110,200,1.2222,113,65
900,220,540,190,510,700,2.6842,160,340,500,2.125,150,260,410,1.7333,130,160,290,1.2308,110,120,230,1.0909,110,100,210,0.90909,114,66
890,360,680,190,440,630,2.3158,160,310,470,1.9375,150,250,400,1.6667,130,170,300,1.3077,120,120,240,1.0,100,100,200,1.0,113,65
900,260,600,170,510,680,3.0,140,340,480,2.4286,140,270,410,1.9286,110,160,270,1.4545,100,120,220,1.2,90,110,200,1.2222,112,65
900,290,640,170,460,630,2.7059,150,320,470,2.1333,140,250,390,1.7857,120,160,280,1.3333,100,120,220,1.2,90,110,200,1.2222,113,65
900,260,550,190,500,690,2.6316,160,340,500,2.125,150,270,420,1.8,120,170,290,1.4167,110,130,240,1.1818,90,100,190,1.1111,113,66
900,350,580,190,520,710,2.7368,160,360,520,2.25,140,290,430,2.0714,130,180,310,1.3846,110,130,240,1.1818,100,110,210,1.1,113,66
890,320,690,220,420,640,1.9091,170,370,540,2.1765,160,280,440,1.75,130,180,310,1.3846,120,130,250,1.0833,100,110,210,1.1,113,65
890,200,600,220,430,650,1.9545,190,290,480,1.5263,170,220,390,1.2941,130,170,300,1.3077,110,130,240,1.1818,100,110,210,1.1,112,65
900,290,650,170,520,690,3.0588,140,360,500,2.5714,140,280,420,2.0,110,180,290,1.6364,100,120,220,1.2,90,110,200,1.2222,112,65
900,260,620,170,480,650,2.8235,150,340,490,2.2667,140,270,410,1.9286,120,170,290,1.4167,100,130,230,1.3,90,110,200,1.2222,113,65
900,280,660,190,470,660,2.4737,160,390,550,2.4375,150,300,450,2.0,130,180,310,1.3846,110,130,240,1.1818,100,110,210,1.1,113,65
880,240,660,190,510,700,2.6842,180,340,520,1.8889,160,280,440,1.75,140,160,300,1.1429,120,130,250,1.0833,110,100,210,0.90909,112,65
900,220,670,240,490,730,2.0417,190,370,560,1.9474,170,330,500,1.9412,140,210,350,1.5,120,150,270,1.25,100,130,230,1.3,112,65
890,230,570,180,430,610,2.3889,150,290,440,1.9333,150,220,370,1.4667,120,150,270,1.25,110,120,230,1.0909,90,100,190,1.1111,112,65
920,320,570,170,520,690,3.0588,150,370,520,2.4667,140,290,430,2.0714,130,170,300,1.3077,100,130,230,1.3,90,100,190,1.1111,112,65
870,350,640,210,470,680,2.2381,180,340,520,1.8889,170,260,430,1.5294,150,140,290,0.93333,120,100,220,0.8333299999999999,110,80,190,0.72727,113,65
910,230,580,180,450,630,2.5,160,320,480,2.0,150,240,390,1.6,120,160,280,1.3333,110,120,230,1.0909,90,110,200,1.2222,114,66
880,330,670,190,440,630,2.3158,160,300,460,1.875,150,270,420,1.8,140,180,320,1.2857,110,120,230,1.0909,100,110,210,1.1,114,66
900,210,560,170,430,600,2.5294,150,290,440,1.9333,140,220,360,1.5714,120,160,280,1.3333,100,130,230,1.3,90,120,210,1.3333,114,66
890,210,440,170,440,610,2.5882,150,360,510,2.4,140,260,400,1.8571,120,150,270,1.25,100,120,220,1.2,90,100,190,1.1111,113,66
890,310,660,170,510,680,3.0,150,350,500,2.3333,130,280,410,2.1538,130,170,300,1.3077,110,130,240,1.1818,90,100,190,1.1111,115,66
900,230,570,180,460,640,2.5556,150,320,470,2.1333,150,250,400,1.6667,120,160,280,1.3333,100,120,220,1.2,90,110,200,1.2222,115,66
890,330,570,180,440,620,2.4444,160,290,450,1.8125,150,220,370,1.4667,130,150,280,1.1538,110,130,240,1.1818,90,110,200,1.2222,115,66
890,320,700,180,450,630,2.5,160,320,480,2.0,150,250,400,1.6667,140,170,310,1.2143,110,130,240,1.1818,100,100,200,1.0,114,66
900,190,610,210,430,640,2.0476,190,300,490,1.5789,160,240,400,1.5,140,170,310,1.2143,110,130,240,1.1818,100,120,220,1.2,114,66
890,290,600,170,540,710,3.1765,150,360,510,2.4,140,280,420,2.0,120,170,290,1.4167,100,120,220,1.2,90,100,190,1.1111,114,66
900,290,620,180,490,670,2.7222,150,330,480,2.2,140,260,400,1.8571,130,160,290,1.2308,110,120,230,1.0909,90,100,190,1.1111,114,66
900,280,610,230,620,850,2.6957,160,380,540,2.375,160,300,460,1.875,130,180,310,1.3846,110,130,240,1.1818,100,100,200,1.0,116,67
890,290,650,180,600,780,3.3333,160,340,500,2.125,150,250,400,1.6667,140,160,300,1.1429,120,120,240,1.0,100,90,190,0.9,116,67
890,200,610,200,420,620,2.1,160,290,450,1.8125,150,220,370,1.4667,130,160,290,1.2308,110,120,230,1.0909,100,100,200,1.0,115,67
890,280,590,180,540,720,3.0,150,370,520,2.4667,150,290,440,1.9333,130,160,290,1.2308,110,120,230,1.0909,100,100,200,1.0,114,66
900,300,540,180,470,650,2.6111,150,330,480,2.2,150,260,410,1.7333,120,160,280,1.3333,110,120,230,1.0909,100,110,210,1.1,114,66
910,360,640,200,540,740,2.7,170,370,540,2.1765,150,290,440,1.9333,130,170,300,1.3077,110,130,240,1.1818,100,100,200,1.0,115,66
890,270,640,190,650,840,3.4211,160,370,530,2.3125,160,300,460,1.875,130,170,300,1.3077,120,120,240,1.0,100,90,190,0.9,115,66
890,250,550,210,410,620,1.9524,180,290,470,1.6111,170,230,400,1.3529,140,160,300,1.1429,130,120,250,0.92308,120,100,220,0.8333299999999999,116,67
890,240,550,180,560,740,3.1111,160,370,530,2.3125,140,280,420,2.0,120,150,270,1.25,110,110,220,1.0,90,100,190,1.1111,115,67
890,340,570,180,490,670,2.7222,160,340,500,2.125,140,260,400,1.8571,130,160,290,1.2308,110,120,230,1.0909,90,100,190,1.1111,115,67
900,320,670,170,480,650,2.8235,150,330,480,2.2,140,260,400,1.8571,120,170,290,1.4167,100,120,220,1.2,90,110,200,1.2222,115,67
900,230,570,170,450,620,2.6471,160,310,470,1.9375,150,240,390,1.6,120,160,280,1.3333,100,130,230,1.3,90,100,190,1.1111,115,67
890,330,700,190,700,890,3.6842,160,400,560,2.5,150,320,470,2.1333,130,190,320,1.4615,110,130,240,1.1818,100,110,210,1.1,116,67
890,190,700,180,420,600,2.3333,150,300,450,2.0,150,240,390,1.6,120,170,290,1.4167,110,130,240,1.1818,90,110,200,1.2222,117,67
900,190,650,210,440,650,2.0952,210,310,520,1.4762,160,260,420,1.625,140,180,320,1.2857,120,130,250,1.0833,100,120,220,1.2,116,67
900,310,680,160,480,640,3.0,140,350,490,2.5,130,280,410,2.1538,110,180,290,1.6364,90,130,220,1.4444,80,110,190,1.375,116,67
910,360,630,180,440,620,2.4444,160,320,480,2.0,140,240,380,1.7143,130,160,290,1.2308,110,120,230,1.0909,100,100,200,1.0,116,67
920,280,690,180,470,650,2.6111,160,370,530,2.3125,150,310,460,2.0667,130,190,320,1.4615,110,150,260,1.3636,90,130,220,1.4444,116,66
900,230,560,180,570,750,3.1667,160,380,540,2.375,150,300,450,2.0,130,170,300,1.3077,120,120,240,1.0,100,100,200,1.0,116,66
890,340,670,190,400,590,2.1053,170,340,510,2.0,150,270,420,1.8,140,170,310,1.2143,110,130,240,1.1818,100,110,210,1.1,116,66
900,220,680,240,470,710,1.9583,190,350,540,1.8421,170,300,470,1.7647,150,200,350,1.3333,120,140,260,1.1667,110,120,230,1.0909,115,66
890,220,580,180,420,600,2.3333,160,290,450,1.8125,150,220,370,1.4667,130,160,290,1.2308,110,120,230,1.0909,100,100,200,1.0,115,66
890,310,610,240,620,860,2.5833,170,430,600,2.5294,150,330,480,2.2,140,190,330,1.3571,110,120,230,1.0909,110,110,220,1.0,115,66
900,280,610,180,460,640,2.5556,160,320,480,2.0,150,250,400,1.6667,120,160,280,1.3333,110,120,230,1.0909,100,100,200,1.0,115,66
890,290,590,180,440,620,2.4444,160,310,470,1.9375,140,240,380,1.7143,130,160,290,1.2308,100,120,220,1.2,80,90,170,1.125,115,66
900,300,530,180,540,720,3.0,160,360,520,2.25,150,270,420,1.8,130,160,290,1.2308,110,120,230,1.0909,100,100,200,1.0,116,67
880,370,540,210,390,600,1.8571,170,260,430,1.5294,160,220,380,1.375,140,170,310,1.2143,120,130,250,1.0833,110,100,210,0.90909,116,67
900,270,460,180,470,650,2.6111,150,370,520,2.4667,150,290,440,1.9333,120,160,280,1.3333,110,120,230,1.0909,100,100,200,1.0,116,67
910,300,630,180,470,650,2.6111,140,340,480,2.4286,140,270,410,1.9286,120,170,290,1.4167,110,130,240,1.1818,90,110,200,1.2222,116,67
910,280,570,170,410,580,2.4118,150,290,440,1.9333,140,210,350,1.5,130,160,290,1.2308,100,120,220,1.2,90,100,190,1.1111,117,68
900,340,670,190,680,870,3.5789,160,380,540,2.375,160,310,470,1.9375,130,170,300,1.3077,120,130,250,1.0833,100,100,200,1.0,117,68
900,230,710,250,450,700,1.8,180,310,490,1.7222,160,230,390,1.4375,140,150,290,1.0714,120,110,230,0.91667,110,80,190,0.72727,117,68
910,190,590,210,420,630,2.0,170,300,470,1.7647,160,240,400,1.5,130,170,300,1.3077,110,140,250,1.2727,100,110,210,1.1,117,68
910,310,600,170,460,630,2.7059,150,330,480,2.2,140,250,390,1.7857,130,160,290,1.2308,100,130,230,1.3,90,100,190,1.1111,116,67
910,310,630,200,540,740,2.7,160,380,540,2.375,150,300,450,2.0,130,180,310,1.3846,110,130,240,1.1818,90,110,200,1.2222,117,67
910,280,570,180,580,760,3.2222,150,370,520,2.4667,150,290,440,1.9333,120,170,290,1.4167,110,130,240,1.1818,90,110,200,1.2222,118,68
910,340,560,180,470,650,2.6111,160,340,500,2.125,150,270,420,1.8,130,170,300,1.3077,110,120,230,1.0909,100,110,210,1.1,118,68
900,210,590,170,430,600,2.5294,150,290,440,1.9333,140,220,360,1.5714,120,150,270,1.25,110,120,230,1.0909,90,100,190,1.1111,117,68
910,310,610,170,620,790,3.6471,150,440,590,2.9333,140,360,500,2.5714,120,200,320,1.6667,100,130,230,1.3,90,100,190,1.1111,117,67
900,300,640,180,460,640,2.5556,160,330,490,2.0625,140,260,400,1.8571,120,170,290,1.4167,110,120,230,1.0909,70,100,170,1.4286,116,67
910,260,620,190,440,630,2.3158,150,340,490,2.2667,140,280,420,2.0,120,170,290,1.4167,100,130,230,1.3,90,110,200,1.2222,116,67
910,290,680,180,690,870,3.8333,150,390,540,2.6,140,310,450,2.2143,130,180,310,1.3846,100,130,230,1.3,90,110,200,1.2222,117,67
890,230,690,190,480,670,2.5263,160,340,500,2.125,160,260,420,1.625,130,170,300,1.3077,120,130,250,1.0833,110,100,210,0.90909,118,68
920,200,620,220,450,670,2.0455,220,310,530,1.4091,170,250,420,1.4706,130,180,310,1.3846,110,140,250,1.2727,90,120,210,1.3333,117,68
890,300,600,180,520,700,2.8889,160,350,510,2.1875,150,270,420,1.8,130,160,290,1.2308,110,120,230,1.0909,100,90,190,0.9,117,68
910,300,610,170,460,630,2.7059,150,310,460,2.0667,140,250,390,1.7857,120,160,280,1.3333,110,120,230,1.0909,90,100,190,1.1111,116,67
890,300,580,190,420,610,2.2105,160,280,440,1.75,150,220,370,1.4667,130,170,300,1.3077,110,130,240,1.1818,100,100,200,1.0,117,67
900,310,680,180,550,730,3.0556,160,370,530,2.3125,150,300,450,2.0,120,180,300,1.5,110,130,240,1.1818,90,110,200,1.2222,117,68
900,220,700,240,500,740,2.0833,190,420,610,2.2105,170,360,530,2.1176,150,220,370,1.4667,120,150,270,1.25,110,120,230,1.0909,117,68
890,200,600,220,430,650,1.9545,160,290,450,1.8125,150,230,380,1.5333,130,160,290,1.2308,110,130,240,1.1818,90,100,190,1.1111,117,68
900,290,600,170,520,690,3.0588,140,370,510,2.6429,130,290,420,2.2308,110,170,280,1.5455,90,130,220,1.4444,80,110,190,1.375,116,67
900,320,660,180,450,630,2.5,150,310,460,2.0667,150,250,400,1.6667,130,180,310,1.3846,110,120,230,1.0909,90,100,190,1.1111,116,67
890,240,550,180,430,610,2.3889,160,280,440,1.75,150,210,360,1.4,130,140,270,1.0769,110,100,210,0.90909,90,80,170,0.88889,117,68
900,340,560,180,470,650,2.6111,150,330,480,2.2,140,260,400,1.8571,130,170,300,1.3077,100,130,230,1.3,90,120,210,1.3333,118,68
880,210,570,160,430,590,2.6875,140,290,430,2.0714,130,220,350,1.6923,110,150,260,1.3636,100,110,210,1.1,90,100,190,1.1111,117,68
900,310,500,160,480,640,3.0,140,340,480,2.4286,140,270,410,1.9286,120,160,280,1.3333,100,120,220,1.2,90,100,190,1.1111,117,67
910,280,670,180,460,640,2.5556,150,320,470,2.1333,150,260,410,1.7333,120,170,290,1.4167,110,130,240,1.1818,100,110,210,1.1,117,67
900,240,550,190,470,660,2.4737,160,320,480,2.0,140,240,380,1.7143,130,160,290,1.2308,110,120,230,1.0909,100,100,200,1.0,118,68
900,350,690,190,450,640,2.3684,160,320,480,2.0,160,260,420,1.625,130,170,300,1.3077,120,130,250,1.0833,100,100,200,1.0,118,68
900,210,640,230,420,650,1.8261,230,280,510,1.2174,200,230,430,1.15,150,160,310,1.0667,130,110,240,0.84615,110,100,210,0.90909,118,68
900,260,590,170,490,660,2.8824,150,330,480,2.2,140,260,400,1.8571,120,160,280,1.3333,100,120,220,1.2,90,100,190,1.1111,118,68
910,270,610,180,500,680,2.7778,160,330,490,2.0625,150,260,410,1.7333,130,160,290,1.2308,120,120,240,1.0,100,110,210,1.1,118,68
900,300,560,190,570,760,3.0,170,380,550,2.2353,160,310,470,1.9375,140,180,320,1.2857,120,120,240,1.0,100,110,210,1.1,119,68
900,200,610,220,440,660,2.0,220,300,520,1.3636,170,240,410,1.4118,140,170,310,1.2143,130,130,260,1.0,120,110,230,0.91667,119,68
890,290,610,180,570,750,3.1667,150,390,540,2.6,150,310,460,2.0667,120,170,290,1.4167,110,120,230,1.0909,100,110,210,1.1,118,68
900,230,680,180,460,640,2.5556,160,340,500,2.125,150,270,420,1.8,130,160,290,1.2308,110,120,230,1.0909,100,100,200,1.0,118,68
900,220,680,180,430,610,2.3889,150,380,530,2.5333,140,300,440,2.1429,130,170,300,1.3077,110,130,240,1.1818,100,110,210,1.1,119,68
900,220,690,180,490,670,2.7222,160,350,510,2.1875,150,290,440,1.9333,130,180,310,1.3846,110,140,250,1.2727,90,110,200,1.2222,120,69
910,210,640,230,480,710,2.087,190,360,550,1.8947,170,310,480,1.8235,140,200,340,1.4286,120,150,270,1.25,100,120,220,1.2,119,69
910,270,590,190,550,740,2.8947,150,370,520,2.4667,140,290,430,2.0714,120,180,300,1.5,100,130,230,1.3,90,120,210,1.3333,119,69
910,320,660,180,500,680,2.7778,160,350,510,2.1875,150,280,430,1.8667,130,170,300,1.3077,110,120,230,1.0909,90,100,190,1.1111,119,69
900,250,570,180,460,640,2.5556,150,330,480,2.2,140,260,400,1.8571,120,160,280,1.3333,90,120,210,1.3333,70,100,170,1.4286,120,69
910,330,560,180,450,630,2.5,160,330,490,2.0625,140,250,390,1.7857,130,160,290,1.2308,100,120,220,1.2,100,100,200,1.0,121,69
900,350,550,190,480,670,2.5263,160,310,470,1.9375,160,230,390,1.4375,130,180,310,1.3846,110,130,240,1.1818,100,100,200,1.0,121,69
890,350,700,180,460,640,2.5556,160,330,490,2.0625,140,280,420,2.0,130,180,310,1.3846,100,130,230,1.3,100,120,220,1.2,121,69
910,190,660,210,420,630,2.0,190,300,490,1.5789,160,240,400,1.5,130,170,300,1.3077,110,140,250,1.2727,100,110,210,1.1,121,69
900,250,600,180,510,690,2.8333,150,350,500,2.3333,140,280,420,2.0,120,160,280,1.3333,100,120,220,1.2,100,100,200,1.0,120,69
910,300,630,180,490,670,2.7222,160,340,500,2.125,140,270,410,1.9286,130,160,290,1.2308,110,120,230,1.0909,90,100,190,1.1111,120,69
900,280,610,200,620,820,3.1,160,390,550,2.4375,160,300,460,1.875,130,180,310,1.3846,110,120,230,1.0909,100,110,210,1.1,119,69
900,290,570,180,470,650,2.6111,160,320,480,2.0,150,240,390,1.6,130,160,290,1.2308,110,120,230,1.0909,90,100,190,1.1111,120,69
900,230,700,250,500,750,2.0,180,380,560,2.1111,170,310,480,1.8235,150,180,330,1.2,120,130,250,1.0833,110,110,220,1.0,120,69
900,200,580,220,420,640,1.9091,160,300,460,1.875,160,240,400,1.5,130,160,290,1.2308,120,120,240,1.0,100,100,200,1.0,120,69
900,320,610,180,520,700,2.8889,150,360,510,2.4,150,270,420,1.8,130,160,290,1.2308,110,120,230,1.0909,100,100,200,1.0,120,69
910,290,520,170,450,620,2.6471,150,320,470,2.1333,140,240,380,1.7143,120,160,280,1.3333,100,120,220,1.2,80,100,180,1.25,119,69
900,390,610,210,590,800,2.8095,160,390,550,2.4375,150,300,450,2.0,130,180,310,1.3846,110,130,240,1.1818,90,120,210,1.3333,119,69
900,290,540,180,550,730,3.0556,160,370,530,2.3125,140,290,430,2.0714,130,170,300,1.3077,110,130,240,1.1818,90,110,200,1.2222,120,69
900,360,560,180,420,600,2.3333,150,300,450,2.0,150,240,390,1.6,120,170,290,1.4167,110,130,240,1.1818,90,110,200,1.2222,120,69
890,210,580,170,480,650,2.8235,150,330,480,2.2,140,230,370,1.6429,120,150,270,1.25,100,120,220,1.2,90,100,190,1.1111,119,69
900,310,600,180,490,670,2.7222,150,360,510,2.4,140,280,420,2.0,120,170,290,1.4167,100,130,230,1.3,90,100,190,1.1111,119,69
920,300,700,170,490,660,2.8824,150,340,490,2.2667,140,270,410,1.9286,120,170,290,1.4167,100,130,230,1.3,80,100,180,1.25,119,68
900,220,560,180,460,640,2.5556,160,330,490,2.0625,150,260,410,1.7333,130,160,290,1.2308,110,120,230,1.0909,100,110,210,1.1,119,69
900,340,670,190,600,790,3.1579,170,370,540,2.1765,150,300,450,2.0,140,170,310,1.2143,110,130,240,1.1818,100,110,210,1.1,119,69
900,230,700,190,450,640,2.3684,160,310,470,1.9375,150,240,390,1.6,130,160,290,1.2308,110,130,240,1.1818,100,100,200,1.0,120,69
910,200,570,220,440,660,2.0,220,320,540,1.4545,170,250,420,1.4706,140,170,310,1.2143,120,130,250,1.0833,100,110,210,1.1,120,69
900,270,600,180,470,650,2.6111,150,330,480,2.2,140,250,390,1.7857,130,150,280,1.1538,100,110,210,1.1,100,100,200,1.0,119,69
910,300,650,200,460,660,2.3,160,350,510,2.1875,150,300,450,2.0,120,180,300,1.5,110,130,240,1.1818,90,110,200,1.2222,119,69
900,260,540,180,500,680,2.7778,160,330,490,2.0625,150,260,410,1.7333,130,160,290,1.2308,110,120,230,1.0909,100,110,210,1.1,120,69
910,360,680,180,450,630,2.5,160,360,520,2.25,150,290,440,1.9333,130,180,310,1.3846,110,130,240,1.1818,100,110,210,1.1,120,69
890,230,690,250,500,750,2.0,180,380,560,2.1111,160,320,480,2.0,140,180,320,1.2857,120,140,260,1.1667,110,110,220,1.0,120,69
910,200,630,220,430,650,1.9545,150,310,460,2.0667,140,240,380,1.7143,120,170,290,1.4167,100,130,230,1.3,90,110,200,1.2222,120,69
940,280,620,170,470,640,2.7647,140,340,480,2.4286,140,270,410,1.9286,120,180,300,1.5,100,140,240,1.4,90,110,200,1.2222,119,69
880,320,620,200,460,660,2.3,170,310,480,1.8235,160,240,400,1.5,130,150,280,1.1538,110,110,220,1.0,80,90,170,1.125,120,69
900,260,680,180,690,870,3.8333,160,380,540,2.375,140,300,440,2.1429,120,180,300,1.5,110,140,250,1.2727,90,110,200,1.2222,120,69
900,220,560,180,400,580,2.2222,160,270,430,1.6875,140,240,380,1.7143,130,190,320,1.4615,100,140,240,1.4,90,120,210,1.3333,120,69
890,230,460,170,470,640,2.7647,150,330,480,2.2,140,250,390,1.7857,120,160,280,1.3333,100,120,220,1.2,90,110,200,1.2222,119,69
910,270,640,180,450,630,2.5,160,310,470,1.9375,150,240,390,1.6,120,160,280,1.3333,100,120,220,1.2,90,110,200,1.2222,119,68
910,270,560,180,440,620,2.4444,150,320,470,2.1333,150,250,400,1.6667,130,160,290,1.2308,110,120,230,1.0909,100,100,200,1.0,120,69
900,350,550,190,560,750,2.9474,170,380,550,2.2353,160,310,470,1.9375,130,170,300,1.3077,120,130,250,1.0833,100,100,200,1.0,120,69
900,200,620,220,430,650,1.9545,210,300,510,1.4286,170,250,420,1.4706,140,170,310,1.2143,120,130,250,1.0833,110,110,220,1.0,119,69
970,300,580,190,530,720,2.7895,160,370,530,2.3125,150,300,450,2.0,130,190,320,1.4615,110,140,250,1.2727,100,110,210,1.1,120,69
930,390,570,190,490,680,2.5789,160,350,510,2.1875,160,280,440,1.75,140,180,320,1.2857,110,130,240,1.1818,100,110,210,1.1,120,69
910,270,570,190,430,620,2.2632,160,300,460,1.875,140,230,370,1.6429,130,160,290,1.2308,110,120,230,1.0909,100,110,210,1.1,119,69
910,340,560,180,570,750,3.1667,160,400,560,2.5,150,320,470,2.1333,130,190,320,1.4615,110,130,240,1.1818,100,110,210,1.1,119,70
900,350,620,190,440,630,2.3158,160,310,470,1.9375,150,250,400,1.6667,120,160,280,1.3333,110,120,230,1.0909,90,100,190,1.1111,119,69
910,280,550,180,460,640,2.5556,140,350,490,2.5,140,270,410,1.9286,120,170,290,1.4167,110,120,230,1.0909,90,110,200,1.2222,119,69
910,360,560,180,570,750,3.1667,160,410,570,2.5625,150,330,480,2.2,130,190,320,1.4615,110,130,240,1.1818,100,110,210,1.1,119,69
900,350,670,200,490,690,2.45,170,330,500,1.9412,160,260,420,1.625,140,170,310,1.2143,120,120,240,1.0,110,100,210,0.90909,120,69
910,230,620,250,450,700,1.8,210,320,530,1.5238,180,270,450,1.5,150,180,330,1.2,120,140,260,1.1667,110,120,230,1.0909,120,69
900,290,600,170,500,670,2.9412,150,350,500,2.3333,140,270,410,1.9286,130,160,290,1.2308,110,120,230,1.0909,100,100,200,1.0,119,69
900,300,600,180,610,790,3.3889,150,420,570,2.8,150,350,500,2.3333,130,190,320,1.4615,110,130,240,1.1818,100,110,210,1.1,119,69
920,300,680,170,480,650,2.8235,140,350,490,2.5,130,280,410,2.1538,120,180,300,1.5,100,130,230,1.3,80,120,200,1.5,119,69
920,240,580,180,450,630,2.5,160,320,480,2.0,140,250,390,1.7857,130,170,300,1.3077,100,130,230,1.3,90,120,210,1.3333,120,69
880,340,670,200,680,880,3.4,180,380,560,2.1111,160,320,480,2.0,140,180,320,1.2857,120,130,250,1.0833,110,100,210,0.90909,121,69
920,210,730,230,490,720,2.1304,160,360,520,2.25,140,350,490,2.5,120,210,330,1.75,100,160,260,1.6,90,130,220,1.4444,120,69
910,190,560,210,430,640,2.0476,180,310,490,1.7222,170,250,420,1.4706,130,170,300,1.3077,110,120,230,1.0909,100,110,210,1.1,120,69
910,350,560,180,510,690,2.8333,150,360,510,2.4,140,290,430,2.0714,120,170,290,1.4167,100,120,220,1.2,90,100,190,1.1111,120,69
910,280,620,180,470,650,2.6111,150,330,480,2.2,150,270,420,1.8,120,170,290,1.4167,100,120,220,1.2,100,110,210,1.1,120,69
910,290,600,170,490,660,2.8824,150,330,480,2.2,140,260,400,1.8571,130,160,290,1.2308,100,120,220,1.2,90,110,200,1.2222,121,69
900,310,670,180,490,670,2.7222,160,340,500,2.125,150,280,430,1.8667,130,180,310,1.3846,110,150,260,1.3636,100,110,210,1.1,121,70
920,230,690,250,480,730,1.92,250,350,600,1.4,180,280,460,1.5556,140,180,320,1.2857,110,140,250,1.2727,100,130,230,1.3,121,70
900,230,570,180,420,600,2.3333,150,290,440,1.9333,140,230,370,1.6429,120,150,270,1.25,100,120,220,1.2,100,100,200,1.0,120,69
910,340,610,180,460,640,2.5556,160,340,500,2.125,140,260,400,1.8571,120,160,280,1.3333,100,120,220,1.2,90,100,190,1.1111,120,69
910,300,620,190,490,680,2.5789,160,340,500,2.125,150,260,410,1.7333,130,160,290,1.2308,110,120,230,1.0909,100,100,200,1.0,120,69
910,290,680,190,690,880,3.6316,160,370,530,2.3125,150,290,440,1.9333,130,180,310,1.3846,110,130,240,1.1818,100,110,210,1.1,121,69
900,230,690,180,430,610,2.3889,160,310,470,1.9375,150,250,400,1.6667,130,170,300,1.3077,120,130,250,1.0833,100,100,200,1.0,121,69
900,210,700,230,420,650,1.8261,210,300,510,1.4286,170,250,420,1.4706,150,170,320,1.1333,130,130,260,1.0,110,110,220,1.0,120,69
910,200,700,170,490,660,2.8824,140,330,470,2.3571,130,260,390,2.0,120,160,280,1.3333,100,120,220,1.2,90,100,190,1.1111,120,69
910,200,700,170,470,640,2.7647,150,330,480,2.2,140,270,410,1.9286,120,160,280,1.3333,100,120,220,1.2,90,110,200,1.2222,120,69
890,210,680,180,450,630,2.5,160,340,500,2.125,150,270,420,1.8,130,160,290,1.2308,110,130,240,1.1818,100,100,200,1.0,120,69
900,210,680,170,500,670,2.9412,150,350,500,2.3333,150,280,430,1.8667,120,180,300,1.5,100,140,240,1.4,90,110,200,1.2222,121,70
900,220,690,210,510,720,2.4286,170,380,550,2.2353,160,300,460,1.875,130,180,310,1.3846,110,140,250,1.2727,100,120,220,1.2,121,70
890,210,690,180,430,610,2.3889,150,300,450,2.0,150,230,380,1.5333,120,160,280,1.3333,100,130,230,1.3,90,110,200,1.2222,120,70
920,200,700,160,540,700,3.375,140,340,480,2.4286,130,270,400,2.0769,110,170,280,1.5455,90,130,220,1.4444,80,100,180,1.25,120,69
900,220,680,170,640,810,3.7647,160,350,510,2.1875,130,290,420,2.2308,120,170,290,1.4167,90,120,210,1.3333,70,100,170,1.4286,120,69
900,220,690,170,480,650,2.8235,160,330,490,2.0625,150,260,410,1.7333,130,170,300,1.3077,110,120,230,1.0909,90,100,190,1.1111,120,69
920,210,700,180,440,620,2.4444,150,300,450,2.0,150,240,390,1.6,120,170,290,1.4167,110,130,240,1.1818,90,110,200,1.2222,121,70
900,220,630,190,470,660,2.4737,170,320,490,1.8824,150,270,420,1.8,140,170,310,1.2143,110,120,230,1.0909,110,110,220,1.0,121,70
910,270,700,290,460,750,1.5862,180,340,520,1.8889,170,290,460,1.7059,140,190,330,1.3571,120,140,260,1.1667,100,120,220,1.2,121,70
900,210,700,170,560,730,3.2941,150,340,490,2.2667,140,260,400,1.8571,120,160,280,1.3333,110,120,230,1.0909,90,100,190,1.1111,121,70
940,350,730,180,460,640,2.5556,160,340,500,2.125,150,280,430,1.8667,130,180,310,1.3846,110,140,250,1.2727,90,110,200,1.2222,122,70
920,210,640,230,440,670,1.913,230,330,560,1.4348,180,270,450,1.5,150,180,330,1.2,130,130,260,1.0,110,110,220,1.0,122,70
910,280,620,170,540,710,3.1765,150,370,520,2.4667,140,300,440,2.1429,130,170,300,1.3077,110,120,230,1.0909,90,100,190,1.1111,122,70
910,290,410,180,420,600,2.3333,160,340,500,2.125,150,270,420,1.8,120,170,290,1.4167,110,120,230,1.0909,90,100,190,1.1111,121,70
910,220,690,180,650,830,3.6111,150,370,520,2.4667,140,300,440,2.1429,130,170,300,1.3077,110,130,240,1.1818,90,120,210,1.3333,121,68
920,220,570,180,480,660,2.6667,160,350,510,2.1875,150,290,440,1.9333,130,180,310,1.3846,110,130,240,1.1818,90,110,200,1.2222,121,69
910,350,610,180,510,690,2.8333,160,370,530,2.3125,140,300,440,2.1429,130,170,300,1.3077,110,130,240,1.1818,100,100,200,1.0,119,68
900,300,600,190,590,780,3.1053,160,420,580,2.625,150,360,510,2.4,130,160,290,1.2308,120,110,230,0.91667,100,100,200,1.0,119,68
910,300,630,180,470,650,2.6111,150,350,500,2.3333,150,280,430,1.8667,130,170,300,1.3077,100,120,220,1.2,100,110,210,1.1,120,68
900,280,610,190,470,660,2.4737,160,390,550,2.4375,150,320,470,2.1333,130,180,310,1.3846,110,130,240,1.1818,100,110,210,1.1,120,68
900,290,680,200,470,670,2.35,160,340,500,2.125,160,270,430,1.6875,140,180,320,1.2857,110,130,240,1.1818,110,100,210,0.90909,121,69
910,220,680,240,450,690,1.875,200,330,530,1.65,170,270,440,1.5882,140,180,320,1.2857,120,140,260,1.1667,110,120,230,1.0909,121,69
910,230,610,200,620,820,3.1,160,380,540,2.375,160,300,460,1.875,130,180,310,1.3846,120,120,240,1.0,100,100,200,1.0,120,69
940,300,600,180,610,790,3.3889,150,390,540,2.6,150,300,450,2.0,130,170,300,1.3077,110,120,230,1.0909,90,100,190,1.1111,120,69
930,200,690,170,460,630,2.7059,150,320,470,2.1333,140,250,390,1.7857,120,170,290,1.4167,90,140,230,1.5556,80,120,200,1.5,121,69
910,240,680,260,450,710,1.7308,180,310,490,1.7222,170,260,430,1.5294,140,200,340,1.4286,130,130,260,1.0,110,110,220,1.0,122,70
900,230,690,200,500,700,2.5,170,360,530,2.1176,170,290,460,1.7059,140,180,320,1.2857,120,130,250,1.0833,110,100,210,0.90909,121,70
900,210,700,190,480,670,2.5263,160,320,480,2.0,150,260,410,1.7333,130,170,300,1.3077,110,130,240,1.1818,100,110,210,1.1,121,70
920,190,620,170,630,800,3.7059,150,430,580,2.8667,140,360,500,2.5714,120,190,310,1.5833,100,130,230,1.3,90,110,200,1.2222,121,70
900,290,560,190,570,760,3.0,170,390,560,2.2941,160,320,480,2.0,130,170,300,1.3077,120,130,250,1.0833,100,110,210,1.1,123,71
910,230,690,250,480,730,1.92,200,370,570,1.85,180,310,490,1.7222,150,200,350,1.3333,130,150,280,1.1538,110,120,230,1.0909,123,71
920,220,580,170,440,610,2.5882,150,310,460,2.0667,140,240,380,1.7143,130,160,290,1.2308,100,120,220,1.2,100,100,200,1.0,123,71
910,340,630,190,500,690,2.6316,170,350,520,2.0588,160,290,450,1.8125,140,160,300,1.1429,110,120,230,1.0909,100,90,190,0.9,123,71
910,280,620,190,450,640,2.3684,160,330,490,2.0625,150,260,410,1.7333,130,160,290,1.2308,110,120,230,1.0909,100,100,200,1.0,123,71
910,290,630,190,440,630,2.3158,160,320,480,2.0,150,240,390,1.6,130,150,280,1.1538,110,120,230,1.0909,100,100,200,1.0,124,71
890,190,700,190,430,620,2.2632,170,310,480,1.8235,160,260,420,1.625,140,160,300,1.1429,120,120,240,1.0,100,100,200,1.0,124,72
920,190,600,210,450,660,2.1429,210,330,540,1.5714,160,260,420,1.625,140,180,320,1.2857,110,140,250,1.2727,100,120,220,1.2,124,72
920,340,650,180,460,640,2.5556,160,330,490,2.0625,140,250,390,1.7857,130,160,290,1.2308,110,120,230,1.0909,90,100,190,1.1111,124,71
920,270,630,190,460,650,2.4211,170,360,530,2.1176,150,300,450,2.0,130,170,300,1.3077,120,120,240,1.0,100,100,200,1.0,124,71
910,290,680,190,680,870,3.5789,160,360,520,2.25,160,300,460,1.875,130,170,300,1.3077,120,120,240,1.0,100,100,200,1.0,124,71
900,230,690,190,460,650,2.4211,160,370,530,2.3125,150,310,460,2.0667,140,180,320,1.2857,110,130,240,1.1818,100,100,200,1.0,125,71
930,210,690,230,520,750,2.2609,170,390,560,2.2941,160,340,500,2.125,130,210,340,1.6154,120,150,270,1.25,100,130,230,1.3,124,71
910,240,610,200,430,630,2.15,170,310,480,1.8235,150,240,390,1.6,130,150,280,1.1538,110,110,220,1.0,100,100,200,1.0,123,71
910,300,650,210,660,870,3.1429,170,420,590,2.4706,150,350,500,2.3333,130,200,330,1.5385,110,130,240,1.1818,90,110,200,1.2222,123,71
930,260,640,180,460,640,2.5556,160,330,490,2.0625,150,270,420,1.8,130,160,290,1.2308,110,120,230,1.0909,100,100,200,1.0,123,71
900,290,560,190,440,630,2.3158,170,310,480,1.8235,160,250,410,1.5625,130,160,290,1.2308,110,110,220,1.0,90,90,180,1.0,124,71
900,340,680,190,550,740,2.8947,160,350,510,2.1875,160,290,450,1.8125,130,180,310,1.3846,110,130,240,1.1818,100,100,200,1.0,124,71
910,220,590,180,410,590,2.2778,160,260,420,1.625,150,230,380,1.5333,130,190,320,1.4615,90,140,230,1.5556,90,120,210,1.3333,124,71
910,260,430,170,440,610,2.5882,150,340,490,2.2667,140,280,420,2.0,120,160,280,1.3333,100,120,220,1.2,90,110,200,1.2222,123,71
910,250,700,170,470,640,2.7647,150,350,500,2.3333,140,280,420,2.0,120,170,290,1.4167,100,130,230,1.3,90,100,190,1.1111,122,70
910,210,560,180,480,660,2.6667,160,340,500,2.125,150,270,420,1.8,120,170,290,1.4167,110,130,240,1.1818,90,110,200,1.2222,122,70
900,350,680,190,690,880,3.6316,170,400,570,2.3529,160,320,480,2.0,140,190,330,1.3571,120,130,250,1.0833,100,110,210,1.1,123,71
900,200,560,220,430,650,1.9545,190,310,500,1.6316,170,250,420,1.4706,130,170,300,1.3077,120,130,250,1.0833,100,110,210,1.1,122,70
900,260,620,180,470,650,2.6111,160,330,490,2.0625,140,280,420,2.0,130,160,290,1.2308,110,110,220,1.0,100,100,200,1.0,122,70
910,280,640,190,510,700,2.6842,160,380,540,2.375,140,320,460,2.2857,120,190,310,1.5833,110,130,240,1.1818,90,110,200,1.2222,122,70
910,270,690,180,700,880,3.8889,150,390,540,2.6,150,320,470,2.1333,130,180,310,1.3846,110,130,240,1.1818,100,100,200,1.0,122,70
910,220,680,190,480,670,2.5263,170,340,510,2.0,150,270,420,1.8,140,180,320,1.2857,120,130,250,1.0833,110,110,220,1.0,123,71
900,230,680,250,480,730,1.92,250,360,610,1.44,190,300,490,1.5789,150,200,350,1.3333,130,140,270,1.0769,120,120,240,1.0,123,71
910,220,600,170,440,610,2.5882,150,310,460,2.0667,140,240,380,1.7143,120,160,280,1.3333,110,120,230,1.0909,90,100,190,1.1111,123,71
900,310,590,180,600,780,3.3333,160,440,600,2.75,140,350,490,2.5,130,200,330,1.5385,110,130,240,1.1818,100,110,210,1.1,123,71
930,310,580,170,460,630,2.7059,150,340,490,2.2667,140,250,390,1.7857,120,170,290,1.4167,100,130,230,1.3,80,110,190,1.375,123,71
900,350,560,210,450,660,2.1429,170,340,510,2.0,170,290,460,1.7059,140,170,310,1.2143,120,130,250,1.0833,110,100,210,0.90909,124,71
920,340,560,190,570,760,3.0,160,390,550,2.4375,160,310,470,1.9375,130,190,320,1.4615,110,130,240,1.1818,100,110,210,1.1,125,71
900,360,680,200,430,630,2.15,170,310,480,1.8235,150,270,420,1.8,140,170,310,1.2143,120,120,240,1.0,110,110,220,1.0,125,71
920,220,680,240,450,690,1.875,210,320,530,1.5238,170,260,430,1.5294,140,180,320,1.2857,130,130,260,1.0,110,110,220,1.0,125,71
920,210,590,180,600,780,3.3333,160,380,540,2.375,150,310,460,2.0667,120,170,290,1.4167,100,130,230,1.3,90,110,200,1.2222,124,71
920,330,640,180,440,620,2.4444,160,320,480,2.0,150,250,400,1.6667,120,160,280,1.3333,100,120,220,1.2,90,100,190,1.1111,124,71
920,280,550,190,410,600,2.1579,160,280,440,1.75,160,220,380,1.375,130,140,270,1.0769,110,120,230,1.0909,100,90,190,0.9,124,71
910,370,690,200,500,700,2.5,170,350,520,2.0588,160,300,460,1.875,130,180,310,1.3846,120,130,250,1.0833,100,100,200,1.0,124,71
900,220,700,240,490,730,2.0417,200,360,560,1.8,180,300,480,1.6667,150,230,380,1.5333,120,140,260,1.1667,110,120,230,1.0909,124,71
920,200,620,170,440,610,2.5882,140,320,460,2.2857,130,260,390,2.0,120,170,290,1.4167,90,130,220,1.4444,90,110,200,1.2222,123,71
920,300,480,170,490,660,2.8824,150,370,520,2.4667,130,290,420,2.2308,120,170,290,1.4167,100,120,220,1.2,80,110,190,1.375,123,70
920,270,720,180,450,630,2.5,160,330,490,2.0625,150,250,400,1.6667,130,160,290,1.2308,110,130,240,1.1818,90,100,190,1.1111,123,70
910,200,540,180,470,650,2.6111,170,330,500,1.9412,150,250,400,1.6667,130,150,280,1.1538,120,120,240,1.0,100,120,220,1.2,123,70
890,370,680,190,450,640,2.3684,170,320,490,1.8824,160,270,430,1.6875,140,170,310,1.2143,110,120,230,1.0909,110,100,210,0.90909,123,70
910,210,640,230,430,660,1.8696,230,310,540,1.3478,170,250,420,1.4706,140,170,310,1.2143,120,120,240,1.0,100,100,200,1.0,122,70
910,270,600,160,470,630,2.9375,150,330,480,2.2,140,260,400,1.8571,120,160,280,1.3333,100,120,220,1.2,90,110,200,1.2222,122,70
920,300,600,180,450,630,2.5,150,330,480,2.2,140,270,410,1.9286,130,170,300,1.3077,100,130,230,1.3,90,100,190,1.1111,122,70
920,320,570,190,480,670,2.5263,170,340,510,2.0,150,270,420,1.8,130,170,300,1.3077,110,130,240,1.1818,100,100,200,1.0,122,70
900,350,560,200,570,770,2.85,170,370,540,2.1765,160,300,460,1.875,140,180,320,1.2857,120,130,250,1.0833,100,100,200,1.0,123,71
920,340,730,240,530,770,2.2083,170,360,530,2.1176,160,290,450,1.8125,140,180,320,1.2857,120,140,260,1.1667,110,110,220,1.0,122,70
910,190,610,210,430,640,2.0476,180,310,490,1.7222,160,240,400,1.5,140,160,300,1.1429,110,120,230,1.0909,110,110,220,1.0,122,70
950,300,620,180,530,710,2.9444,150,370,520,2.4667,150,300,450,2.0,130,160,290,1.2308,100,110,210,1.1,100,100,200,1.0,122,70
870,330,570,220,580,800,2.6364,190,400,590,2.1053,180,330,510,1.8333,160,170,330,1.0625,130,100,230,0.76923,120,80,200,0.66667,122,70
920,300,590,170,450,620,2.6471,150,330,480,2.2,140,260,400,1.8571,120,160,280,1.3333,100,130,230,1.3,80,100,180,1.25,122,70
920,330,570,180,430,610,2.3889,160,310,470,1.9375,150,250,400,1.6667,120,180,300,1.5,110,130,240,1.1818,90,110,200,1.2222,123,70
900,350,550,200,440,640,2.2,170,310,480,1.8235,160,250,410,1.5625,140,160,300,1.1429,120,120,240,1.0,110,90,200,0.81818,123,70
910,210,610,180,450,630,2.5,150,320,470,2.1333,150,240,390,1.6,120,160,280,1.3333,100,120,220,1.2,100,110,210,1.1,122,70
910,300,620,170,490,660,2.8824,150,350,500,2.3333,140,290,430,2.0714,120,170,290,1.4167,100,130,230,1.3,90,100,190,1.1111,122,70
910,290,600,220,610,830,2.7727,160,390,550,2.4375,150,320,470,2.1333,130,180,310,1.3846,110,130,240,1.1818,100,100,200,1.0,121,70
900,310,580,180,450,630,2.5,150,320,470,2.1333,150,250,400,1.6667,130,160,290,1.2308,110,120,230,1.0909,90,100,190,1.1111,122,70
920,320,680,170,450,620,2.6471,150,300,450,2.0,140,240,380,1.7143,130,150,280,1.1538,100,100,200,1.0,90,80,170,0.88889,123,70
900,240,550,190,430,620,2.2632,170,320,490,1.8824,160,250,410,1.5625,140,170,310,1.2143,120,130,250,1.0833,100,100,200,1.0,123,71
910,340,630,180,500,680,2.7778,140,350,490,2.5,140,280,420,2.0,120,160,280,1.3333,100,120,220,1.2,90,100,190,1.1111,122,70
910,280,460,180,460,640,2.5556,160,330,490,2.0625,140,260,400,1.8571,130,160,290,1.2308,110,120,230,1.0909,90,100,190,1.1111,122,70
900,300,710,190,480,670,2.5263,150,320,470,2.1333,150,260,410,1.7333,130,170,300,1.3077,120,120,240,1.0,100,100,200,1.0,122,70
920,190,570,170,450,620,2.6471,150,320,470,2.1333,140,250,390,1.7857,130,160,290,1.2308,100,130,230,1.3,90,110,200,1.2222,123,71
890,310,570,170,490,660,2.8824,150,340,490,2.2667,140,280,420,2.0,130,160,290,1.2308,100,120,220,1.2,90,90,180,1.0,122,70
920,320,660,170,560,730,3.2941,150,400,550,2.6667,150,340,490,2.2667,120,160,280,1.3333,100,120,220,1.2,100,100,200,1.0,122,70
910,260,590,180,450,630,2.5,160,320,480,2.0,150,270,420,1.8,130,160,290,1.2308,110,120,230,1.0909,100,100,200,1.0,122,70
900,320,620,190,480,670,2.5263,170,370,540,2.1765,160,290,450,1.8125,130,170,300,1.3077,120,120,240,1.0,110,100,210,0.90909,123,70
890,280,590,190,450,640,2.3684,160,330,490,2.0625,150,270,420,1.8,130,180,310,1.3846,110,130,240,1.1818,100,110,210,1.1,123,70
910,280,610,200,620,820,3.1,170,420,590,2.4706,160,360,520,2.25,130,190,320,1.4615,110,120,230,1.0909,100,110,210,1.1,122,70
960,300,600,180,460,640,2.5556,160,330,490,2.0625,150,260,410,1.7333,130,150,280,1.1538,110,110,220,1.0,100,100,200,1.0,122,70
910,310,570,170,470,640,2.7647,150,330,480,2.2,140,270,410,1.9286,130,160,290,1.2308,100,130,230,1.3,90,110,200,1.2222,123,70
910,340,680,180,460,640,2.5556,160,310,470,1.9375,150,280,430,1.8667,130,190,320,1.4615,110,140,250,1.2727,90,120,210,1.3333,123,71
910,230,710,190,480,670,2.5263,170,350,520,2.0588,150,280,430,1.8667,140,180,320,1.2857,110,130,240,1.1818,100,110,210,1.1,123,71
910,200,490,220,400,620,1.8182,170,280,450,1.6471,160,230,390,1.4375,130,160,290,1.2308,110,120,230,1.0909,100,110,210,1.1,122,71
920,310,620,170,480,650,2.8235,150,340,490,2.2667,140,280,420,2.0,120,170,290,1.4167,100,120,220,1.2,90,100,190,1.1111,122,70
910,300,600,190,500,690,2.6316,170,350,520,2.0588,160,290,450,1.8125,120,170,290,1.4167,120,120,240,1.0,100,100,200,1.0,122,70
900,310,590,180,560,740,3.1111,160,360,520,2.25,150,300,450,2.0,130,180,310,1.3846,110,130,240,1.1818,90,100,190,1.1111,123,70
920,210,710,230,470,700,2.0435,190,360,550,1.8947,180,310,490,1.7222,150,190,340,1.2667,120,140,260,1.1667,110,110,220,1.0,122,70
910,210,590,180,510,690,2.8333,150,350,500,2.3333,150,270,420,1.8,130,150,280,1.1538,100,110,210,1.1,100,100,200,1.0,122,70
910,320,580,180,490,670,2.7222,150,350,500,2.3333,140,280,420,2.0,130,160,290,1.2308,100,120,220,1.2,90,90,180,1.0,121,70
910,330,600,180,470,650,2.6111,160,340,500,2.125,140,260,400,1.8571,120,170,290,1.4167,110,120,230,1.0909,90,100,190,1.1111,121,70
930,310,590,170,450,620,2.6471,150,320,470,2.1333,140,260,400,1.8571,120,170,290,1.4167,100,130,230,1.3,90,110,200,1.2222,122,70
910,340,700,190,670,860,3.5263,160,370,530,2.3125,160,300,460,1.875,140,170,310,1.2143,120,130,250,1.0833,100,100,200,1.0,122,70
900,210,700,190,430,620,2.2632,160,320,480,2.0,150,260,410,1.7333,130,170,300,1.3077,110,130,240,1.1818,100,110,210,1.1,122,70
920,200,640,220,450,670,2.0455,200,320,520,1.6,170,260,430,1.5294,130,180,310,1.3846,110,130,240,1.1818,100,120,220,1.2,121,70
910,310,620,170,470,640,2.7647,150,340,490,2.2667,140,270,410,1.9286,120,170,290,1.4167,100,130,230,1.3,80,100,180,1.25,121,70
910,290,620,190,470,660,2.4737,160,360,520,2.25,150,310,460,2.0667,120,180,300,1.5,110,130,240,1.1818,90,110,200,1.2222,122,70
910,290,570,180,580,760,3.2222,150,360,510,2.4,140,300,440,2.1429,130,180,310,1.3846,100,130,230,1.3,100,120,220,1.2,122,70
900,340,690,180,470,650,2.6111,160,370,530,2.3125,150,310,460,2.0667,130,190,320,1.4615,100,140,240,1.4,90,120,210,1.3333,123,71
910,210,690,230,510,740,2.2174,180,390,570,2.1667,160,340,500,2.125,140,230,370,1.6429,110,150,260,1.3636,100,130,230,1.3,123,71
910,220,580,180,430,610,2.3889,150,310,460,2.0667,140,250,390,1.7857,120,160,280,1.3333,100,130,230,1.3,90,110,200,1.2222,122,70
910,330,570,210,580,790,2.7619,170,410,580,2.4118,150,330,480,2.2,130,190,320,1.4615,110,130,240,1.1818,100,110,210,1.1,123,70
930,340,610,180,460,640,2.5556,160,330,490,2.0625,150,270,420,1.8,130,170,300,1.3077,110,120,230,1.0909,100,100,200,1.0,123,70
810,320,580,210,420,630,2.0,170,310,480,1.8235,170,250,420,1.4706,140,150,290,1.0714,130,100,230,0.76923,110,90,200,0.81818,123,71
900,330,570,200,400,600,2.0,160,280,440,1.75,150,260,410,1.7333,130,190,320,1.4615,120,140,260,1.1667,100,110,210,1.1,124,71
910,280,480,170,470,640,2.7647,150,340,490,2.2667,140,280,420,2.0,120,170,290,1.4167,100,130,230,1.3,90,100,190,1.1111,124,71
910,300,650,180,430,610,2.3889,150,320,470,2.1333,150,240,390,1.6,130,160,290,1.2308,110,120,230,1.0909,90,100,190,1.1111,123,71
900,260,590,170,440,610,2.5882,150,330,480,2.2,140,250,390,1.7857,130,160,290,1.2308,100,120,220,1.2,100,100,200,1.0,124,71
910,310,580,180,590,770,3.2778,160,370,530,2.3125,150,300,450,2.0,130,180,310,1.3846,110,140,250,1.2727,90,110,200,1.2222,125,71
910,200,560,220,420,640,1.9091,190,300,490,1.5789,170,230,400,1.3529,140,170,310,1.2143,120,130,250,1.0833,100,110,210,1.1,124,71
910,300,650,180,470,650,2.6111,150,330,480,2.2,140,270,410,1.9286,120,160,280,1.3333,110,110,220,1.0,100,100,200,1.0,124,71
910,260,610,190,510,700,2.6842,160,370,530,2.3125,130,300,430,2.3077,130,170,300,1.3077,110,120,230,1.0909,100,110,210,1.1,124,71
910,300,680,180,680,860,3.7778,160,350,510,2.1875,150,290,440,1.9333,130,170,300,1.3077,110,120,230,1.0909,100,100,200,1.0,124,71
910,230,570,190,480,670,2.5263,160,340,500,2.125,150,280,430,1.8667,140,170,310,1.2143,120,120,240,1.0,110,110,220,1.0,125,72
900,210,600,170,430,600,2.5294,150,300,450,2.0,140,230,370,1.6429,120,150,270,1.25,100,120,220,1.2,90,100,190,1.1111,124,72
910,300,600,180,610,790,3.3889,150,420,570,2.8,140,360,500,2.5714,120,190,310,1.5833,110,130,240,1.1818,90,110,200,1.2222,124,71
920,310,590,180,450,630,2.5,150,330,480,2.2,140,260,400,1.8571,130,170,300,1.3077,100,120,220,1.2,90,100,190,1.1111,124,71
910,330,560,190,440,630,2.3158,170,330,500,1.9412,160,260,420,1.625,130,160,290,1.2308,110,120,230,1.0909,100,100,200,1.0,125,71
900,350,650,190,660,850,3.4737,170,390,560,2.2941,160,320,480,2.0,130,180,310,1.3846,120,130,250,1.0833,100,100,200,1.0,125,72
900,250,580,180,450,630,2.5,160,330,490,2.0625,150,270,420,1.8,130,170,300,1.3077,110,130,240,1.1818,100,110,210,1.1,125,72
910,280,630,180,500,680,2.7778,160,350,510,2.1875,150,280,430,1.8667,110,160,270,1.4545,110,120,230,1.0909,90,100,190,1.1111,124,72
900,280,590,180,600,780,3.3333,150,400,550,2.6667,140,320,460,2.2857,130,180,310,1.3846,110,120,230,1.0909,100,100,200,1.0,124,71
910,310,610,180,460,640,2.5556,160,340,500,2.125,140,270,410,1.9286,120,170,290,1.4167,110,120,230,1.0909,90,100,190,1.1111,124,71
910,300,540,180,410,590,2.2778,150,300,450,2.0,150,250,400,1.6667,130,160,290,1.2308,110,120,230,1.0909,100,110,210,1.1,124,71
900,370,570,180,530,710,2.9444,170,360,530,2.1176,150,300,450,2.0,140,180,320,1.2857,120,130,250,1.0833,100,110,210,1.1,125,72
900,200,590,220,430,650,1.9545,160,310,470,1.9375,160,250,410,1.5625,130,170,300,1.3077,110,130,240,1.1818,90,110,200,1.2222,124,72
910,310,590,180,520,700,2.8889,140,370,510,2.6429,140,300,440,2.1429,120,170,290,1.4167,100,130,230,1.3,90,110,200,1.2222,124,71
910,320,580,180,460,640,2.5556,150,340,490,2.2667,140,280,420,2.0,120,170,290,1.4167,110,120,230,1.0909,90,110,200,1.2222,125,72
910,330,560,170,470,640,2.7647,160,330,490,2.0625,150,270,420,1.8,130,170,300,1.3077,110,130,240,1.1818,100,100,200,1.0,125,72
900,350,430,190,430,620,2.2632,170,330,500,1.9412,160,280,440,1.75,130,170,300,1.3077,120,130,250,1.0833,100,100,200,1.0,125,72
900,210,590,170,440,610,2.5882,150,320,470,2.1333,140,240,380,1.7143,130,160,290,1.2308,100,130,230,1.3,90,100,190,1.1111,124,72
910,310,380,170,390,560,2.2941,150,360,510,2.4,140,300,440,2.1429,120,170,290,1.4167,100,120,220,1.2,90,110,200,1.2222,124,71
910,290,670,180,460,640,2.5556,160,330,490,2.0625,140,270,410,1.9286,130,170,300,1.3077,110,120,230,1.0909,90,100,190,1.1111,125,72
900,240,550,190,560,750,2.9474,170,380,550,2.2353,160,310,470,1.9375,130,180,310,1.3846,120,130,250,1.0833,100,100,200,1.0,126,72
850,350,710,180,470,650,2.6111,160,340,500,2.125,150,280,430,1.8667,130,180,310,1.3846,110,130,240,1.1818,100,120,220,1.2,125,72
900,320,580,170,540,710,3.1765,150,370,520,2.4667,140,310,450,2.2143,120,160,280,1.3333,100,120,220,1.2,90,110,200,1.2222,125,72
900,250,550,190,440,630,2.3158,160,360,520,2.25,160,300,460,1.875,130,170,300,1.3077,110,120,230,1.0909,100,110,210,1.1,125,72
910,350,680,180,500,680,2.7778,160,360,520,2.25,150,300,450,2.0,130,190,320,1.4615,110,130,240,1.1818,90,110,200,1.2222,126,72
910,230,700,250,500,750,2.0,190,380,570,2.0,180,330,510,1.8333,150,190,340,1.2667,130,130,260,1.0,120,110,230,0.91667,126,72
900,210,600,230,420,650,1.8261,170,310,480,1.8235,160,240,400,1.5,130,160,290,1.2308,120,120,240,1.0,100,100,200,1.0,126,72
930,300,610,180,540,720,3.0,150,380,530,2.5333,140,300,440,2.1429,130,170,300,1.3077,100,130,230,1.3,90,100,190,1.1111,125,72
880,320,600,200,610,810,3.05,180,400,580,2.2222,160,320,480,2.0,140,190,330,1.3571,120,120,240,1.0,100,90,190,0.9,125,72
910,280,600,180,430,610,2.3889,160,320,480,2.0,150,250,400,1.6667,130,160,290,1.2308,110,120,230,1.0909,100,100,200,1.0,125,72
900,310,560,190,410,600,2.1579,170,290,460,1.7059,160,250,410,1.5625,130,180,310,1.3846,120,130,250,1.0833,110,100,210,0.90909,126,72
900,340,570,190,450,640,2.3684,160,320,480,2.0,160,270,430,1.6875,140,170,310,1.2143,110,120,230,1.0909,110,110,220,1.0,126,72
900,300,670,180,540,720,3.0,150,340,490,2.2667,150,280,430,1.8667,130,170,300,1.3077,110,130,240,1.1818,90,110,200,1.2222,125,72
900,230,600,170,480,650,2.8235,150,340,490,2.2667,140,280,420,2.0,130,170,300,1.3077,100,130,230,1.3,90,100,190,1.1111,125,72
910,300,600,180,610,790,3.3889,160,380,540,2.375,150,320,470,2.1333,130,190,320,1.4615,110,130,240,1.1818,90,110,200,1.2222,125,72
910,310,560,180,450,630,2.5,160,320,480,2.0,140,260,400,1.8571,130,160,290,1.2308,100,120,220,1.2,100,100,200,1.0,126,72
890,350,570,190,400,590,2.1053,170,250,420,1.4706,160,190,350,1.1875,130,130,260,1.0,110,90,200,0.81818,100,80,180,0.8,126,72
900,320,700,180,440,620,2.4444,160,320,480,2.0,150,260,410,1.7333,130,170,300,1.3077,100,140,240,1.4,100,120,220,1.2,126,72
910,200,580,220,410,630,1.8636,220,330,550,1.5,190,310,500,1.6316,150,180,330,1.2,120,140,260,1.1667,100,130,230,1.3,126,72
900,330,630,180,480,660,2.6667,150,340,490,2.2667,150,280,430,1.8667,120,160,280,1.3333,110,120,230,1.0909,90,100,190,1.1111,126,72
900,270,550,170,460,630,2.7059,160,330,490,2.0625,140,270,410,1.9286,130,170,300,1.3077,100,120,220,1.2,90,100,190,1.1111,126,72
910,330,560,180,520,700,2.8889,160,350,510,2.1875,150,290,440,1.9333,130,170,300,1.3077,110,130,240,1.1818,100,110,210,1.1,127,72
900,350,540,200,410,610,2.05,170,300,470,1.7647,160,260,420,1.625,140,160,300,1.1429,120,120,240,1.0,110,100,210,0.90909,127,73
890,210,550,190,410,600,2.1579,170,290,460,1.7059,150,200,350,1.3333,130,140,270,1.0769,120,110,230,0.91667,100,90,190,0.9,127,73
900,340,560,180,520,700,2.8889,150,360,510,2.4,150,300,450,2.0,120,170,290,1.4167,100,120,220,1.2,100,100,200,1.0,126,72
900,340,590,180,600,780,3.3333,160,340,500,2.125,140,270,410,1.9286,120,170,290,1.4167,100,120,220,1.2,90,100,190,1.1111,126,72
910,310,600,180,430,610,2.3889,150,320,470,2.1333,140,260,400,1.8571,130,160,290,1.2308,110,120,230,1.0909,100,110,210,1.1,127,73
900,310,680,190,650,840,3.4211,170,370,540,2.1765,160,300,460,1.875,130,180,310,1.3846,120,130,250,1.0833,100,100,200,1.0,128,73
900,220,540,190,440,630,2.3158,160,330,490,2.0625,160,260,420,1.625,130,160,290,1.2308,120,120,240,1.0,100,110,210,1.1,127,73
910,260,600,160,610,770,3.8125,140,400,540,2.8571,130,320,450,2.4615,110,190,300,1.7273,100,140,240,1.4,90,110,200,1.2222,127,73
900,310,620,180,480,660,2.6667,150,350,500,2.3333,130,290,420,2.2308,120,170,290,1.4167,100,120,220,1.2,90,100,190,1.1111,127,73
890,280,610,170,450,620,2.6471,150,340,490,2.2667,150,300,450,2.0,130,150,280,1.1538,110,110,220,1.0,100,100,200,1.0,127,73
900,280,570,180,450,630,2.5,160,320,480,2.0,150,260,410,1.7333,130,170,300,1.3077,110,120,230,1.0909,90,100,190,1.1111,127,73
900,330,550,180,480,660,2.6667,160,370,530,2.3125,150,310,460,2.0667,130,190,320,1.4615,110,130,240,1.1818,100,110,210,1.1,128,73
890,350,690,190,460,650,2.4211,170,330,500,1.9412,160,270,430,1.6875,140,180,320,1.2857,120,130,250,1.0833,100,100,200,1.0,128,73
890,200,660,220,420,640,1.9091,190,310,500,1.6316,170,250,420,1.4706,140,160,300,1.1429,120,130,250,1.0833,110,110,220,1.0,127,73
900,290,610,170,470,640,2.7647,150,340,490,2.2667,140,280,420,2.0,130,170,300,1.3077,100,130,230,1.3,90,100,190,1.1111,127,73
900,290,600,170,450,620,2.6471,150,350,500,2.3333,140,290,430,2.0714,120,190,310,1.5833,100,150,250,1.5,90,130,220,1.4444,127,73
900,300,550,170,500,670,2.9412,150,340,490,2.2667,140,270,410,1.9286,120,170,290,1.4167,100,130,230,1.3,80,100,180,1.25,128,73
920,350,550,190,400,590,2.1053,160,320,480,2.0,140,290,430,2.0714,130,180,310,1.3846,110,140,250,1.2727,90,120,210,1.3333,128,73
900,230,530,180,410,590,2.2778,160,300,460,1.875,150,230,380,1.5333,130,150,280,1.1538,110,120,230,1.0909,100,90,190,0.9,127,73
900,370,630,230,640,870,2.7826,160,400,560,2.5,150,330,480,2.2,130,180,310,1.3846,110,130,240,1.1818,100,110,210,1.1,126,73
910,270,570,170,460,630,2.7059,150,330,480,2.2,140,270,410,1.9286,120,170,290,1.4167,100,120,220,1.2,90,100,190,1.1111,127,73
910,340,570,170,470,640,2.7647,150,330,480,2.2,140,270,410,1.9286,120,160,280,1.3333,110,120,230,1.0909,90,100,190,1.1111,127,73
910,340,540,190,550,740,2.8947,160,390,550,2.4375,160,310,470,1.9375,130,170,300,1.3077,110,120,230,1.0909,100,100,200,1.0,127,73
900,370,540,200,390,590,1.95,180,260,440,1.4444,160,200,360,1.25,140,130,270,0.92857,120,120,240,1.0,110,110,220,1.0,127,73
900,280,590,170,600,770,3.5294,160,410,570,2.5625,140,270,410,1.9286,120,160,280,1.3333,110,120,230,1.0909,90,100,190,1.1111,126,73
920,310,590,170,490,660,2.8824,140,360,500,2.5714,140,300,440,2.1429,120,170,290,1.4167,100,120,220,1.2,90,110,200,1.2222,126,72
910,330,600,190,480,670,2.5263,160,350,510,2.1875,150,280,430,1.8667,130,160,290,1.2308,110,130,240,1.1818,90,100,190,1.1111,126,72
920,310,570,180,450,630,2.5,160,330,490,2.0625,150,260,410,1.7333,130,170,300,1.3077,110,130,240,1.1818,100,100,200,1.0,126,72
900,350,660,200,670,870,3.35,170,370,540,2.1765,160,300,460,1.875,150,190,340,1.2667,120,130,250,1.0833,110,100,210,0.90909,127,73
900,240,700,260,480,740,1.8462,190,360,550,1.8947,180,290,470,1.6111,150,170,320,1.1333,140,130,270,0.92857,110,110,220,1.0,127,73
900,200,560,220,420,640,1.9091,180,300,480,1.6667,170,230,400,1.3529,130,160,290,1.2308,120,130,250,1.0833,100,110,210,1.1,127,73
910,340,560,180,570,750,3.1667,150,440,590,2.9333,140,360,500,2.5714,120,200,320,1.6667,110,120,230,1.0909,90,110,200,1.2222,126,72
920,350,640,170,450,620,2.6471,150,330,480,2.2,140,270,410,1.9286,130,160,290,1.2308,100,120,220,1.2,90,100,190,1.1111,126,72
900,280,610,200,450,650,2.25,170,340,510,2.0,160,280,440,1.75,140,170,310,1.2143,120,120,240,1.0,100,90,190,0.9,127,72
900,290,550,180,560,740,3.1111,160,360,520,2.25,150,290,440,1.9333,120,170,290,1.4167,110,120,230,1.0909,100,100,200,1.0,127,72
920,350,690,180,490,670,2.7222,160,350,510,2.1875,150,290,440,1.9333,130,180,310,1.3846,110,130,240,1.1818,100,110,210,1.1,127,73
900,230,690,250,460,710,1.84,190,360,550,1.8947,170,300,470,1.7647,150,200,350,1.3333,130,140,270,1.0769,110,120,230,1.0909,128,73
900,210,600,170,430,600,2.5294,150,300,450,2.0,140,240,380,1.7143,120,150,270,1.25,110,120,230,1.0909,90,100,190,1.1111,126,73
900,230,590,180,460,640,2.5556,160,340,500,2.125,150,260,410,1.7333,130,160,290,1.2308,110,120,230,1.0909,90,100,190,1.1111,126,72
920,310,580,180,450,630,2.5,150,350,500,2.3333,140,290,430,2.0714,130,180,310,1.3846,100,130,230,1.3,90,110,200,1.2222,127,72
900,340,670,190,680,870,3.5789,170,370,540,2.1765,160,300,460,1.875,140,170,310,1.2143,120,120,240,1.0,100,100,200,1.0,128,73
900,230,690,190,420,610,2.2105,160,330,490,2.0625,160,280,440,1.75,130,180,310,1.3846,120,130,250,1.0833,100,110,210,1.1,128,73
900,210,660,230,440,670,1.913,220,320,540,1.4545,180,260,440,1.4444,140,170,310,1.2143,120,130,250,1.0833,100,120,220,1.2,127,73
910,240,570,170,490,660,2.8824,150,350,500,2.3333,140,290,430,2.0714,120,170,290,1.4167,100,120,220,1.2,90,100,190,1.1111,127,73
900,340,650,260,660,920,2.5385,170,430,600,2.5294,160,340,500,2.125,140,200,340,1.4286,110,130,240,1.1818,100,110,210,1.1,127,73
910,250,630,170,450,620,2.6471,150,330,480,2.2,140,270,410,1.9286,130,160,290,1.2308,100,130,230,1.3,90,100,190,1.1111,127,73
900,280,540,190,420,610,2.2105,170,300,470,1.7647,150,240,390,1.6,130,150,280,1.1538,110,110,220,1.0,100,100,200,1.0,128,73
900,360,670,190,540,730,2.8421,160,350,510,2.1875,150,290,440,1.9333,140,180,320,1.2857,110,120,230,1.0909,110,110,220,1.0,128,73
900,230,700,250,490,740,1.96,200,350,550,1.75,180,280,460,1.5556,150,220,370,1.4667,120,140,260,1.1667,120,110,230,0.91667,128,73
910,200,620,220,430,650,1.9545,160,320,480,2.0,150,260,410,1.7333,130,170,300,1.3077,100,130,230,1.3,100,110,210,1.1,127,73
910,290,460,170,470,640,2.7647,150,370,520,2.4667,150,290,440,1.9333,130,160,290,1.2308,110,120,230,1.0909,90,90,180,1.0,127,73
910,240,710,180,470,650,2.6111,160,330,490,2.0625,150,270,420,1.8,130,160,290,1.2308,100,120,220,1.2,100,100,200,1.0,128,74
880,200,550,170,490,660,2.8824,160,330,490,2.0625,150,270,420,1.8,130,170,300,1.3077,110,120,230,1.0909,100,100,200,1.0,129,74
910,330,700,170,480,650,2.8235,150,350,500,2.3333,140,290,430,2.0714,120,190,310,1.5833,100,150,250,1.5,90,130,220,1.4444,129,74
870,210,690,230,450,680,1.9565,190,320,510,1.6842,160,260,420,1.625,140,170,310,1.2143,120,120,240,1.0,100,100,200,1.0,128,74
900,320,680,180,690,870,3.8333,160,440,600,2.75,150,370,520,2.4667,130,170,300,1.3077,110,120,230,1.0909,90,100,190,1.1111,128,73
900,220,680,180,450,630,2.5,150,310,460,2.0667,150,250,400,1.6667,120,160,280,1.3333,110,120,230,1.0909,90,110,200,1.2222,128,73
910,220,680,170,540,710,3.1765,160,350,510,2.1875,140,280,420,2.0,130,170,300,1.3077,100,120,220,1.2,90,110,200,1.2222,128,74
830,230,560,180,460,640,2.5556,170,330,500,1.9412,160,250,410,1.5625,130,160,290,1.2308,110,120,230,1.0909,100,100,200,1.0,129,74
890,210,660,230,450,680,1.9565,230,310,540,1.3478,200,260,460,1.3,160,170,330,1.0625,120,130,250,1.0833,110,110,220,1.0,128,74
900,230,670,180,460,640,2.5556,150,320,470,2.1333,140,260,400,1.8571,120,160,280,1.3333,100,120,220,1.2,100,100,200,1.0,128,74
910,230,660,170,450,620,2.6471,160,320,480,2.0,140,260,400,1.8571,130,160,290,1.2308,100,130,230,1.3,100,100,200,1.0,129,74
900,250,600,190,460,650,2.4211,170,340,510,2.0,160,280,440,1.75,130,170,300,1.3077,120,120,240,1.0,100,100,200,1.0,129,74
900,300,670,190,490,680,2.5789,170,340,510,2.0,160,280,440,1.75,140,180,320,1.2857,120,120,240,1.0,110,110,220,1.0,129,74
900,230,690,250,540,790,2.16,190,400,590,2.1053,170,340,510,2.0,150,200,350,1.3333,130,130,260,1.0,110,110,220,1.0,130,74
900,210,640,200,410,610,2.05,170,300,470,1.7647,150,240,390,1.6,130,160,290,1.2308,110,120,230,1.0909,100,100,200,1.0,130,74
910,260,650,170,490,660,2.8824,150,340,490,2.2667,140,270,410,1.9286,130,160,290,1.2308,100,120,220,1.2,90,100,190,1.1111,129,74
900,260,630,180,640,820,3.5556,150,380,530,2.5333,140,310,450,2.2143,120,170,290,1.4167,90,110,200,1.2222,80,100,180,1.25,129,74
910,270,630,180,430,610,2.3889,160,310,470,1.9375,150,250,400,1.6667,130,160,290,1.2308,110,120,230,1.0909,100,90,190,0.9,129,74
920,280,610,190,500,690,2.6316,170,340,510,2.0,160,260,420,1.625,130,180,310,1.3846,120,130,250,1.0833,100,100,200,1.0,130,74
900,310,530,200,450,650,2.25,180,330,510,1.8333,170,260,430,1.5294,150,170,320,1.1333,130,120,250,0.92308,120,100,220,0.8333299999999999,130,74
900,190,700,190,480,670,2.5263,150,350,500,2.3333,150,270,420,1.8,120,160,280,1.3333,110,120,230,1.0909,90,100,190,1.1111,130,74
910,200,680,170,450,620,2.6471,140,310,450,2.2143,140,250,390,1.7857,120,160,280,1.3333,90,130,220,1.4444,90,100,190,1.1111,129,74
910,230,700,160,470,630,2.9375,150,330,480,2.2,130,250,380,1.9231,120,160,280,1.3333,100,130,230,1.3,80,100,180,1.25,129,74
900,210,680,170,370,540,2.1765,150,260,410,1.7333,140,210,350,1.5,120,150,270,1.25,100,120,220,1.2,90,100,190,1.1111,129,74
920,220,690,170,460,630,2.7059,150,330,480,2.2,140,270,410,1.9286,130,170,300,1.3077,100,120,220,1.2,90,110,200,1.2222,130,74
900,230,700,210,520,730,2.4762,170,370,540,2.1765,170,300,470,1.7647,140,190,330,1.3571,120,130,250,1.0833,110,110,220,1.0,130,74
900,200,650,180,660,840,3.6667,150,340,490,2.2667,150,210,360,1.4,130,140,270,1.0769,110,110,220,1.0,100,100,200,1.0,129,74
890,250,650,180,450,630,2.5,160,330,490,2.0625,150,280,430,1.8667,130,170,300,1.3077,110,120,230,1.0909,100,100,200,1.0,129,74
910,200,700,180,440,620,2.4444,160,300,460,1.875,130,250,380,1.9231,130,160,290,1.2308,110,120,230,1.0909,100,100,200,1.0,129,74
910,210,690,180,470,650,2.6111,160,330,490,2.0625,140,250,390,1.7857,120,150,270,1.25,110,120,230,1.0909,100,100,200,1.0,129,74
900,220,690,220,450,670,2.0455,160,300,460,1.875,150,240,390,1.6,130,160,290,1.2308,120,120,240,1.0,100,100,200,1.0,130,74
890,210,720,230,570,800,2.4783,160,390,550,2.4375,150,320,470,2.1333,130,190,320,1.4615,110,140,250,1.2727,90,120,210,1.3333,129,74
940,170,580,190,410,600,2.1579,150,240,390,1.6,140,200,340,1.4286,110,160,270,1.4545,90,120,210,1.3333,80,110,190,1.375,129,74
910,330,670,180,470,650,2.6111,160,330,490,2.0625,150,270,420,1.8,130,160,290,1.2308,100,120,220,1.2,100,110,210,1.1,129,74
920,240,570,260,530,790,2.0385,180,450,630,2.5,170,350,520,2.0588,140,200,340,1.4286,120,130,250,1.0833,100,110,210,1.1,129,74
900,350,640,200,520,720,2.6,170,340,510,2.0,160,280,440,1.75,140,170,310,1.2143,120,120,240,1.0,100,100,200,1.0,128,74
900,260,640,280,440,720,1.5714,200,320,520,1.6,180,270,450,1.5,150,180,330,1.2,130,130,260,1.0,110,110,220,1.0,128,73
900,260,540,180,550,730,3.0556,160,370,530,2.3125,150,310,460,2.0667,130,170,300,1.3077,110,130,240,1.1818,100,100,200,1.0,128,73
900,360,620,190,450,640,2.3684,160,330,490,2.0625,150,270,420,1.8,130,160,290,1.2308,110,110,220,1.0,100,100,200,1.0,127,73
910,280,620,190,440,630,2.3158,170,330,500,1.9412,150,290,440,1.9333,130,180,310,1.3846,110,130,240,1.1818,100,120,220,1.2,127,73
890,290,530,190,470,660,2.4737,160,330,490,2.0625,160,270,430,1.6875,140,170,310,1.2143,120,120,240,1.0,110,100,210,0.90909,128,73
890,360,540,200,430,630,2.15,170,340,510,2.0,160,290,450,1.8125,130,170,300,1.3077,120,130,250,1.0833,100,100,200,1.0,129,73
900,350,690,190,480,670,2.5263,170,330,500,1.9412,150,280,430,1.8667,140,180,320,1.2857,120,130,250,1.0833,110,110,220,1.0,128,73
890,210,580,230,440,670,1.913,200,320,520,1.6,170,260,430,1.5294,140,170,310,1.2143,130,130,260,1.0,110,110,220,1.0,128,73
900,310,630,200,640,840,3.2,160,420,580,2.625,140,360,500,2.5714,130,190,320,1.4615,100,120,220,1.2,90,110,200,1.2222,128,73
900,270,610,180,460,640,2.5556,150,330,480,2.2,150,270,420,1.8,130,160,290,1.2308,110,110,220,1.0,100,100,200,1.0,128,73
900,370,610,210,410,620,1.9524,180,270,450,1.5,160,220,380,1.375,140,190,330,1.3571,120,130,250,1.0833,100,110,210,1.1,129,74
900,210,570,190,400,590,2.1053,160,290,450,1.8125,150,240,390,1.6,140,160,300,1.1429,110,120,230,1.0909,100,100,200,1.0,129,74
900,330,670,180,480,660,2.6667,160,350,510,2.1875,150,280,430,1.8667,130,160,290,1.2308,110,110,220,1.0,100,100,200,1.0,129,74
910,230,620,170,460,630,2.7059,150,340,490,2.2667,140,290,430,2.0714,130,160,290,1.2308,110,120,230,1.0909,100,100,200,1.0,129,74
900,290,600,200,510,710,2.55,170,360,530,2.1176,160,290,450,1.8125,130,180,310,1.3846,120,120,240,1.0,100,100,200,1.0,130,74
910,300,550,190,560,750,2.9474,160,370,530,2.3125,150,310,460,2.0667,130,180,310,1.3846,110,120,230,1.0909,100,110,210,1.1,130,74
900,200,600,170,610,780,3.5882,150,400,550,2.6667,140,310,450,2.2143,120,160,280,1.3333,110,120,230,1.0909,90,100,190,1.1111,129,74
900,300,650,180,480,660,2.6667,150,350,500,2.3333,140,280,420,2.0,120,170,290,1.4167,110,120,230,1.0909,90,100,190,1.1111,129,74
900,250,600,170,460,630,2.7059,150,330,480,2.2,140,280,420,2.0,130,170,300,1.3077,100,130,230,1.3,90,100,190,1.1111,129,74
900,300,570,180,460,640,2.5556,150,330,480,2.2,150,280,430,1.8667,130,160,290,1.2308,110,120,230,1.0909,100,100,200,1.0,129,74
890,330,670,180,680,860,3.7778,170,390,560,2.2941,150,330,480,2.2,130,190,320,1.4615,110,130,240,1.1818,90,110,200,1.2222,131,75
890,220,690,210,450,660,2.1429,170,330,500,1.9412,160,280,440,1.75,130,170,300,1.3077,100,130,230,1.3,90,110,200,1.2222,130,75
910,200,590,220,430,650,1.9545,220,320,540,1.4545,170,270,440,1.5882,140,180,320,1.2857,110,140,250,1.2727,100,120,220,1.2,130,75
900,240,640,180,470,650,2.6111,160,340,500,2.125,150,280,430,1.8667,120,160,280,1.3333,110,110,220,1.0,100,100,200,1.0,130,74
920,260,640,180,470,650,2.6111,160,360,520,2.25,140,310,450,2.2143,120,170,290,1.4167,110,130,240,1.1818,100,110,210,1.1,130,74
910,280,630,180,640,820,3.5556,160,370,530,2.3125,140,310,450,2.2143,140,170,310,1.2143,110,120,230,1.0909,110,100,210,0.90909,130,74
900,280,620,190,490,680,2.5789,170,360,530,2.1176,160,290,450,1.8125,140,180,320,1.2857,120,130,250,1.0833,110,100,210,0.90909,131,75
910,280,700,300,500,800,1.6667,190,390,580,2.0526,170,340,510,2.0,150,220,370,1.4667,120,150,270,1.25,110,120,230,1.0909,132,75
900,210,600,190,430,620,2.2632,160,300,460,1.875,150,240,390,1.6,130,160,290,1.2308,110,120,230,1.0909,100,100,200,1.0,131,75
910,300,600,180,610,790,3.3889,160,420,580,2.625,150,350,500,2.3333,120,190,310,1.5833,110,130,240,1.1818,100,100,200,1.0,130,75
900,310,590,180,470,650,2.6111,160,350,510,2.1875,150,270,420,1.8,130,160,290,1.2308,110,120,230,1.0909,90,100,190,1.1111,130,74
910,310,600,180,450,630,2.5,160,350,510,2.1875,140,290,430,2.0714,130,180,310,1.3846,100,130,230,1.3,90,110,200,1.2222,131,74
910,310,560,190,570,760,3.0,170,380,550,2.2353,150,320,470,2.1333,130,180,310,1.3846,100,130,230,1.3,90,110,200,1.2222,131,75
900,350,550,190,410,600,2.1579,160,350,510,2.1875,150,290,440,1.9333,140,180,320,1.2857,110,140,250,1.2727,100,110,210,1.1,131,75
900,220,580,180,450,630,2.5,160,330,490,2.0625,150,270,420,1.8,120,160,280,1.3333,110,120,230,1.0909,90,100,190,1.1111,131,75
900,320,650,280,660,940,2.3571,170,430,600,2.5294,150,360,510,2.4,130,210,340,1.6154,90,140,230,1.5556,90,120,210,1.3333,130,74
910,250,570,170,460,630,2.7059,150,340,490,2.2667,140,270,410,1.9286,120,160,280,1.3333,100,120,220,1.2,90,110,200,1.2222,130,74
900,340,550,190,440,630,2.3158,150,310,460,2.0667,140,240,380,1.7143,120,150,270,1.25,90,120,210,1.3333,60,100,160,1.6667,130,74
900,350,600,190,610,800,3.2105,160,410,570,2.5625,160,330,490,2.0625,130,190,320,1.4615,120,130,250,1.0833,100,110,210,1.1,131,75
890,300,700,230,440,670,1.913,180,300,480,1.6667,170,240,410,1.4118,150,200,350,1.3333,120,130,250,1.0833,110,110,220,1.0,130,75
900,190,560,210,430,640,2.0476,210,320,530,1.5238,170,260,430,1.5294,140,170,310,1.2143,110,130,240,1.1818,110,110,220,1.0,130,75
900,340,460,180,470,650,2.6111,160,410,570,2.5625,140,340,480,2.4286,130,180,310,1.3846,110,130,240,1.1818,90,110,200,1.2222,130,74
900,240,630,170,460,630,2.7059,160,340,500,2.125,140,290,430,2.0714,130,170,300,1.3077,110,130,240,1.1818,100,100,200,1.0,131,75
900,270,550,170,550,720,3.2353,150,390,540,2.6,150,320,470,2.1333,120,180,300,1.5,110,130,240,1.1818,100,110,210,1.1,131,75
910,350,560,190,570,760,3.0,170,390,560,2.2941,150,330,480,2.2,130,200,330,1.5385,110,130,240,1.1818,90,120,210,1.3333,132,75
900,210,540,190,420,610,2.2105,160,320,480,2.0,150,240,390,1.6,130,150,280,1.1538,110,130,240,1.1818,100,100,200,1.0,131,75
900,260,640,180,470,650,2.6111,150,340,490,2.2667,140,280,420,2.0,130,160,290,1.2308,110,120,230,1.0909,100,100,200,1.0,131,75
920,260,630,190,490,680,2.5789,160,370,530,2.3125,150,310,460,2.0667,130,180,310,1.3846,110,130,240,1.1818,100,110,210,1.1,132,75
900,290,590,190,600,790,3.1579,170,420,590,2.4706,160,350,510,2.1875,140,200,340,1.4286,120,130,250,1.0833,110,100,210,0.90909,133,76
890,310,570,190,480,670,2.5263,170,350,520,2.0588,160,290,450,1.8125,140,180,320,1.2857,130,120,250,0.92308,110,100,210,0.90909,133,76
890,220,600,180,460,640,2.5556,160,340,500,2.125,150,270,420,1.8,130,150,280,1.1538,120,110,230,0.91667,100,100,200,1.0,133,76
890,280,590,190,480,670,2.5263,160,350,510,2.1875,160,290,450,1.8125,130,160,290,1.2308,120,110,230,0.91667,110,100,210,0.90909,133,76
910,300,620,180,440,620,2.4444,160,350,510,2.1875,150,290,440,1.9333,130,170,300,1.3077,110,130,240,1.1818,100,100,200,1.0,134,76
900,290,670,200,680,880,3.4,170,420,590,2.4706,160,350,510,2.1875,140,210,350,1.5,120,130,250,1.0833,110,100,210,0.90909,135,77
880,230,690,220,640,860,2.9091,180,390,570,2.1667,170,320,490,1.8824,150,200,350,1.3333,130,130,260,1.0,110,110,220,1.0,135,77
910,190,610,210,440,650,2.0952,210,320,530,1.5238,190,280,470,1.4737,140,180,320,1.2857,120,130,250,1.0833,110,120,230,1.0909,134,77
920,300,610,180,490,670,2.7222,160,360,520,2.25,150,290,440,1.9333,140,160,300,1.1429,110,110,220,1.0,100,90,190,0.9,134,77
900,280,630,180,490,670,2.7222,160,370,530,2.3125,150,300,450,2.0,120,170,290,1.4167,110,120,230,1.0909,100,100,200,1.0,135,77
910,270,530,180,540,720,3.0,150,390,540,2.6,150,320,470,2.1333,130,170,300,1.3077,110,120,230,1.0909,100,110,210,1.1,135,77
890,380,670,200,680,880,3.4,170,410,580,2.4118,170,340,510,2.0,150,200,350,1.3333,130,130,260,1.0,120,100,220,0.8333299999999999,135,77
890,200,600,220,430,650,1.9545,160,320,480,2.0,160,250,410,1.5625,130,160,290,1.2308,110,120,230,1.0909,100,100,200,1.0,135,77
900,290,640,170,520,690,3.0588,150,380,530,2.5333,140,320,460,2.2857,120,180,300,1.5,100,130,230,1.3,90,100,190,1.1111,135,77
910,280,630,180,490,670,2.7222,150,370,520,2.4667,140,310,450,2.2143,120,180,300,1.5,110,130,240,1.1818,100,110,210,1.1,136,77
900,280,670,190,470,660,2.4737,160,320,480,2.0,150,240,390,1.6,130,150,280,1.1538,120,120,240,1.0,110,100,210,0.90909,137,78
890,230,670,190,510,700,2.6842,170,360,530,2.1176,160,310,470,1.9375,140,190,330,1.3571,120,130,250,1.0833,100,110,210,1.1,137,78
900,220,690,240,460,700,1.9167,240,390,630,1.625,240,370,610,1.5417,160,250,410,1.5625,140,160,300,1.1429,120,130,250,1.0833,137,78
890,210,590,180,430,610,2.3889,160,320,480,2.0,150,260,410,1.7333,120,150,270,1.25,110,110,220,1.0,100,90,190,0.9,137,78
900,300,610,170,490,660,2.8824,150,360,510,2.4,140,300,440,2.1429,130,170,300,1.3077,110,120,230,1.0909,100,100,200,1.0,137,78
880,270,580,180,450,630,2.5,160,330,490,2.0625,150,280,430,1.8667,140,170,310,1.2143,120,120,240,1.0,100,100,200,1.0,137,78
920,300,690,170,510,680,3.0,150,330,480,2.2,130,270,400,2.0769,120,160,280,1.3333,100,110,210,1.1,90,80,170,0.88889,138,79
890,230,690,190,440,630,2.3158,170,320,490,1.8824,160,280,440,1.75,140,160,300,1.1429,120,120,240,1.0,110,100,210,0.90909,138,79
900,200,640,220,430,650,1.9545,220,310,530,1.4091,220,270,490,1.2273,170,230,400,1.3529,140,150,290,1.0714,120,120,240,1.0,137,78
890,260,610,180,480,660,2.6667,160,340,500,2.125,150,290,440,1.9333,130,150,280,1.1538,110,110,220,1.0,100,100,200,1.0,137,78
910,280,490,180,490,670,2.7222,150,350,500,2.3333,140,290,430,2.0714,120,170,290,1.4167,100,120,220,1.2,90,100,190,1.1111,137,78
900,300,620,190,500,690,2.6316,160,330,490,2.0625,140,280,420,2.0,140,160,300,1.1429,120,120,240,1.0,110,100,210,0.90909,138,78
900,280,680,200,440,640,2.2,160,320,480,2.0,160,270,430,1.6875,140,160,300,1.1429,120,120,240,1.0,110,90,200,0.81818,138,78
910,220,670,180,470,650,2.6111,160,340,500,2.125,150,290,440,1.9333,130,180,310,1.3846,110,130,240,1.1818,100,110,210,1.1,138,78
910,310,630,180,490,670,2.7222,150,360,510,2.4,140,300,440,2.1429,120,170,290,1.4167,100,120,220,1.2,100,100,200,1.0,137,78
900,280,610,180,490,670,2.7222,160,380,540,2.375,150,330,480,2.2,140,160,300,1.1429,110,110,220,1.0,100,90,190,0.9,136,78
900,290,610,180,470,650,2.6111,160,340,500,2.125,150,270,420,1.8,130,170,300,1.3077,110,120,230,1.0909,100,100,200,1.0,136,78
900,290,670,180,500,680,2.7778,160,410,570,2.5625,150,330,480,2.2,130,180,310,1.3846,110,130,240,1.1818,100,110,210,1.1,137,78
900,230,690,190,470,660,2.4737,160,330,490,2.0625,150,270,420,1.8,140,170,310,1.2143,120,130,250,1.0833,110,110,220,1.0,137,78
890,210,610,230,430,660,1.8696,230,310,540,1.3478,180,250,430,1.3889,150,170,320,1.1333,130,120,250,0.92308,120,100,220,0.8333299999999999,137,78
900,280,600,200,610,810,3.05,160,400,560,2.5,150,340,490,2.2667,130,200,330,1.5385,110,130,240,1.1818,100,110,210,1.1,136,77
960,300,620,170,490,660,2.8824,150,350,500,2.3333,140,290,430,2.0714,120,170,290,1.4167,110,120,230,1.0909,90,100,190,1.1111,136,77
900,290,600,190,490,680,2.5789,170,340,510,2.0,160,280,440,1.75,130,160,290,1.2308,120,110,230,0.91667,110,90,200,0.81818,137,77
890,300,630,200,400,600,2.0,170,300,470,1.7647,160,290,450,1.8125,140,180,320,1.2857,120,120,240,1.0,120,100,220,0.8333299999999999,137,77
890,260,690,230,490,720,2.1304,170,380,550,2.2353,160,320,480,2.0,140,190,330,1.3571,120,140,260,1.1667,110,110,220,1.0,137,78
910,200,540,220,410,630,1.8636,170,310,480,1.8235,150,260,410,1.7333,130,170,300,1.3077,110,130,240,1.1818,100,110,210,1.1,137,78
890,370,610,300,620,920,2.0667,170,400,570,2.3529,160,340,500,2.125,140,190,330,1.3571,120,120,240,1.0,110,100,210,0.90909,137,78
910,280,620,170,460,630,2.7059,150,340,490,2.2667,140,280,420,2.0,130,170,300,1.3077,110,120,230,1.0909,90,100,190,1.1111,137,78
900,290,610,180,500,680,2.7778,150,350,500,2.3333,140,290,430,2.0714,120,170,290,1.4167,110,120,230,1.0909,100,100,200,1.0,136,77
910,290,580,180,590,770,3.2778,150,380,530,2.5333,150,320,470,2.1333,130,190,320,1.4615,110,130,240,1.1818,100,110,210,1.1,137,77
890,330,680,200,410,610,2.05,170,270,440,1.5882,160,210,370,1.3125,140,150,290,1.0714,130,130,260,1.0,110,110,220,1.0,137,78
900,210,690,230,480,710,2.087,180,370,550,2.0556,170,320,490,1.8824,140,210,350,1.5,120,150,270,1.25,100,120,220,1.2,138,78
900,210,600,170,460,630,2.7059,150,300,450,2.0,140,250,390,1.7857,120,160,280,1.3333,110,120,230,1.0909,90,100,190,1.1111,137,78
900,300,600,180,480,660,2.6667,150,360,510,2.4,140,290,430,2.0714,120,160,280,1.3333,100,120,220,1.2,90,100,190,1.1111,137,78
910,300,600,170,480,650,2.8235,150,350,500,2.3333,140,290,430,2.0714,130,180,310,1.3846,100,130,230,1.3,80,100,180,1.25,137,78
910,330,650,180,470,650,2.6111,160,330,490,2.0625,150,270,420,1.8,130,160,290,1.2308,110,120,230,1.0909,100,100,200,1.0,136,77
920,260,690,180,490,670,2.7222,160,350,510,2.1875,140,290,430,2.0714,130,170,300,1.3077,110,130,240,1.1818,90,110,200,1.2222,136,77
910,230,690,190,490,680,2.5789,170,350,520,2.0588,150,290,440,1.9333,130,180,310,1.3846,120,130,250,1.0833,100,110,210,1.1,136,76
900,220,700,240,490,730,2.0417,180,380,560,2.1111,170,330,500,1.9412,140,220,360,1.5714,130,140,270,1.0769,110,120,230,1.0909,136,76
910,200,620,190,430,620,2.2632,150,320,470,2.1333,140,260,400,1.8571,130,160,290,1.2308,100,120,220,1.2,100,110,210,1.1,135,76
900,290,610,180,620,800,3.4444,160,400,560,2.5,150,340,490,2.2667,130,200,330,1.5385,110,130,240,1.1818,100,100,200,1.0,135,76
930,350,700,200,430,630,2.15,170,340,510,2.0,160,280,440,1.75,140,170,310,1.2143,120,120,240,1.0,100,110,210,1.1,135,76
920,230,680,250,450,700,1.8,190,340,530,1.7895,180,290,470,1.6111,150,180,330,1.2,120,140,260,1.1667,110,110,220,1.0,134,76
900,240,550,190,460,650,2.4211,160,340,500,2.125,150,280,430,1.8667,130,160,290,1.2308,110,120,230,1.0909,100,100,200,1.0,134,76
920,350,640,180,490,670,2.7222,160,350,510,2.1875,150,290,440,1.9333,130,170,300,1.3077,110,130,240,1.1818,100,100,200,1.0,133,76
910,280,670,190,480,670,2.5263,170,310,480,1.8235,160,250,410,1.5625,130,160,290,1.2308,120,120,240,1.0,100,90,190,0.9,133,75
890,240,560,190,440,630,2.3158,160,290,450,1.8125,150,240,390,1.6,120,150,270,1.25,100,110,210,1.1,80,90,170,1.125,133,75
900,230,690,250,440,690,1.76,170,310,480,1.8235,170,240,410,1.4118,140,170,310,1.2143,120,130,250,1.0833,110,110,220,1.0,134,75
900,210,590,230,430,660,1.8696,180,310,490,1.7222,160,270,430,1.6875,140,170,310,1.2143,120,130,250,1.0833,110,110,220,1.0,133,75
890,310,390,180,400,580,2.2222,160,370,530,2.3125,140,290,430,2.0714,130,170,300,1.3077,100,120,220,1.2,100,100,200,1.0,133,75
910,330,680,180,480,660,2.6667,160,360,520,2.25,150,290,440,1.9333,130,170,300,1.3077,110,120,230,1.0909,100,110,210,1.1,132,75
930,230,650,180,540,720,3.0,160,370,530,2.3125,140,310,450,2.2143,130,180,310,1.3846,100,130,230,1.3,100,110,210,1.1,134,76
840,280,610,200,460,660,2.3,180,320,500,1.7778,170,280,450,1.6471,140,160,300,1.1429,130,120,250,0.92308,110,100,210,0.90909,134,76
910,220,590,180,420,600,2.3333,150,310,460,2.0667,150,260,410,1.7333,110,160,270,1.4545,110,120,230,1.0909,100,110,210,1.1,134,77
910,320,600,190,610,800,3.2105,160,380,540,2.375,150,320,470,2.1333,130,160,290,1.2308,110,120,230,1.0909,100,100,200,1.0,134,77
930,310,590,170,450,620,2.6471,150,330,480,2.2,140,280,420,2.0,130,170,300,1.3077,100,120,220,1.2,90,110,200,1.2222,133,77
920,340,570,190,440,630,2.3158,160,330,490,2.0625,150,270,420,1.8,130,160,290,1.2308,110,120,230,1.0909,100,110,210,1.1,133,77
910,350,640,190,650,840,3.4211,170,370,540,2.1765,160,310,470,1.9375,140,180,320,1.2857,120,120,240,1.0,100,100,200,1.0,134,77
900,270,690,200,470,670,2.35,170,330,500,1.9412,160,280,440,1.75,140,170,310,1.2143,120,130,250,1.0833,100,110,210,1.1,135,77
910,210,620,230,430,660,1.8696,190,320,510,1.6842,170,270,440,1.5882,140,180,320,1.2857,120,130,250,1.0833,110,110,220,1.0,134,77
910,290,600,180,470,650,2.6111,150,340,490,2.2667,140,280,420,2.0,120,160,280,1.3333,110,120,230,1.0909,100,100,200,1.0,134,77
920,310,690,170,700,870,4.1176,150,390,540,2.6,140,330,470,2.3571,120,200,320,1.6667,90,130,220,1.4444,80,110,190,1.375,134,77
910,230,630,180,440,620,2.4444,160,320,480,2.0,150,260,410,1.7333,140,160,300,1.1429,110,120,230,1.0909,90,90,180,1.0,134,77
920,280,540,180,410,590,2.2778,160,300,460,1.875,150,260,410,1.7333,120,170,290,1.4167,110,130,240,1.1818,90,110,200,1.2222,134,77
920,380,550,200,450,650,2.25,160,330,490,2.0625,160,270,430,1.6875,140,170,310,1.2143,120,120,240,1.0,110,100,210,0.90909,134,77
910,210,630,190,420,610,2.2105,160,310,470,1.9375,150,250,400,1.6667,130,160,290,1.2308,110,120,230,1.0909,100,110,210,1.1,135,77
920,280,600,170,460,630,2.7059,150,340,490,2.2667,140,290,430,2.0714,130,160,290,1.2308,100,130,230,1.3,90,100,190,1.1111,134,77
930,230,650,180,440,620,2.4444,160,320,480,2.0,140,270,410,1.9286,130,160,290,1.2308,100,130,230,1.3,100,110,210,1.1,133,76
920,280,540,200,490,690,2.45,180,360,540,2.0,160,290,450,1.8125,140,160,300,1.1429,120,120,240,1.0,100,100,200,1.0,133,76
900,380,550,200,460,660,2.3,180,320,500,1.7778,170,270,440,1.5882,140,170,310,1.2143,130,120,250,0.92308,110,100,210,0.90909,134,77
910,230,590,180,450,630,2.5,160,330,490,2.0625,150,270,420,1.8,130,160,290,1.2308,110,120,230,1.0909,90,100,190,1.1111,133,76
920,350,650,200,430,630,2.15,170,320,490,1.8824,150,260,410,1.7333,130,160,290,1.2308,110,120,230,1.0909,100,100,200,1.0,132,76
910,270,590,190,460,650,2.4211,160,330,490,2.0625,160,270,430,1.6875,130,160,290,1.2308,120,110,230,0.91667,110,90,200,0.81818,132,76
910,320,680,190,500,690,2.6316,160,350,510,2.1875,150,300,450,2.0,140,180,320,1.2857,110,120,230,1.0909,110,110,220,1.0,132,76
910,230,710,220,480,700,2.1818,180,360,540,2.0,160,310,470,1.9375,140,190,330,1.3571,120,130,250,1.0833,100,110,210,1.1,132,76
910,200,590,220,430,650,1.9545,190,310,500,1.6316,170,260,430,1.5294,130,170,300,1.3077,110,130,240,1.1818,100,110,210,1.1,132,76
910,320,580,180,480,660,2.6667,160,350,510,2.1875,150,290,440,1.9333,120,170,290,1.4167,110,120,230,1.0909,90,100,190,1.1111,131,76
920,330,630,190,440,630,2.3158,160,320,480,2.0,140,270,410,1.9286,130,160,290,1.2308,110,120,230,1.0909,100,110,210,1.1,131,75
910,290,540,190,410,600,2.1579,170,310,480,1.8235,160,300,460,1.875,140,170,310,1.2143,120,120,240,1.0,110,100,210,0.90909,131,75
910,370,530,200,430,630,2.15,170,320,490,1.8824,160,270,430,1.6875,140,170,310,1.2143,120,120,240,1.0,110,100,210,0.90909,131,76
920,370,560,200,520,720,2.6,160,370,530,2.3125,150,300,450,2.0,130,180,310,1.3846,110,130,240,1.1818,100,110,210,1.1,131,76
900,360,600,170,450,620,2.6471,160,330,490,2.0625,150,280,430,1.8667,130,170,300,1.3077,110,120,230,1.0909,100,90,190,0.9,131,75
920,350,550,180,400,580,2.2222,160,280,440,1.75,150,220,370,1.4667,130,140,270,1.0769,110,120,230,1.0909,100,90,190,0.9,131,76
910,370,700,190,420,610,2.2105,180,310,490,1.7222,160,260,420,1.625,140,160,300,1.1429,120,120,240,1.0,100,100,200,1.0,132,76
910,210,600,230,400,630,1.7391,230,320,550,1.3913,200,300,500,1.5,160,190,350,1.1875,130,130,260,1.0,120,110,230,0.91667,132,76
910,310,590,190,470,660,2.4737,160,330,490,2.0625,160,280,440,1.75,130,160,290,1.2308,120,110,230,0.91667,100,90,190,0.9,131,76
910,320,520,190,440,630,2.3158,150,330,480,2.2,150,270,420,1.8,130,160,290,1.2308,110,110,220,1.0,100,100,200,1.0,131,76
920,330,560,190,480,670,2.5263,160,340,500,2.125,150,280,430,1.8667,130,170,300,1.3077,110,120,230,1.0909,100,110,210,1.1,132,76
910,360,650,190,400,590,2.1053,160,300,460,1.875,150,250,400,1.6667,130,160,290,1.2308,110,120,230,1.0909,100,100,200,1.0,132,76
920,260,700,280,470,750,1.6786,190,360,550,1.8947,180,310,490,1.7222,140,200,340,1.4286,120,140,260,1.1667,110,120,230,1.0909,132,76
910,220,570,180,410,590,2.2778,160,290,450,1.8125,150,220,370,1.4667,130,140,270,1.0769,110,100,210,0.90909,100,80,180,0.8,131,76
910,340,560,190,460,650,2.4211,160,330,490,2.0625,150,280,430,1.8667,130,170,300,1.3077,120,110,230,0.91667,100,100,200,1.0,131,76
920,350,590,180,480,660,2.6667,150,370,520,2.4667,150,320,470,2.1333,120,170,290,1.4167,110,120,230,1.0909,90,110,200,1.2222,131,76
920,330,550,190,430,620,2.2632,160,320,480,2.0,150,260,410,1.7333,130,160,290,1.2308,120,120,240,1.0,100,100,200,1.0,131,76
910,370,550,190,490,680,2.5789,170,350,520,2.0588,160,300,460,1.875,140,180,320,1.2857,120,120,240,1.0,110,100,210,0.90909,131,76
910,360,530,190,430,620,2.2632,170,320,490,1.8824,160,270,430,1.6875,140,170,310,1.2143,120,120,240,1.0,110,110,220,1.0,132,76
910,300,580,200,590,790,2.95,170,400,570,2.3529,160,340,500,2.125,140,190,330,1.3571,120,130,250,1.0833,100,100,200,1.0,130,76
950,330,590,180,450,630,2.5,150,330,480,2.2,150,270,420,1.8,130,170,300,1.3077,110,120,230,1.0909,100,100,200,1.0,130,76
920,330,550,180,450,630,2.5,160,320,480,2.0,150,270,420,1.8,130,160,290,1.2308,110,120,230,1.0909,100,100,200,1.0,130,75
910,370,630,200,400,600,2.0,180,280,460,1.5556,170,240,410,1.4118,150,170,320,1.1333,120,120,240,1.0,110,100,210,0.90909,131,75
910,280,700,300,480,780,1.6,180,370,550,2.0556,180,310,490,1.7222,140,190,330,1.3571,130,130,260,1.0,110,110,220,1.0,131,75
920,210,560,190,380,570,2.0,160,280,440,1.75,150,220,370,1.4667,130,150,280,1.1538,110,120,230,1.0909,100,100,200,1.0,131,76
900,360,590,190,470,660,2.4737,160,340,500,2.125,150,280,430,1.8667,130,170,300,1.3077,110,120,230,1.0909,100,100,200,1.0,131,76
930,310,590,180,470,650,2.6111,150,350,500,2.3333,140,290,430,2.0714,120,180,300,1.5,100,120,220,1.2,90,110,200,1.2222,130,75
920,340,580,200,470,670,2.35,160,350,510,2.1875,150,290,440,1.9333,130,170,300,1.3077,110,120,230,1.0909,100,100,200,1.0,129,75
890,340,550,190,560,750,2.9474,160,350,510,2.1875,160,300,460,1.875,130,180,310,1.3846,110,120,230,1.0909,100,110,210,1.1,129,75
930,340,560,190,410,600,2.1579,160,300,460,1.875,140,240,380,1.7143,120,160,280,1.3333,100,120,220,1.2,80,90,170,1.125,130,75
910,280,550,180,560,740,3.1111,160,390,550,2.4375,150,330,480,2.2,120,160,280,1.3333,110,120,230,1.0909,90,100,190,1.1111,129,75
910,360,580,180,460,640,2.5556,150,340,490,2.2667,140,280,420,2.0,120,170,290,1.4167,110,120,230,1.0909,90,110,200,1.2222,129,75
920,330,590,180,450,630,2.5,150,350,500,2.3333,140,280,420,2.0,120,180,300,1.5,100,130,230,1.3,80,120,200,1.5,128,75
920,330,560,180,430,610,2.3889,160,320,480,2.0,140,260,400,1.8571,130,160,290,1.2308,100,120,220,1.2,100,110,210,1.1,128,74
910,360,680,190,510,700,2.6842,170,360,530,2.1176,160,300,460,1.875,140,190,330,1.3571,110,130,240,1.1818,100,110,210,1.1,128,74
920,230,710,200,440,640,2.2,170,330,500,1.9412,160,280,440,1.75,130,170,300,1.3077,120,130,250,1.0833,100,110,210,1.1,129,75
910,210,570,230,410,640,1.7826,180,290,470,1.6111,170,250,420,1.4706,140,160,300,1.1429,130,130,260,1.0,110,100,210,0.90909,129,75
900,340,570,180,580,760,3.2222,160,400,560,2.5,150,330,480,2.2,130,200,330,1.5385,110,130,240,1.1818,100,100,200,1.0,128,75
920,330,580,180,460,640,2.5556,150,330,480,2.2,140,270,410,1.9286,120,160,280,1.3333,100,120,220,1.2,90,110,200,1.2222,128,74
920,340,580,190,430,620,2.2632,160,330,490,2.0625,150,280,430,1.8667,130,170,300,1.3077,100,120,220,1.2,100,110,210,1.1,128,74
920,340,550,180,490,670,2.7222,160,350,510,2.1875,150,280,430,1.8667,130,160,290,1.2308,100,120,220,1.2,100,100,200,1.0,128,74
910,370,520,200,400,600,2.0,180,320,500,1.7778,160,260,420,1.625,140,160,300,1.1429,120,110,230,0.91667,110,100,210,0.90909,128,74
580,230,570,180,410,590,2.2778,160,300,460,1.875,150,250,400,1.6667,130,150,280,1.1538,110,110,220,1.0,100,100,200,1.0,127,74
920,300,590,180,440,620,2.4444,150,320,470,2.1333,140,270,410,1.9286,120,160,280,1.3333,100,120,220,1.2,90,100,190,1.1111,127,74
910,330,560,190,420,610,2.2105,160,310,470,1.9375,150,260,410,1.7333,120,160,280,1.3333,100,120,220,1.2,80,100,180,1.25,126,73
910,350,540,200,530,730,2.65,180,360,540,2.0,160,300,460,1.875,130,170,300,1.3077,120,120,240,1.0,100,110,210,1.1,126,73
910,370,700,200,400,600,2.0,170,280,450,1.6471,160,220,380,1.375,140,180,320,1.2857,120,130,250,1.0833,110,110,220,1.0,127,74
910,210,540,230,410,640,1.7826,190,300,490,1.5789,170,270,440,1.5882,150,170,320,1.1333,120,130,250,1.0833,110,110,220,1.0,127,74
910,370,570,180,580,760,3.2222,160,340,500,2.125,150,280,430,1.8667,130,170,300,1.3077,100,120,220,1.2,100,100,200,1.0,126,73
920,340,600,170,460,630,2.7059,150,330,480,2.2,140,290,430,2.0714,130,170,300,1.3077,100,120,220,1.2,90,100,190,1.1111,125,73
910,320,670,190,460,650,2.4211,170,340,510,2.0,150,280,430,1.8667,130,170,300,1.3077,110,130,240,1.1818,100,100,200,1.0,125,73
910,240,550,190,470,660,2.4737,160,340,500,2.125,160,270,430,1.6875,130,170,300,1.3077,110,120,230,1.0909,100,100,200,1.0,126,73
900,360,550,190,460,650,2.4211,170,340,510,2.0,160,280,440,1.75,140,180,320,1.2857,110,130,240,1.1818,110,110,220,1.0,126,73
920,210,530,190,410,600,2.1579,160,300,460,1.875,150,250,400,1.6667,130,160,290,1.2308,110,130,240,1.1818,100,100,200,1.0,125,73
900,390,600,180,610,790,3.3889,160,380,540,2.375,150,320,470,2.1333,130,190,320,1.4615,110,120,230,1.0909,90,100,190,1.1111,125,73
910,300,600,170,460,630,2.7059,150,340,490,2.2667,130,280,410,2.1538,110,170,280,1.5455,90,130,220,1.4444,80,110,190,1.375,125,73
900,310,580,180,430,610,2.3889,150,340,490,2.2667,140,280,420,2.0,120,170,290,1.4167,100,120,220,1.2,90,110,200,1.2222,124,73
920,320,560,170,530,700,3.1176,150,360,510,2.4,140,300,440,2.1429,120,180,300,1.5,100,130,230,1.3,80,110,190,1.375,125,73
900,360,610,200,430,630,2.15,170,310,480,1.8235,160,260,420,1.625,140,170,310,1.2143,120,120,240,1.0,110,90,200,0.81818,125,73
920,270,560,170,450,620,2.6471,150,330,480,2.2,140,280,420,2.0,130,170,300,1.3077,100,120,220,1.2,90,100,190,1.1111,124,72
910,360,570,190,580,770,3.0526,170,380,550,2.2353,150,320,470,2.1333,130,190,320,1.4615,120,120,240,1.0,110,90,200,0.81818,124,72
900,340,600,180,440,620,2.4444,160,330,490,2.0625,150,260,410,1.7333,130,170,300,1.3077,110,120,230,1.0909,90,100,190,1.1111,124,72
920,300,560,180,410,590,2.2778,150,320,470,2.1333,140,260,400,1.8571,120,180,300,1.5,100,130,230,1.3,90,110,200,1.2222,124,72
910,360,560,180,480,660,2.6667,160,350,510,2.1875,150,280,430,1.8667,140,180,320,1.2857,110,130,240,1.1818,100,110,210,1.1,124,72
910,210,540,230,410,640,1.7826,170,310,480,1.8235,160,260,420,1.625,130,180,310,1.3846,120,130,250,1.0833,100,110,210,1.1,124,73
910,370,550,190,500,690,2.6316,160,360,520,2.25,150,300,450,2.0,130,180,310,1.3846,110,120,230,1.0909,100,100,200,1.0,124,73
910,360,580,190,420,610,2.2105,160,310,470,1.9375,150,250,400,1.6667,140,160,300,1.1429,110,110,220,1.0,110,100,210,0.90909,123,72
900,330,600,190,420,610,2.2105,170,310,480,1.8235,160,250,410,1.5625,140,160,300,1.1429,120,120,240,1.0,100,100,200,1.0,124,72
930,300,690,180,460,640,2.5556,160,330,490,2.0625,150,270,420,1.8,130,180,310,1.3846,110,140,250,1.2727,90,110,200,1.2222,125,72
890,240,690,260,450,710,1.7308,210,320,530,1.5238,190,260,450,1.3684,160,160,320,1.0,130,120,250,0.92308,120,110,230,0.91667,125,73
930,200,570,220,430,650,1.9545,160,330,490,2.0625,150,260,410,1.7333,130,170,300,1.3077,100,120,220,1.2,90,110,200,1.2222,124,73
910,320,620,200,500,700,2.5,170,340,510,2.0,160,290,450,1.8125,140,180,320,1.2857,110,120,230,1.0909,110,110,220,1.0,124,72
910,290,550,190,500,690,2.6316,170,350,520,2.0588,160,290,450,1.8125,140,180,320,1.2857,120,120,240,1.0,100,100,200,1.0,124,72
900,360,690,190,410,600,2.1579,170,310,480,1.8235,160,250,410,1.5625,140,160,300,1.1429,120,130,250,1.0833,100,100,200,1.0,125,72
910,210,570,230,420,650,1.8261,230,310,540,1.3478,180,260,440,1.4444,150,170,320,1.1333,130,130,260,1.0,120,110,230,0.91667,124,72
920,340,580,180,490,670,2.7222,150,360,510,2.4,150,290,440,1.9333,120,170,290,1.4167,100,130,230,1.3,90,110,200,1.2222,124,72
920,340,570,180,580,760,3.2222,160,440,600,2.75,150,370,520,2.4667,130,250,380,1.9231,100,130,230,1.3,100,100,200,1.0,123,72
910,350,620,180,430,610,2.3889,160,310,470,1.9375,150,270,420,1.8,130,160,290,1.2308,110,120,230,1.0909,100,100,200,1.0,123,72
910,290,540,190,400,590,2.1053,160,350,510,2.1875,150,280,430,1.8667,130,170,300,1.3077,110,120,230,1.0909,90,100,190,1.1111,123,72
910,370,530,190,460,650,2.4211,160,330,490,2.0625,160,280,440,1.75,130,170,300,1.3077,120,130,250,1.0833,100,100,200,1.0,124,72
910,210,580,180,420,600,2.3333,160,310,470,1.9375,140,260,400,1.8571,130,160,290,1.2308,100,120,220,1.2,100,110,210,1.1,123,72
910,330,590,170,480,650,2.8235,150,350,500,2.3333,140,280,420,2.0,120,170,290,1.4167,90,130,220,1.4444,90,100,190,1.1111,123,72
930,320,570,160,510,670,3.1875,140,370,510,2.6429,130,310,440,2.3846,120,180,300,1.5,100,140,240,1.4,80,120,200,1.5,122,71
910,360,550,190,420,610,2.2105,170,310,480,1.8235,150,260,410,1.7333,130,170,300,1.3077,110,120,230,1.0909,100,100,200,1.0,122,71
920,360,680,190,420,610,2.2105,160,290,450,1.8125,150,220,370,1.4667,130,140,270,1.0769,110,110,220,1.0,100,100,200,1.0,122,71
900,240,510,200,420,620,2.1,160,310,470,1.9375,160,260,420,1.625,140,170,310,1.2143,120,120,240,1.0,110,100,210,0.90909,123,72
910,320,560,180,470,650,2.6111,150,350,500,2.3333,140,280,420,2.0,130,170,300,1.3077,100,120,220,1.2,90,100,190,1.1111,122,71
910,350,540,180,450,630,2.5,160,330,490,2.0625,150,270,420,1.8,130,160,290,1.2308,110,120,230,1.0909,90,100,190,1.1111,121,71
900,360,520,190,440,630,2.3158,170,320,490,1.8824,160,260,420,1.625,130,150,280,1.1538,120,110,230,0.91667,110,100,210,0.90909,121,71
910,380,530,200,400,600,2.0,180,300,480,1.6667,170,240,410,1.4118,140,160,300,1.1429,120,120,240,1.0,110,100,210,0.90909,121,71
910,210,560,230,400,630,1.7391,170,290,460,1.7059,150,230,380,1.5333,130,150,280,1.1538,110,110,220,1.0,100,110,210,1.1,121,71
920,350,590,180,490,670,2.7222,150,360,510,2.4,140,310,450,2.2143,120,180,300,1.5,100,130,230,1.3,90,110,200,1.2222,120,71
920,330,580,180,590,770,3.2778,150,430,580,2.8667,140,290,430,2.0714,120,160,280,1.3333,100,120,220,1.2,90,100,190,1.1111,120,70
910,340,560,180,440,620,2.4444,160,320,480,2.0,150,270,420,1.8,130,170,300,1.3077,110,120,230,1.0909,100,110,210,1.1,119,70
920,350,580,180,530,710,2.9444,160,360,520,2.25,150,300,450,2.0,130,180,310,1.3846,100,130,230,1.3,90,110,200,1.2222,120,70
910,340,530,190,420,610,2.2105,170,310,480,1.8235,160,260,420,1.625,140,170,310,1.2143,120,130,250,1.0833,100,110,210,1.1,120,70
910,290,560,180,570,750,3.1667,150,370,520,2.4667,150,310,460,2.0667,130,180,310,1.3846,110,130,240,1.1818,100,100,200,1.0,119,70
910,350,570,190,460,650,2.4211,150,340,490,2.2667,140,280,420,2.0,130,170,300,1.3077,100,120,220,1.2,90,100,190,1.1111,119,70
930,340,580,180,450,630,2.5,150,350,500,2.3333,140,290,430,2.0714,120,200,320,1.6667,100,150,250,1.5,90,130,220,1.4444,119,70
910,350,540,180,430,610,2.3889,170,320,490,1.8824,150,250,400,1.6667,140,160,300,1.1429,110,120,230,1.0909,100,100,200,1.0,119,70
910,370,540,190,420,610,2.2105,170,310,480,1.8235,160,290,450,1.8125,130,180,310,1.3846,110,130,240,1.1818,100,110,210,1.1,119,70
920,370,720,200,440,640,2.2,160,330,490,2.0625,150,270,420,1.8,130,180,310,1.3846,110,140,250,1.2727,100,110,210,1.1,120,70
920,200,490,220,400,620,1.8182,170,300,470,1.7647,170,250,420,1.4706,140,170,310,1.2143,120,130,250,1.0833,100,100,200,1.0,120,70
920,350,570,190,440,630,2.3158,160,330,490,2.0625,150,260,410,1.7333,130,160,290,1.2308,110,120,230,1.0909,100,100,200,1.0,119,70
920,350,630,200,430,630,2.15,170,340,510,2.0,160,270,430,1.6875,130,180,310,1.3846,120,120,240,1.0,100,90,190,0.9,118,69
900,290,580,190,500,690,2.6316,170,350,520,2.0588,160,290,450,1.8125,130,170,300,1.3077,120,120,240,1.0,100,90,190,0.9,119,69
930,210,580,160,480,640,3.0,140,350,490,2.5,130,290,420,2.2308,120,170,290,1.4167,90,130,220,1.4444,90,110,200,1.2222,119,70
920,350,570,180,460,640,2.5556,160,340,500,2.125,150,290,440,1.9333,130,170,300,1.3077,100,130,230,1.3,100,100,200,1.0,118,69
920,350,550,190,440,630,2.3158,160,320,480,2.0,150,260,410,1.7333,130,160,290,1.2308,110,120,230,1.0909,90,100,190,1.1111,118,69
910,370,530,190,430,620,2.2632,170,310,480,1.8235,160,260,420,1.625,130,160,290,1.2308,120,120,240,1.0,90,90,180,1.0,118,69
920,380,690,190,670,860,3.5263,160,370,530,2.3125,150,300,450,2.0,130,190,320,1.4615,110,140,250,1.2727,100,110,210,1.1,118,69
900,230,700,190,400,590,2.1053,170,290,460,1.7059,160,250,410,1.5625,140,160,300,1.1429,120,120,240,1.0,100,100,200,1.0,118,69
920,200,580,220,430,650,1.9545,190,310,500,1.6316,160,260,420,1.625,140,180,320,1.2857,110,140,250,1.2727,100,120,220,1.2,118,69
920,340,560,180,570,750,3.1667,150,430,580,2.8667,140,350,490,2.5,120,200,320,1.6667,100,130,230,1.3,90,110,200,1.2222,118,69
910,360,550,190,450,640,2.3684,160,330,490,2.0625,150,280,430,1.8667,130,170,300,1.3077,110,110,220,1.0,100,100,200,1.0,117,69
920,360,580,190,440,630,2.3158,160,330,490,2.0625,150,290,440,1.9333,130,170,300,1.3077,110,130,240,1.1818,100,100,200,1.0,117,69
920,340,350,180,350,530,1.9444,160,330,490,2.0625,150,270,420,1.8,130,170,300,1.3077,110,120,230,1.0909,90,100,190,1.1111,117,69
910,230,550,190,410,600,2.1579,160,300,460,1.875,160,240,400,1.5,130,160,290,1.2308,110,120,230,1.0909,100,110,210,1.1,117,69
910,360,560,250,570,820,2.28,170,400,570,2.3529,140,330,470,2.3571,130,190,320,1.4615,110,130,240,1.1818,100,110,210,1.1,117,69
920,350,550,180,440,620,2.4444,160,330,490,2.0625,140,270,410,1.9286,130,170,300,1.3077,100,120,220,1.2,90,100,190,1.1111,117,69
920,370,570,180,420,600,2.3333,150,310,460,2.0667,140,250,390,1.7857,120,160,280,1.3333,90,120,210,1.3333,80,100,180,1.25,117,68
910,350,560,190,570,760,3.0,170,360,530,2.1176,160,290,450,1.8125,130,180,310,1.3846,120,130,250,1.0833,100,100,200,1.0,117,69
900,350,530,200,380,580,1.9,170,270,440,1.5882,160,220,380,1.375,140,170,310,1.2143,120,140,260,1.1667,100,110,210,1.1,118,69
920,360,560,190,570,760,3.0,160,390,550,2.4375,150,280,430,1.8667,130,170,300,1.3077,120,120,240,1.0,100,100,200,1.0,117,69
910,360,540,190,450,640,2.3684,160,330,490,2.0625,150,270,420,1.8,130,170,300,1.3077,110,120,230,1.0909,100,100,200,1.0,117,69
920,370,630,190,470,660,2.4737,160,340,500,2.125,150,280,430,1.8667,130,170,300,1.3077,110,120,230,1.0909,100,100,200,1.0,117,69
910,290,550,180,450,630,2.5,160,310,470,1.9375,150,260,410,1.7333,130,160,290,1.2308,110,120,230,1.0909,100,100,200,1.0,117,69
910,360,540,190,480,670,2.5263,170,340,510,2.0,150,290,440,1.9333,130,180,310,1.3846,110,130,240,1.1818,100,110,210,1.1,118,69
910,210,560,230,420,650,1.8261,170,310,480,1.8235,150,250,400,1.6667,130,160,290,1.2308,110,120,230,1.0909,100,110,210,1.1,118,69
920,350,550,190,560,750,2.9474,150,430,580,2.8667,150,360,510,2.4,120,200,320,1.6667,100,120,220,1.2,90,110,200,1.2222,117,69
910,370,540,180,450,630,2.5,150,330,480,2.2,140,280,420,2.0,130,170,300,1.3077,110,120,230,1.0909,100,100,200,1.0,117,69
910,370,570,200,440,640,2.2,160,350,510,2.1875,150,290,440,1.9333,130,180,310,1.3846,110,130,240,1.1818,100,110,210,1.1,117,69
920,340,550,180,560,740,3.1111,160,360,520,2.25,150,300,450,2.0,130,180,310,1.3846,110,140,250,1.2727,90,110,200,1.2222,117,69
920,370,590,190,450,640,2.3684,160,340,500,2.125,150,270,420,1.8,130,170,300,1.3077,110,130,240,1.1818,90,110,200,1.2222,118,69
910,360,540,180,440,620,2.4444,160,320,480,2.0,140,260,400,1.8571,120,170,290,1.4167,110,120,230,1.0909,90,100,190,1.1111,117,68
920,370,580,180,590,770,3.2778,160,400,560,2.5,150,330,480,2.2,120,190,310,1.5833,110,130,240,1.1818,90,110,200,1.2222,116,68
920,340,580,180,440,620,2.4444,160,330,490,2.0625,150,270,420,1.8,120,170,290,1.4167,110,120,230,1.0909,90,110,200,1.2222,116,68
920,340,560,190,430,620,2.2632,160,310,470,1.9375,150,260,410,1.7333,130,180,310,1.3846,110,140,250,1.2727,90,110,200,1.2222,116,68
910,360,550,190,500,690,2.6316,170,350,520,2.0588,150,290,440,1.9333,130,180,310,1.3846,110,130,240,1.1818,100,110,210,1.1,117,68
920,360,710,290,430,720,1.4828,180,320,500,1.7778,170,290,460,1.7059,140,190,330,1.3571,120,130,250,1.0833,100,110,210,1.1,117,68
920,210,560,230,400,630,1.7391,180,290,470,1.6111,170,230,400,1.3529,150,160,310,1.0667,120,110,230,0.91667,110,100,210,0.90909,117,68
910,360,500,180,500,680,2.7778,150,350,500,2.3333,140,290,430,2.0714,130,170,300,1.3077,100,120,220,1.2,100,100,200,1.0,117,68
940,340,740,170,440,610,2.5882,150,330,480,2.2,140,270,410,1.9286,120,170,290,1.4167,100,140,240,1.4,80,110,190,1.375,116,68
910,200,550,180,430,610,2.3889,160,310,470,1.9375,150,250,400,1.6667,130,160,290,1.2308,110,110,220,1.0,100,90,190,0.9,116,68
920,360,530,190,450,640,2.3684,170,330,500,1.9412,160,270,430,1.6875,130,170,300,1.3077,120,130,250,1.0833,100,100,200,1.0,116,68
910,220,580,170,450,620,2.6471,150,330,480,2.2,140,260,400,1.8571,120,170,290,1.4167,100,120,220,1.2,90,100,190,1.1111,116,68
920,340,570,180,430,610,2.3889,150,310,460,2.0667,150,260,410,1.7333,120,160,280,1.3333,110,120,230,1.0909,90,100,190,1.1111,115,67
910,350,550,190,460,650,2.4211,170,350,520,2.0588,160,290,450,1.8125,130,180,310,1.3846,110,130,240,1.1818,100,110,210,1.1,114,67
910,360,530,180,520,700,2.8889,160,360,520,2.25,140,300,440,2.1429,130,180,310,1.3846,100,120,220,1.2,100,110,210,1.1,114,67
910,380,720,190,460,650,2.4211,160,330,490,2.0625,150,270,420,1.8,130,170,300,1.3077,110,130,240,1.1818,100,110,210,1.1,115,67
910,190,580,210,420,630,2.0,180,300,480,1.6667,160,250,410,1.5625,130,170,300,1.3077,110,130,240,1.1818,90,110,200,1.2222,115,67
920,330,570,180,500,680,2.7778,150,350,500,2.3333,150,300,450,2.0,120,170,290,1.4167,110,120,230,1.0909,90,110,200,1.2222,114,67
630,350,510,180,520,700,2.8889,160,410,570,2.5625,140,340,480,2.4286,110,200,310,1.8182,90,130,220,1.4444,70,100,170,1.4286,113,67
910,350,560,190,390,580,2.0526,160,280,440,1.75,150,220,370,1.4667,130,170,300,1.3077,110,120,230,1.0909,100,100,200,1.0,113,66
930,350,550,180,460,640,2.5556,160,330,490,2.0625,150,280,430,1.8667,130,170,300,1.3077,100,130,230,1.3,90,110,200,1.2222,114,66
910,250,550,180,420,600,2.3333,160,300,460,1.875,150,230,380,1.5333,130,150,280,1.1538,110,120,230,1.0909,100,110,210,1.1,114,67
930,360,570,180,490,670,2.7222,150,350,500,2.3333,140,290,430,2.0714,120,170,290,1.4167,100,120,220,1.2,90,110,200,1.2222,113,66
930,340,570,170,440,610,2.5882,150,330,480,2.2,140,260,400,1.8571,130,170,300,1.3077,90,120,210,1.3333,90,110,200,1.2222,113,66
910,360,550,200,450,650,2.25,180,320,500,1.7778,160,260,420,1.625,140,160,300,1.1429,110,120,230,1.0909,100,100,200,1.0,113,66
920,360,720,180,440,620,2.4444,160,320,480,2.0,150,260,410,1.7333,130,170,300,1.3077,110,130,240,1.1818,90,110,200,1.2222,114,66
920,200,580,220,400,620,1.8182,220,280,500,1.2727,220,220,440,1.0,160,150,310,0.9375,130,120,250,0.92308,120,100,220,0.8333299999999999,113,66
910,340,580,180,490,670,2.7222,160,340,500,2.125,150,280,430,1.8667,130,170,300,1.3077,110,120,230,1.0909,100,90,190,0.9,113,66
910,330,570,180,450,630,2.5,160,330,490,2.0625,150,260,410,1.7333,130,170,300,1.3077,110,130,240,1.1818,90,100,190,1.1111,112,66
920,340,570,180,510,690,2.8333,150,350,500,2.3333,140,300,440,2.1429,120,190,310,1.5833,100,140,240,1.4,90,110,200,1.2222,112,66
920,350,550,190,470,660,2.4737,160,340,500,2.125,150,280,430,1.8667,130,180,310,1.3846,110,130,240,1.1818,100,110,210,1.1,113,66
930,210,570,180,430,610,2.3889,150,300,450,2.0,130,240,370,1.8462,120,170,290,1.4167,90,130,220,1.4444,80,110,190,1.375,112,66
970,360,570,180,470,650,2.6111,150,350,500,2.3333,140,280,420,2.0,120,160,280,1.3333,100,120,220,1.2,100,100,200,1.0,111,65
920,360,570,190,430,620,2.2632,160,310,470,1.9375,150,250,400,1.6667,130,160,290,1.2308,110,110,220,1.0,100,100,200,1.0,111,65
920,350,550,190,440,630,2.3158,160,300,460,1.875,150,260,410,1.7333,130,180,310,1.3846,110,130,240,1.1818,100,110,210,1.1,112,65
910,370,540,180,440,620,2.4444,160,320,480,2.0,150,260,410,1.7333,130,170,300,1.3077,110,130,240,1.1818,100,110,210,1.1,112,66
920,360,580,190,480,670,2.5263,150,350,500,2.3333,150,280,430,1.8667,130,170,300,1.3077,110,120,230,1.0909,100,100,200,1.0,111,65
910,340,570,190,470,660,2.4737,150,350,500,2.3333,150,280,430,1.8667,130,170,300,1.3077,110,120,230,1.0909,100,100,200,1.0,111,65
920,340,590,200,560,760,2.8,150,380,530,2.5333,150,320,470,2.1333,120,200,320,1.6667,110,140,250,1.2727,90,120,210,1.3333,111,65
870,330,560,180,470,650,2.6111,150,330,480,2.2,140,270,410,1.9286,130,170,300,1.3077,110,120,230,1.0909,90,110,200,1.2222,111,65
920,210,580,200,420,620,2.1,160,290,450,1.8125,160,230,390,1.4375,130,160,290,1.2308,110,120,230,1.0909,100,100,200,1.0,111,65
950,340,580,180,480,660,2.6667,150,350,500,2.3333,150,280,430,1.8667,120,170,290,1.4167,100,130,230,1.3,90,100,190,1.1111,110,65
940,330,590,190,480,670,2.5263,160,360,520,2.25,150,290,440,1.9333,130,180,310,1.3846,110,130,240,1.1818,90,110,200,1.2222,110,65
930,350,560,190,570,760,3.0,170,430,600,2.5294,160,350,510,2.1875,140,190,330,1.3571,110,130,240,1.1818,100,110,210,1.1,110,65
920,370,560,190,500,690,2.6316,170,360,530,2.1176,160,300,460,1.875,140,190,330,1.3571,120,130,250,1.0833,110,120,230,1.0909,111,65
930,350,620,190,510,700,2.6842,160,380,540,2.375,150,320,470,2.1333,130,190,320,1.4615,110,120,230,1.0909,110,110,220,1.0,110,65
940,310,590,180,520,700,2.8889,150,390,540,2.6,140,320,460,2.2857,110,180,290,1.6364,80,140,220,1.75,70,110,180,1.5714,110,65
930,350,550,190,560,750,2.9474,170,400,570,2.3529,150,330,480,2.2,130,190,320,1.4615,120,130,250,1.0833,100,110,210,1.1,111,65
920,380,600,210,410,620,1.9524,180,280,460,1.5556,160,210,370,1.3125,150,140,290,0.93333,120,130,250,1.0833,110,120,230,1.0909,112,65
940,230,410,180,350,530,1.9444,150,260,410,1.7333,150,210,360,1.4,120,150,270,1.25,110,120,230,1.0909,90,110,200,1.2222,113,66
930,340,510,180,490,670,2.7222,160,360,520,2.25,150,300,450,2.0,130,190,320,1.4615,110,130,240,1.1818,90,110,200,1.2222,113,66
910,190,570,180,430,610,2.3889,160,320,480,2.0,150,270,420,1.8,130,170,300,1.3077,110,130,240,1.1818,100,110,210,1.1,115,67
920,340,570,180,490,670,2.7222,160,360,520,2.25,150,300,450,2.0,130,180,310,1.3846,100,130,230,1.3,90,110,200,1.2222,115,67
930,350,580,190,450,640,2.3684,160,350,510,2.1875,150,300,450,2.0,130,180,310,1.3846,100,130,230,1.3,90,110,200,1.2222,115,67
910,350,560,190,480,670,2.5263,160,350,510,2.1875,150,280,430,1.8667,140,170,310,1.2143,110,120,230,1.0909,100,100,200,1.0,115,67
920,350,550,190,440,630,2.3158,170,350,520,2.0588,150,290,440,1.9333,130,180,310,1.3846,110,130,240,1.1818,100,110,210,1.1,116,67
920,230,560,200,420,620,2.1,170,310,480,1.8235,150,250,400,1.6667,130,170,300,1.3077,110,130,240,1.1818,100,100,200,1.0,115,67
920,360,550,290,560,850,1.931,180,440,620,2.4444,160,370,530,2.3125,140,210,350,1.5,120,130,250,1.0833,100,110,210,1.1,115,67
920,370,620,170,440,610,2.5882,160,320,480,2.0,140,260,400,1.8571,130,160,290,1.2308,110,120,230,1.0909,90,100,190,1.1111,115,67
920,300,580,180,440,620,2.4444,150,330,480,2.2,140,260,400,1.8571,120,170,290,1.4167,90,130,220,1.4444,90,100,190,1.1111,115,67
920,340,540,190,550,740,2.8947,170,390,560,2.2941,160,330,490,2.0625,130,190,320,1.4615,110,130,240,1.1818,100,110,210,1.1,115,67
900,380,530,210,390,600,1.8571,170,250,420,1.4706,170,190,360,1.1176,140,140,280,1.0,120,130,250,1.0833,110,100,210,0.90909,116,67
920,370,580,180,480,660,2.6667,150,360,510,2.4,140,280,420,2.0,120,170,290,1.4167,100,120,220,1.2,90,100,190,1.1111,115,67
920,340,610,190,490,680,2.5789,160,360,520,2.25,150,300,450,2.0,130,180,310,1.3846,100,130,230,1.3,100,110,210,1.1,115,67
920,310,540,180,470,650,2.6111,160,330,490,2.0625,150,260,410,1.7333,130,160,290,1.2308,110,120,230,1.0909,100,110,210,1.1,116,67
910,380,540,200,500,700,2.5,180,350,530,1.9444,170,290,460,1.7059,140,180,320,1.2857,120,120,240,1.0,110,100,210,0.90909,116,68
900,210,530,230,410,640,1.7826,180,290,470,1.6111,170,230,400,1.3529,140,160,300,1.1429,120,120,240,1.0,110,100,210,0.90909,115,67
910,320,600,180,460,640,2.5556,150,330,480,2.2,140,270,410,1.9286,130,170,300,1.3077,100,130,230,1.3,100,100,200,1.0,115,67
920,310,600,200,460,660,2.3,160,360,520,2.25,150,300,450,2.0,120,180,300,1.5,110,140,250,1.2727,90,110,200,1.2222,115,67
910,320,550,190,560,750,2.9474,160,370,530,2.3125,160,300,460,1.875,130,180,310,1.3846,110,140,250,1.2727,90,110,200,1.2222,115,67
910,360,590,190,440,630,2.3158,160,320,480,2.0,160,270,430,1.6875,130,170,300,1.3077,110,130,240,1.1818,100,110,210,1.1,117,68
910,350,540,180,430,610,2.3889,160,310,470,1.9375,150,240,390,1.6,130,150,280,1.1538,110,120,230,1.0909,100,90,190,0.9,116,68
910,370,580,190,590,780,3.1053,160,400,560,2.5,150,330,480,2.2,130,190,320,1.4615,120,130,250,1.0833,100,100,200,1.0,116,68
910,330,570,190,440,630,2.3158,160,310,470,1.9375,150,260,410,1.7333,130,160,290,1.2308,120,110,230,0.91667,110,100,210,0.90909,116,67
910,340,550,190,410,600,2.1579,170,310,480,1.8235,160,260,420,1.625,140,170,310,1.2143,120,120,240,1.0,100,100,200,1.0,116,67
900,360,540,200,550,750,2.75,170,360,530,2.1176,160,290,450,1.8125,140,170,310,1.2143,120,120,240,1.0,100,100,200,1.0,117,68
900,360,710,210,430,640,2.0476,170,350,520,2.0588,150,290,440,1.9333,140,180,320,1.2857,120,130,250,1.0833,110,110,220,1.0,118,68
920,190,600,210,440,650,2.0952,190,320,510,1.6842,170,260,430,1.5294,130,180,310,1.3846,110,140,250,1.2727,90,120,210,1.3333,118,68
910,320,570,180,500,680,2.7778,160,350,510,2.1875,150,290,440,1.9333,130,170,300,1.3077,100,130,230,1.3,90,100,190,1.1111,117,68
900,350,550,190,430,620,2.2632,160,310,470,1.9375,160,250,410,1.5625,130,160,290,1.2308,120,110,230,0.91667,100,90,190,0.9,117,68
920,350,540,180,420,600,2.3333,160,300,460,1.875,140,240,380,1.7143,130,160,290,1.2308,110,120,230,1.0909,100,100,200,1.0,117,68
580,380,520,200,450,650,2.25,170,320,490,1.8824,160,270,430,1.6875,150,160,310,1.0667,120,120,240,1.0,110,100,210,0.90909,118,68
910,210,570,180,410,590,2.2778,160,300,460,1.875,150,230,380,1.5333,120,160,280,1.3333,110,120,230,1.0909,90,110,200,1.2222,118,69
910,340,350,190,360,550,1.8947,160,350,510,2.1875,150,280,430,1.8667,130,160,290,1.2308,110,120,230,1.0909,100,100,200,1.0,118,69
910,340,620,190,460,650,2.4211,170,340,510,2.0,150,280,430,1.8667,130,170,300,1.3077,110,130,240,1.1818,90,100,190,1.1111,118,69
940,290,540,190,550,740,2.8947,160,380,540,2.375,150,300,450,2.0,130,180,310,1.3846,110,130,240,1.1818,100,110,210,1.1,118,69
900,400,530,200,440,640,2.2,180,310,490,1.7222,160,250,410,1.5625,150,160,310,1.0667,120,110,230,0.91667,110,100,210,0.90909,119,69
930,320,580,170,470,640,2.7647,150,340,490,2.2667,140,270,410,1.9286,120,180,300,1.5,100,130,230,1.3,90,100,190,1.1111,118,69
920,370,610,190,470,660,2.4737,170,350,520,2.0588,150,280,430,1.8667,140,170,310,1.2143,120,120,240,1.0,100,100,200,1.0,118,69
910,310,550,190,470,660,2.4737,170,350,520,2.0588,160,280,440,1.75,130,160,290,1.2308,120,120,240,1.0,100,90,190,0.9,118,69
920,360,590,190,600,790,3.1579,170,420,590,2.4706,160,340,500,2.125,140,210,350,1.5,120,130,250,1.0833,100,110,210,1.1,119,69
910,210,550,230,420,650,1.8261,180,310,490,1.7222,170,250,420,1.4706,140,150,290,1.0714,130,120,250,0.92308,110,90,200,0.81818,119,70
920,360,590,190,580,770,3.0526,170,390,560,2.2941,150,330,480,2.2,130,180,310,1.3846,110,130,240,1.1818,100,100,200,1.0,119,70
920,320,600,190,460,650,2.4211,160,340,500,2.125,150,290,440,1.9333,130,180,310,1.3846,110,130,240,1.1818,100,110,210,1.1,119,70
900,360,540,190,460,650,2.4211,180,340,520,1.8889,170,280,450,1.6471,150,180,330,1.2,130,120,250,0.92308,110,100,210,0.90909,121,70
900,260,580,190,470,660,2.4737,150,340,490,2.2667,150,290,440,1.9333,130,170,300,1.3077,110,120,230,1.0909,100,110,210,1.1,121,71
910,320,440,180,450,630,2.5,160,350,510,2.1875,140,290,430,2.0714,130,160,290,1.2308,110,120,230,1.0909,100,100,200,1.0,121,71
930,320,710,180,480,660,2.6667,150,350,500,2.3333,140,280,420,2.0,130,180,310,1.3846,100,130,230,1.3,90,120,210,1.3333,123,71
910,220,670,190,680,870,3.5789,180,370,550,2.0556,160,310,470,1.9375,150,200,350,1.3333,120,130,250,1.0833,110,110,220,1.0,124,72
880,240,700,210,480,690,2.2857,180,350,530,1.9444,170,290,460,1.7059,150,180,330,1.2,130,120,250,0.92308,110,110,220,1.0,124,72
940,180,570,200,440,640,2.2,200,310,510,1.55,170,240,410,1.4118,130,170,300,1.3077,110,130,240,1.1818,90,110,200,1.2222,124,72
900,370,580,190,560,750,2.9474,170,370,540,2.1765,150,310,460,2.0667,120,170,290,1.4167,120,120,240,1.0,100,100,200,1.0,124,72
910,320,590,190,450,640,2.3684,170,330,500,1.9412,160,270,430,1.6875,140,160,300,1.1429,120,110,230,0.91667,110,90,200,0.81818,124,72
910,320,570,190,440,630,2.3158,170,370,540,2.1765,160,300,460,1.875,130,170,300,1.3077,120,120,240,1.0,100,100,200,1.0,124,72
920,340,550,190,460,650,2.4211,160,340,500,2.125,160,290,450,1.8125,140,170,310,1.2143,120,130,250,1.0833,100,100,200,1.0,125,72
910,250,560,210,520,730,2.4762,170,360,530,2.1176,150,300,450,2.0,130,180,310,1.3846,110,130,240,1.1818,100,110,210,1.1,125,72
930,350,550,190,490,680,2.5789,170,350,520,2.0588,150,290,440,1.9333,130,170,300,1.3077,110,120,230,1.0909,100,100,200,1.0,125,72
890,380,520,200,440,640,2.2,170,320,490,1.8824,160,260,420,1.625,140,150,290,1.0714,110,110,220,1.0,100,80,180,0.8,124,72
910,370,530,190,420,610,2.2105,160,310,470,1.9375,150,260,410,1.7333,130,160,290,1.2308,110,120,230,1.0909,100,100,200,1.0,124,72
910,380,540,190,420,610,2.2105,170,290,460,1.7059,150,240,390,1.6,140,180,320,1.2857,110,130,240,1.1818,100,110,210,1.1,125,72
900,370,700,190,420,610,2.2105,170,310,480,1.8235,160,250,410,1.5625,130,170,300,1.3077,120,130,250,1.0833,110,100,210,0.90909,126,73
940,200,590,220,390,610,1.7727,180,280,460,1.5556,160,230,390,1.4375,140,170,310,1.2143,110,130,240,1.1818,100,110,210,1.1,126,73
920,350,660,190,450,640,2.3684,170,330,500,1.9412,160,270,430,1.6875,130,160,290,1.2308,110,120,230,1.0909,100,90,190,0.9,126,73
920,260,600,190,440,630,2.3158,160,320,480,2.0,150,260,410,1.7333,130,160,290,1.2308,110,110,220,1.0,100,90,190,0.9,125,72
850,320,600,210,530,740,2.5238,170,370,540,2.1765,160,310,470,1.9375,130,180,310,1.3846,110,120,230,1.0909,100,100,200,1.0,125,72
920,380,560,190,570,760,3.0,170,390,560,2.2941,160,330,490,2.0625,140,190,330,1.3571,110,130,240,1.1818,100,110,210,1.1,125,73
910,210,610,230,420,650,1.8261,180,290,470,1.6111,160,200,360,1.25,140,150,290,1.0714,120,120,240,1.0,100,100,200,1.0,125,73
930,300,610,180,620,800,3.4444,150,440,590,2.9333,140,360,500,2.5714,120,200,320,1.6667,100,130,230,1.3,90,110,200,1.2222,125,72
930,290,640,180,500,680,2.7778,160,390,550,2.4375,150,330,480,2.2,130,190,320,1.4615,110,130,240,1.1818,90,110,200,1.2222,125,72
890,240,680,210,520,730,2.4762,190,370,560,1.9474,180,320,500,1.7778,160,200,360,1.25,140,130,270,0.92857,120,110,230,0.91667,126,73
900,210,620,230,440,670,1.913,230,340,570,1.4783,210,290,500,1.381,160,180,340,1.125,140,140,280,1.0,120,110,230,0.91667,127,73
900,280,590,180,600,780,3.3333,160,410,570,2.5625,150,340,490,2.2667,130,200,330,1.5385,120,130,250,1.0833,100,110,210,1.1,127,73
900,310,610,190,480,670,2.5263,160,360,520,2.25,150,300,450,2.0,130,180,310,1.3846,110,120,230,1.0909,100,110,210,1.1,127,73
900,290,590,180,460,640,2.5556,160,370,530,2.3125,150,330,480,2.2,130,220,350,1.6923,110,130,240,1.1818,100,100,200,1.0,127,73
910,310,600,190,490,680,2.5789,160,340,500,2.125,160,280,440,1.75,130,170,300,1.3077,110,120,230,1.0909,100,110,210,1.1,128,74
900,310,650,210,430,640,2.0476,180,370,550,2.0556,170,310,480,1.8235,150,190,340,1.2667,130,120,250,0.92308,110,100,210,0.90909,129,74
890,250,680,230,470,700,2.0435,190,350,540,1.8421,180,290,470,1.6111,160,180,340,1.125,130,120,250,0.92308,120,100,220,0.8333299999999999,130,75
890,210,570,230,410,640,1.7826,210,300,510,1.4286,180,240,420,1.3333,150,160,310,1.0667,130,120,250,0.92308,120,100,220,0.8333299999999999,130,76
920,310,600,190,460,650,2.4211,160,340,500,2.125,150,280,430,1.8667,130,160,290,1.2308,110,120,230,1.0909,100,100,200,1.0,131,76
890,320,590,200,420,620,2.1,170,310,480,1.8235,160,250,410,1.5625,140,150,290,1.0714,120,100,220,0.8333299999999999,90,90,180,1.0,131,76
900,300,530,190,540,730,2.8421,170,370,540,2.1765,160,290,450,1.8125,140,160,300,1.1429,120,130,250,1.0833,100,90,190,0.9,132,76
900,370,660,200,380,580,1.9,170,260,430,1.5294,160,240,400,1.5,140,180,320,1.2857,120,130,250,1.0833,110,100,210,0.90909,133,77
890,240,680,260,460,720,1.7692,210,350,560,1.6667,180,300,480,1.6667,160,210,370,1.3125,140,140,280,1.0,120,120,240,1.0,134,77
900,210,480,180,400,580,2.2222,150,290,440,1.9333,140,230,370,1.6429,120,160,280,1.3333,110,120,230,1.0909,90,100,190,1.1111,134,77
900,310,590,180,440,620,2.4444,160,320,480,2.0,150,260,410,1.7333,130,150,280,1.1538,110,120,230,1.0909,100,90,190,0.9,134,77
900,310,570,190,470,660,2.4737,160,340,500,2.125,160,280,440,1.75,130,170,300,1.3077,120,120,240,1.0,100,100,200,1.0,135,78
910,330,660,190,670,860,3.5263,170,370,540,2.1765,150,310,460,2.0667,140,180,320,1.2857,110,120,230,1.0909,100,110,210,1.1,136,78
880,250,670,230,360,590,1.5652,190,240,430,1.2632,170,180,350,1.0588,150,130,280,0.86667,140,90,230,0.64286,120,80,200,0.66667,136,78
900,210,600,230,430,660,1.8696,230,320,550,1.3913,170,260,430,1.5294,140,170,310,1.2143,120,130,250,1.0833,110,120,230,1.0909,136,79
890,320,600,190,470,660,2.4737,160,330,490,2.0625,150,270,420,1.8,140,160,300,1.1429,110,120,230,1.0909,90,90,180,1.0,135,78
900,290,630,180,450,630,2.5,160,330,490,2.0625,140,280,420,2.0,130,160,290,1.2308,110,120,230,1.0909,100,100,200,1.0,136,78
900,270,610,190,420,610,2.2105,160,300,460,1.875,160,250,410,1.5625,130,150,280,1.1538,120,110,230,0.91667,100,100,200,1.0,136,79
840,290,660,190,670,860,3.5263,170,350,520,2.0588,160,280,440,1.75,150,160,310,1.0667,120,110,230,0.91667,110,100,210,0.90909,137,79
890,210,600,230,410,640,1.7826,200,290,490,1.45,170,250,420,1.4706,140,160,300,1.1429,120,120,240,1.0,110,100,210,0.90909,137,79
900,290,590,190,460,650,2.4211,160,320,480,2.0,150,270,420,1.8,130,150,280,1.1538,120,110,230,0.91667,100,90,190,0.9,136,79
900,310,580,200,480,680,2.4,170,340,510,2.0,160,280,440,1.75,130,160,290,1.2308,120,110,230,0.91667,100,90,190,0.9,136,79
900,320,610,190,620,810,3.2632,160,350,510,2.1875,150,280,430,1.8667,130,160,290,1.2308,110,120,230,1.0909,100,100,200,1.0,136,79
910,290,510,190,440,630,2.3158,170,320,490,1.8824,160,250,410,1.5625,130,160,290,1.2308,120,120,240,1.0,100,100,200,1.0,137,79
910,210,600,180,410,590,2.2778,160,290,450,1.8125,140,220,360,1.5714,130,150,280,1.1538,110,120,230,1.0909,90,100,190,1.1111,136,79
900,340,510,190,520,710,2.7368,170,360,530,2.1176,160,290,450,1.8125,140,160,300,1.1429,120,120,240,1.0,110,100,210,0.90909,136,78
900,390,610,190,450,640,2.3684,160,330,490,2.0625,160,270,430,1.6875,130,170,300,1.3077,120,130,250,1.0833,100,110,210,1.1,136,78
890,320,570,180,450,630,2.5,160,330,490,2.0625,150,260,410,1.7333,140,150,290,1.0714,110,110,220,1.0,90,90,180,1.0,136,79
910,320,570,180,580,760,3.2222,150,430,580,2.8667,140,360,500,2.5714,120,200,320,1.6667,100,130,230,1.3,90,110,200,1.2222,135,79
910,340,590,190,440,630,2.3158,170,320,490,1.8824,150,260,410,1.7333,140,160,300,1.1429,110,120,230,1.0909,100,90,190,0.9,135,79
890,320,540,200,400,600,2.0,170,300,470,1.7647,160,240,400,1.5,140,150,290,1.0714,120,110,230,0.91667,110,90,200,0.81818,135,79
890,350,670,190,680,870,3.5789,170,360,530,2.1176,160,290,450,1.8125,130,170,300,1.3077,110,130,240,1.1818,100,110,210,1.1,136,79
900,220,700,240,440,680,1.8333,170,370,540,2.1765,150,310,460,2.0667,140,190,330,1.3571,110,140,250,1.2727,100,120,220,1.2,137,79
910,200,590,220,420,640,1.9091,200,300,500,1.5,160,250,410,1.5625,140,170,310,1.2143,120,130,250,1.0833,100,110,210,1.1,137,79
900,320,570,190,550,740,2.8947,150,360,510,2.4,150,300,450,2.0,130,160,290,1.2308,110,110,220,1.0,100,100,200,1.0,136,79
890,340,570,190,450,640,2.3684,160,330,490,2.0625,160,270,430,1.6875,130,160,290,1.2308,110,120,230,1.0909,100,100,200,1.0,136,79
920,320,540,180,420,600,2.3333,160,290,450,1.8125,140,220,360,1.5714,130,150,280,1.1538,100,120,220,1.2,90,90,180,1.0,137,79
890,380,650,200,460,660,2.3,180,330,510,1.8333,160,270,430,1.6875,150,160,310,1.0667,120,110,230,0.91667,110,90,200,0.81818,138,79
900,240,670,260,460,720,1.7692,260,350,610,1.3462,200,290,490,1.45,160,250,410,1.5625,130,160,290,1.2308,120,130,250,1.0833,138,80
900,230,550,200,410,610,2.05,160,300,460,1.875,150,230,380,1.5333,130,150,280,1.1538,110,110,220,1.0,100,100,200,1.0,137,80
910,350,480,180,490,670,2.7222,160,360,520,2.25,150,300,450,2.0,130,170,300,1.3077,110,120,230,1.0909,90,100,190,1.1111,137,79
900,290,550,190,430,620,2.2632,170,320,490,1.8824,160,260,420,1.625,140,160,300,1.1429,120,110,230,0.91667,110,90,200,0.81818,138,79
910,350,650,200,450,650,2.25,160,320,480,2.0,160,260,420,1.625,130,160,290,1.2308,120,110,230,0.91667,100,100,200,1.0,139,80
890,260,520,190,400,590,2.1053,180,290,470,1.6111,160,230,390,1.4375,150,150,300,1.0,120,110,230,0.91667,110,100,210,0.90909,139,80
900,290,550,190,440,630,2.3158,160,310,470,1.9375,150,250,400,1.6667,130,150,280,1.1538,110,110,220,1.0,100,90,190,0.9,138,80
910,350,630,200,490,690,2.45,170,340,510,2.0,160,280,440,1.75,140,160,300,1.1429,110,120,230,1.0909,110,100,210,0.90909,139,80
910,280,670,190,680,870,3.5789,170,370,540,2.1765,160,310,470,1.9375,140,180,320,1.2857,120,120,240,1.0,100,100,200,1.0,139,80
880,240,690,210,440,650,2.0952,170,320,490,1.8824,170,260,430,1.5294,140,160,300,1.1429,130,120,250,0.92308,110,100,210,0.90909,139,80
930,190,610,210,440,650,2.0952,210,320,530,1.5238,210,270,480,1.2857,150,180,330,1.2,130,130,260,1.0,110,120,230,1.0909,139,80
920,230,620,250,440,690,1.76,170,330,500,1.9412,150,260,410,1.7333,130,160,290,1.2308,110,130,240,1.1818,100,110,210,1.1,140,81
910,300,600,190,610,800,3.2105,170,420,590,2.4706,150,360,510,2.4,130,200,330,1.5385,120,120,240,1.0,100,100,200,1.0,140,81
900,310,630,180,640,820,3.5556,160,440,600,2.75,150,380,530,2.5333,130,220,350,1.6923,90,130,220,1.4444,90,100,190,1.1111,140,81
920,270,630,180,460,640,2.5556,160,350,510,2.1875,140,300,440,2.1429,130,170,300,1.3077,110,120,230,1.0909,100,110,210,1.1,141,81
910,290,680,190,560,750,2.9474,170,360,530,2.1176,160,270,430,1.6875,140,170,310,1.2143,120,130,250,1.0833,110,110,220,1.0,142,81
880,230,680,190,610,800,3.2105,170,370,540,2.1765,160,310,470,1.9375,140,180,320,1.2857,130,130,260,1.0,120,100,220,0.8333299999999999,143,82
920,310,600,170,540,710,3.1765,150,400,550,2.6667,140,340,480,2.4286,130,200,330,1.5385,100,130,230,1.3,90,110,200,1.2222,143,82
850,290,640,190,520,710,2.7368,160,360,520,2.25,160,300,460,1.875,140,180,320,1.2857,120,120,240,1.0,110,100,210,0.90909,144,82
890,230,690,250,500,750,2.0,190,380,570,2.0,170,330,500,1.9412,150,210,360,1.4,130,120,250,0.92308,120,100,220,0.8333299999999999,146,83
920,200,600,220,430,650,1.9545,220,310,530,1.4091,220,240,460,1.0909,150,200,350,1.3333,120,140,260,1.1667,110,110,220,1.0,146,84
910,320,610,180,520,700,2.8889,150,370,520,2.4667,140,310,450,2.2143,130,180,310,1.3846,110,120,230,1.0909,100,100,200,1.0,145,83
910,300,420,180,430,610,2.3889,160,360,520,2.25,150,290,440,1.9333,130,170,300,1.3077,110,120,230,1.0909,90,100,190,1.1111,145,83
920,230,690,190,700,890,3.6842,170,450,620,2.6471,160,380,540,2.375,140,210,350,1.5,120,130,250,1.0833,100,100,200,1.0,146,83
900,230,690,190,700,890,3.6842,170,380,550,2.2353,160,310,470,1.9375,140,180,320,1.2857,120,130,250,1.0833,110,100,210,0.90909,146,84
870,210,650,230,480,710,2.087,230,360,590,1.5652,180,320,500,1.7778,150,210,360,1.4,130,160,290,1.2308,110,120,230,1.0909,146,84
930,270,590,180,490,670,2.7222,160,360,520,2.25,150,300,450,2.0,130,170,300,1.3077,120,120,240,1.0,100,110,210,1.1,145,83
900,340,680,200,520,720,2.6,170,410,580,2.4118,160,400,560,2.5,140,260,400,1.8571,130,140,270,1.0769,110,110,220,1.0,146,83
880,220,700,180,530,710,2.9444,170,360,530,2.1176,160,320,480,2.0,140,190,330,1.3571,120,130,250,1.0833,110,110,220,1.0,147,84
920,180,590,200,460,660,2.3,200,350,550,1.75,200,290,490,1.45,140,190,330,1.3571,110,150,260,1.3636,100,130,230,1.3,146,84
930,290,650,180,530,710,2.9444,160,380,540,2.375,150,330,480,2.2,130,180,310,1.3846,110,120,230,1.0909,100,100,200,1.0,146,83
880,280,630,210,490,700,2.3333,180,360,540,2.0,180,300,480,1.6667,150,170,320,1.1333,130,100,230,0.76923,100,80,180,0.8,146,83
910,250,640,190,650,840,3.4211,170,400,570,2.3529,160,330,490,2.0625,130,190,320,1.4615,120,120,240,1.0,110,100,210,0.90909,147,84
890,270,660,230,390,620,1.6957,200,270,470,1.35,180,240,420,1.3333,160,220,380,1.375,140,130,270,0.92857,130,100,230,0.76923,147,84
880,230,680,250,490,740,1.96,210,390,600,1.8571,190,330,520,1.7368,170,230,400,1.3529,140,130,270,0.92857,130,110,240,0.84615,148,84
900,200,490,220,400,620,1.8182,180,310,490,1.7222,160,250,410,1.5625,130,160,290,1.2308,120,120,240,1.0,100,100,200,1.0,147,84
900,280,620,190,450,640,2.3684,170,330,500,1.9412,160,290,450,1.8125,130,160,290,1.2308,120,110,230,0.91667,100,90,190,0.9,147,84
900,280,610,190,510,700,2.6842,160,360,520,2.25,160,310,470,1.9375,140,180,320,1.2857,120,110,230,0.91667,110,100,210,0.90909,148,85
890,290,650,200,660,860,3.3,170,380,550,2.2353,170,320,490,1.8824,130,180,310,1.3846,130,110,240,0.84615,110,90,200,0.81818,149,85
900,240,670,230,390,620,1.6957,180,260,440,1.4444,180,190,370,1.0556,150,120,270,0.8,130,110,240,0.84615,110,100,210,0.90909,149,85
890,230,650,250,440,690,1.76,250,340,590,1.36,200,290,490,1.45,170,180,350,1.0588,140,130,270,0.92857,120,100,220,0.8333299999999999,149,85
900,240,570,180,580,760,3.2222,160,340,500,2.125,150,250,400,1.6667,140,150,290,1.0714,110,110,220,1.0,100,90,190,0.9,149,85
890,330,570,190,490,680,2.5789,170,350,520,2.0588,160,310,470,1.9375,140,170,310,1.2143,110,110,220,1.0,110,100,210,0.90909,148,85
900,320,570,190,440,630,2.3158,160,330,490,2.0625,160,280,440,1.75,130,160,290,1.2308,110,120,230,1.0909,100,90,190,0.9,149,85
910,330,560,190,460,650,2.4211,170,340,510,2.0,160,300,460,1.875,140,160,300,1.1429,120,120,240,1.0,100,100,200,1.0,149,85
850,350,660,200,670,870,3.35,170,380,550,2.2353,170,320,490,1.8824,140,190,330,1.3571,130,120,250,0.92308,110,100,210,0.90909,150,86
920,190,720,180,440,620,2.4444,140,310,450,2.2143,130,250,380,1.9231,110,170,280,1.5455,90,120,210,1.3333,70,90,160,1.2857,150,86
900,200,590,220,430,650,1.9545,220,320,540,1.4545,180,280,460,1.5556,150,180,330,1.2,130,130,260,1.0,110,120,230,1.0909,150,86
890,310,600,180,460,640,2.5556,160,340,500,2.125,140,280,420,2.0,130,160,290,1.2308,100,120,220,1.2,90,90,180,1.0,150,86
910,290,600,180,460,640,2.5556,150,340,490,2.2667,140,280,420,2.0,130,160,290,1.2308,100,120,220,1.2,90,100,190,1.1111,150,86
890,310,660,190,460,650,2.4211,170,320,490,1.8824,160,260,420,1.625,140,160,300,1.1429,120,110,230,0.91667,100,90,190,0.9,150,86
900,230,370,190,380,570,2.0,170,360,530,2.1176,160,300,460,1.875,140,180,320,1.2857,120,120,240,1.0,100,100,200,1.0,151,86
900,210,600,230,400,630,1.7391,180,300,480,1.6667,170,250,420,1.4706,140,160,300,1.1429,120,120,240,1.0,110,100,210,0.90909,150,86
890,300,600,190,610,800,3.2105,160,430,590,2.6875,150,360,510,2.4,130,230,360,1.7692,110,110,220,1.0,100,90,190,0.9,150,86
910,290,690,170,450,620,2.6471,150,320,470,2.1333,140,270,410,1.9286,120,160,280,1.3333,110,120,230,1.0909,90,100,190,1.1111,150,86
900,220,600,190,460,650,2.4211,150,340,490,2.2667,150,280,430,1.8667,140,160,300,1.1429,120,110,230,0.91667,100,100,200,1.0,150,86
890,300,600,190,610,800,3.2105,170,390,560,2.2941,160,330,490,2.0625,130,180,310,1.3846,120,120,240,1.0,100,100,200,1.0,150,86
900,290,690,180,650,830,3.6111,160,390,550,2.4375,150,320,470,2.1333,140,200,340,1.4286,110,130,240,1.1818,110,110,220,1.0,151,86
890,210,680,230,470,700,2.0435,200,370,570,1.85,180,320,500,1.7778,150,210,360,1.4,130,140,270,1.0769,120,110,230,0.91667,151,86
900,210,590,190,420,610,2.2105,160,310,470,1.9375,150,250,400,1.6667,130,160,290,1.2308,110,120,230,1.0909,100,100,200,1.0,150,86
900,310,610,180,620,800,3.4444,150,420,570,2.8,150,350,500,2.3333,130,210,340,1.6154,120,120,240,1.0,100,100,200,1.0,150,86
900,290,610,180,490,670,2.7222,160,370,530,2.3125,150,310,460,2.0667,140,170,310,1.2143,120,120,240,1.0,100,90,190,0.9,150,86
920,290,670,190,460,650,2.4211,160,360,520,2.25,150,310,460,2.0667,140,190,330,1.3571,120,120,240,1.0,110,100,210,0.90909,150,86
890,250,690,230,480,710,2.087,180,410,590,2.2778,170,340,510,2.0,150,210,360,1.4,130,130,260,1.0,120,100,220,0.8333299999999999,152,87
900,200,640,220,440,660,2.0,220,340,560,1.5455,190,290,480,1.5263,150,190,340,1.2667,130,130,260,1.0,110,120,230,1.0909,151,87
900,260,590,170,470,640,2.7647,150,340,490,2.2667,140,290,430,2.0714,130,170,300,1.3077,110,120,230,1.0909,90,100,190,1.1111,151,87
920,310,690,170,460,630,2.7059,150,350,500,2.3333,140,300,440,2.1429,120,180,300,1.5,100,130,230,1.3,90,100,190,1.1111,151,86
900,230,570,200,420,620,2.1,170,320,490,1.8824,160,280,440,1.75,140,170,310,1.2143,120,120,240,1.0,110,100,210,0.90909,151,86
910,330,670,200,680,880,3.4,180,390,570,2.1667,160,320,480,2.0,150,200,350,1.3333,120,120,240,1.0,100,100,200,1.0,152,87
880,240,680,260,450,710,1.7308,200,310,510,1.55,190,290,480,1.5263,170,210,380,1.2353,140,130,270,0.92857,130,100,230,0.76923,153,87
910,200,570,220,420,640,1.9091,220,310,530,1.4091,180,250,430,1.3889,150,170,320,1.1333,130,130,260,1.0,110,100,210,0.90909,152,87
890,340,530,190,480,670,2.5263,160,340,500,2.125,160,290,450,1.8125,130,150,280,1.1538,120,100,220,0.8333299999999999,110,90,200,0.81818,151,87
900,290,620,190,500,690,2.6316,160,340,500,2.125,160,300,460,1.875,140,160,300,1.1429,120,110,230,0.91667,110,90,200,0.81818,152,87
910,280,660,190,650,840,3.4211,160,360,520,2.25,150,320,470,2.1333,130,160,290,1.2308,110,120,230,1.0909,100,100,200,1.0,152,87
890,250,670,200,680,880,3.4,170,400,570,2.3529,170,330,500,1.9412,150,200,350,1.3333,130,120,250,0.92308,120,100,220,0.8333299999999999,152,87
900,220,700,240,480,720,2.0,240,360,600,1.5,240,300,540,1.25,170,180,350,1.0588,140,160,300,1.1429,130,130,260,1.0,153,87
900,200,620,210,420,630,2.0,170,310,480,1.8235,150,250,400,1.6667,130,150,280,1.1538,120,110,230,0.91667,100,100,200,1.0,152,87
910,280,380,180,390,570,2.1667,160,390,550,2.4375,140,330,470,2.3571,130,200,330,1.5385,110,120,230,1.0909,110,100,210,0.90909,152,87
920,290,670,200,570,770,2.85,170,390,560,2.2941,160,330,490,2.0625,140,190,330,1.3571,120,120,240,1.0,110,100,210,0.90909,153,87
890,250,660,200,670,870,3.35,180,420,600,2.3333,160,350,510,2.1875,150,220,370,1.4667,130,110,240,0.84615,110,100,210,0.90909,154,88
850,230,670,200,450,650,2.25,170,330,500,1.9412,160,280,440,1.75,150,160,310,1.0667,130,110,240,0.84615,120,100,220,0.8333299999999999,154,88
930,180,660,200,460,660,2.3,200,340,540,1.7,200,280,480,1.4,130,180,310,1.3846,100,130,230,1.3,90,110,200,1.2222,153,88
900,270,630,180,460,640,2.5556,150,350,500,2.3333,150,290,440,1.9333,130,160,290,1.2308,100,120,220,1.2,100,100,200,1.0,153,88
900,280,620,190,470,660,2.4737,160,350,510,2.1875,150,290,440,1.9333,130,170,300,1.3077,110,120,230,1.0909,110,100,210,0.90909,153,87
900,280,620,190,480,670,2.5263,170,340,510,2.0,160,280,440,1.75,130,170,300,1.3077,120,110,230,0.91667,100,100,200,1.0,153,88
900,280,670,190,680,870,3.5789,170,390,560,2.2941,160,320,480,2.0,140,200,340,1.4286,120,120,240,1.0,110,100,210,0.90909,154,88
890,230,680,200,460,660,2.3,180,340,520,1.8889,170,280,450,1.6471,150,170,320,1.1333,130,110,240,0.84615,120,100,220,0.8333299999999999,153,88
890,210,530,230,390,620,1.6957,230,310,540,1.3478,230,250,480,1.087,160,150,310,0.9375,140,110,250,0.78571,120,90,210,0.75,153,88
890,360,620,180,510,690,2.8333,160,370,530,2.3125,140,310,450,2.2143,130,180,310,1.3846,110,120,230,1.0909,100,100,200,1.0,153,88
900,260,630,180,410,590,2.2778,160,330,490,2.0625,150,290,440,1.9333,130,170,300,1.3077,110,120,230,1.0909,100,90,190,0.9,152,87
900,270,640,190,390,580,2.0526,170,350,520,2.0588,150,290,440,1.9333,140,160,300,1.1429,120,110,230,0.91667,110,100,210,0.90909,152,87
890,260,650,200,500,700,2.5,180,330,510,1.8333,170,280,450,1.6471,140,170,310,1.2143,130,110,240,0.84615,110,90,200,0.81818,153,87
880,240,650,260,470,730,1.8077,200,360,560,1.8,180,310,490,1.7222,160,200,360,1.25,140,130,270,0.92857,120,110,230,0.91667,154,88
910,230,570,200,420,620,2.1,160,320,480,2.0,150,260,410,1.7333,130,160,290,1.2308,100,120,220,1.2,100,100,200,1.0,153,88
910,340,560,190,530,720,2.7895,170,370,540,2.1765,160,310,470,1.9375,130,170,300,1.3077,120,110,230,0.91667,100,90,190,0.9,153,88
880,350,580,200,590,790,2.95,170,390,560,2.2941,160,330,490,2.0625,140,190,330,1.3571,110,100,210,0.90909,80,80,160,1.0,152,88
910,300,650,190,460,650,2.4211,160,340,500,2.125,160,290,450,1.8125,130,180,310,1.3846,120,120,240,1.0,100,100,200,1.0,152,87
900,260,660,190,430,620,2.2632,170,300,470,1.7647,160,250,410,1.5625,140,200,340,1.4286,120,110,230,0.91667,110,100,210,0.90909,153,88
890,240,670,200,490,690,2.45,180,330,510,1.8333,170,290,460,1.7059,150,170,320,1.1333,130,120,250,0.92308,110,90,200,0.81818,154,88
900,220,630,240,430,670,1.7917,240,320,560,1.3333,190,270,460,1.4211,160,180,340,1.125,140,130,270,0.92857,120,110,230,0.91667,153,88
890,270,570,190,430,620,2.2632,160,320,480,2.0,160,250,410,1.5625,130,140,270,1.0769,120,100,220,0.8333299999999999,110,90,200,0.81818,153,88
910,320,640,180,490,670,2.7222,160,350,510,2.1875,150,300,450,2.0,130,160,290,1.2308,110,120,230,1.0909,100,90,190,0.9,153,88
900,270,630,190,540,730,2.8421,170,360,530,2.1176,160,300,460,1.875,150,170,320,1.1333,130,110,240,0.84615,110,90,200,0.81818,153,88
900,270,560,190,450,640,2.3684,170,320,490,1.8824,160,280,440,1.75,140,160,300,1.1429,120,110,230,0.91667,110,90,200,0.81818,153,87
890,340,660,200,390,590,1.95,170,270,440,1.5882,160,210,370,1.3125,150,120,270,0.8,120,100,220,0.8333299999999999,110,90,200,0.81818,153,88
880,230,670,200,440,640,2.2,180,320,500,1.7778,170,270,440,1.5882,140,170,310,1.2143,120,120,240,1.0,110,100,210,0.90909,154,88
910,210,580,230,420,650,1.8261,230,340,570,1.4783,190,290,480,1.5263,150,180,330,1.2,130,140,270,1.0769,110,120,230,1.0909,153,88
890,330,570,190,470,660,2.4737,170,340,510,2.0,160,290,450,1.8125,130,150,280,1.1538,120,110,230,0.91667,100,90,190,0.9,153,88
910,320,580,170,470,640,2.7647,160,340,500,2.125,150,280,430,1.8667,130,160,290,1.2308,110,120,230,1.0909,90,90,180,1.0,152,87
840,230,670,180,650,830,3.6111,170,340,510,2.0,150,280,430,1.8667,130,160,290,1.2308,110,120,230,1.0909,100,100,200,1.0,153,87
900,210,700,230,500,730,2.1739,170,390,560,2.2941,150,340,490,2.2667,140,220,360,1.5714,110,150,260,1.3636,100,120,220,1.2,154,88
900,200,580,220,410,630,1.8636,170,290,460,1.7059,160,250,410,1.5625,130,170,300,1.3077,110,130,240,1.1818,100,100,200,1.0,153,88
890,320,630,180,490,670,2.7222,160,350,510,2.1875,150,300,450,2.0,130,170,300,1.3077,110,110,220,1.0,100,100,200,1.0,153,88
890,260,460,170,460,630,2.7059,150,330,480,2.2,140,270,410,1.9286,120,160,280,1.3333,100,110,210,1.1,90,90,180,1.0,152,87
890,290,670,180,680,860,3.7778,150,380,530,2.5333,140,320,460,2.2857,140,190,330,1.3571,110,120,230,1.0909,100,100,200,1.0,153,87
890,220,680,190,400,590,2.1053,160,310,470,1.9375,150,260,410,1.7333,130,160,290,1.2308,110,120,230,1.0909,100,100,200,1.0,153,87
890,210,680,230,460,690,2.0,200,340,540,1.7,170,290,460,1.7059,150,190,340,1.2667,130,140,270,1.0769,110,110,220,1.0,153,87
910,210,610,170,490,660,2.8824,140,340,480,2.4286,130,280,410,2.1538,120,160,280,1.3333,100,130,230,1.3,90,100,190,1.1111,152,87
900,300,600,180,480,660,2.6667,160,340,500,2.125,150,290,440,1.9333,130,160,290,1.2308,120,110,230,0.91667,100,100,200,1.0,152,87
900,300,670,180,480,660,2.6667,160,340,500,2.125,150,270,420,1.8,140,160,300,1.1429,120,110,230,0.91667,100,90,190,0.9,151,87
900,230,640,180,450,630,2.5,160,340,500,2.125,150,280,430,1.8667,130,170,300,1.3077,110,120,230,1.0909,100,100,200,1.0,152,87
900,260,680,180,600,780,3.3333,160,400,560,2.5,150,330,480,2.2,140,200,340,1.4286,110,120,230,1.0909,100,110,210,1.1,152,87
890,220,690,180,430,610,2.3889,160,330,490,2.0625,150,280,430,1.8667,130,170,300,1.3077,120,130,250,1.0833,100,110,210,1.1,152,87
910,200,590,220,440,660,2.0,220,330,550,1.5,170,270,440,1.5882,140,170,310,1.2143,120,130,250,1.0833,100,120,220,1.2,152,87
910,320,630,180,520,700,2.8889,150,370,520,2.4667,140,310,450,2.2143,120,170,290,1.4167,100,130,230,1.3,90,100,190,1.1111,151,87
900,280,640,180,470,650,2.6111,160,380,540,2.375,150,340,490,2.2667,130,260,390,2.0,110,120,230,1.0909,100,100,200,1.0,151,86
910,260,570,180,580,760,3.2222,160,360,520,2.25,150,300,450,2.0,130,160,290,1.2308,110,120,230,1.0909,100,100,200,1.0,151,86
900,340,670,190,430,620,2.2632,170,380,550,2.2353,160,330,490,2.0625,130,180,310,1.3846,120,120,240,1.0,100,100,200,1.0,151,86
890,230,690,250,500,750,2.0,190,380,570,2.0,170,330,500,1.9412,150,210,360,1.4,130,130,260,1.0,120,100,220,0.8333299999999999,151,87
910,200,560,220,420,640,1.9091,170,310,480,1.8235,170,260,430,1.5294,140,160,300,1.1429,120,120,240,1.0,100,100,200,1.0,151,86
930,240,650,180,480,660,2.6667,160,350,510,2.1875,150,300,450,2.0,130,170,300,1.3077,110,110,220,1.0,100,90,190,0.9,150,86
910,260,600,190,610,800,3.2105,170,390,560,2.2941,150,320,470,2.1333,140,200,340,1.4286,120,120,240,1.0,100,100,200,1.0,151,86
890,310,670,210,390,600,1.8571,180,280,460,1.5556,170,250,420,1.4706,150,190,340,1.2667,130,120,250,0.92308,120,90,210,0.75,151,86
900,220,640,240,450,690,1.875,210,350,560,1.6667,180,300,480,1.6667,150,190,340,1.2667,130,130,260,1.0,110,110,220,1.0,151,86
900,260,490,180,410,590,2.2778,160,300,460,1.875,150,250,400,1.6667,130,140,270,1.0769,110,110,220,1.0,100,90,190,0.9,151,86
900,310,580,190,460,650,2.4211,170,330,500,1.9412,160,290,450,1.8125,130,160,290,1.2308,120,110,230,0.91667,110,90,200,0.81818,149,85
900,320,600,190,470,660,2.4737,160,340,500,2.125,150,280,430,1.8667,140,160,300,1.1429,110,110,220,1.0,110,100,210,0.90909,149,85
910,300,620,180,630,810,3.5,160,380,540,2.375,150,330,480,2.2,140,190,330,1.3571,110,120,230,1.0909,100,100,200,1.0,150,85
900,200,600,220,420,640,1.9091,210,320,530,1.5238,180,270,450,1.5,140,170,310,1.2143,130,130,260,1.0,110,110,220,1.0,150,86
910,300,610,180,480,660,2.6667,160,340,500,2.125,150,290,440,1.9333,130,160,290,1.2308,110,110,220,1.0,100,90,190,0.9,148,85
900,300,630,190,480,670,2.5263,160,340,500,2.125,160,290,450,1.8125,130,160,290,1.2308,120,110,230,0.91667,100,90,190,0.9,148,85
900,270,670,190,490,680,2.5789,160,340,500,2.125,150,280,430,1.8667,130,160,290,1.2308,110,110,220,1.0,100,90,190,0.9,149,85
900,230,690,180,700,880,3.8889,160,370,530,2.3125,150,310,460,2.0667,130,180,310,1.3846,110,130,240,1.1818,90,100,190,1.1111,149,85
900,210,700,230,480,710,2.087,190,360,550,1.8947,170,320,490,1.8824,150,190,340,1.2667,140,140,280,1.0,120,110,230,0.91667,149,85
910,200,580,220,410,630,1.8636,170,310,480,1.8235,160,260,420,1.625,130,160,290,1.2308,120,120,240,1.0,100,100,200,1.0,149,85
910,330,590,180,600,780,3.3333,150,420,570,2.8,150,350,500,2.3333,120,210,330,1.75,110,120,230,1.0909,90,100,190,1.1111,148,85
920,320,580,180,440,620,2.4444,160,320,480,2.0,150,270,420,1.8,140,150,290,1.0714,110,110,220,1.0,100,90,190,0.9,148,85
910,340,660,190,440,630,2.3158,170,340,510,2.0,160,290,450,1.8125,140,160,300,1.1429,110,120,230,1.0909,100,90,190,0.9,148,84
910,250,650,200,660,860,3.3,170,360,530,2.1176,170,300,470,1.7647,140,170,310,1.2143,130,110,240,0.84615,110,90,200,0.81818,148,85
900,260,670,200,530,730,2.65,180,340,520,1.8889,170,290,460,1.7059,150,180,330,1.2,120,120,240,1.0,120,90,210,0.75,148,85
900,230,630,250,440,690,1.76,210,330,540,1.5714,180,280,460,1.5556,150,190,340,1.2667,140,120,260,0.85714,120,110,230,0.91667,148,85
910,270,600,190,410,600,2.1579,160,300,460,1.875,150,260,410,1.7333,130,150,280,1.1538,120,110,230,0.91667,100,90,190,0.9,148,85
900,310,620,190,630,820,3.3158,160,390,550,2.4375,150,330,480,2.2,130,190,320,1.4615,110,110,220,1.0,100,90,190,0.9,147,84
910,280,650,180,440,620,2.4444,160,330,490,2.0625,150,280,430,1.8667,130,170,300,1.3077,110,120,230,1.0909,100,90,190,0.9,147,84
900,260,600,190,420,610,2.2105,160,320,480,2.0,160,280,440,1.75,140,160,300,1.1429,120,110,230,0.91667,110,90,200,0.81818,146,84
910,300,680,180,690,870,3.8333,160,380,540,2.375,150,320,470,2.1333,140,200,340,1.4286,110,130,240,1.1818,100,110,210,1.1,147,84
890,250,640,210,430,640,2.0476,180,300,480,1.6667,180,240,420,1.3333,150,140,290,0.93333,140,90,230,0.64286,120,80,200,0.66667,146,83
900,250,660,190,550,740,2.8947,170,350,520,2.0588,160,290,450,1.8125,150,170,320,1.1333,120,110,230,0.91667,110,100,210,0.90909,146,83
890,240,690,260,450,710,1.7308,260,340,600,1.3077,190,290,480,1.5263,170,250,420,1.4706,130,140,270,1.0769,120,110,230,0.91667,145,83
900,200,550,220,410,630,1.8636,160,300,460,1.875,150,250,400,1.6667,130,160,290,1.2308,110,120,230,1.0909,100,100,200,1.0,144,83
910,350,490,180,490,670,2.7222,160,350,510,2.1875,150,300,450,2.0,130,170,300,1.3077,110,120,230,1.0909,90,100,190,1.1111,144,83
900,280,620,190,430,620,2.2632,160,320,480,2.0,150,270,420,1.8,140,160,300,1.1429,110,110,220,1.0,110,90,200,0.81818,145,83
910,280,530,190,460,650,2.4211,160,330,490,2.0625,150,280,430,1.8667,130,160,290,1.2308,110,110,220,1.0,100,90,190,0.9,145,83
810,380,680,200,460,660,2.3,170,330,500,1.9412,160,280,440,1.75,140,160,300,1.1429,120,110,230,0.91667,110,100,210,0.90909,144,83
900,300,570,180,450,630,2.5,160,320,480,2.0,150,270,420,1.8,130,150,280,1.1538,120,110,230,0.91667,90,80,170,0.88889,144,83
910,320,590,190,480,670,2.5263,160,360,520,2.25,150,310,460,2.0667,140,170,310,1.2143,110,120,230,1.0909,110,100,210,0.90909,144,82
920,320,670,190,520,710,2.7368,170,360,530,2.1176,160,300,460,1.875,140,170,310,1.2143,120,120,240,1.0,100,110,210,1.1,144,82
910,250,650,200,660,860,3.3,180,400,580,2.2222,170,330,500,1.9412,150,210,360,1.4,130,130,260,1.0,110,100,210,0.90909,145,83
910,370,620,180,570,750,3.1667,160,370,530,2.3125,150,320,470,2.1333,130,190,320,1.4615,110,120,230,1.0909,100,100,200,1.0,144,83
910,300,650,180,470,650,2.6111,160,350,510,2.1875,150,290,440,1.9333,130,170,300,1.3077,110,110,220,1.0,100,100,200,1.0,144,82
900,260,660,190,420,610,2.2105,160,320,480,2.0,150,310,460,2.0667,140,180,320,1.2857,110,120,230,1.0909,100,100,200,1.0,144,82
920,240,690,180,610,790,3.3889,160,360,520,2.25,150,310,460,2.0667,130,180,310,1.3846,110,130,240,1.1818,100,110,210,1.1,145,82
900,230,690,250,500,750,2.0,210,370,580,1.7619,190,330,520,1.7368,160,220,380,1.375,130,130,260,1.0,120,110,230,0.91667,144,82
910,210,560,190,420,610,2.2105,160,310,470,1.9375,150,260,410,1.7333,130,150,280,1.1538,110,120,230,1.0909,100,100,200,1.0,143,82
920,350,610,180,470,650,2.6111,160,350,510,2.1875,150,300,450,2.0,130,170,300,1.3077,110,120,230,1.0909,90,90,180,1.0,143,82
910,310,600,180,610,790,3.3889,160,400,560,2.5,150,330,480,2.2,130,210,340,1.6154,110,120,230,1.0909,100,100,200,1.0,143,81
920,310,620,190,450,640,2.3684,160,330,490,2.0625,150,280,430,1.8667,130,160,290,1.2308,120,110,230,0.91667,100,90,190,0.9,143,81
900,300,680,200,430,630,2.15,170,300,470,1.7647,160,230,390,1.4375,140,120,260,0.85714,120,100,220,0.8333299999999999,110,90,200,0.81818,143,82
900,220,690,180,440,620,2.4444,160,320,480,2.0,150,270,420,1.8,140,170,310,1.2143,110,120,230,1.0909,100,110,210,1.1,143,82
900,210,600,230,410,640,1.7826,230,340,570,1.4783,230,330,560,1.4348,160,210,370,1.3125,130,140,270,1.0769,120,120,240,1.0,142,81
920,300,590,170,470,640,2.7647,140,350,490,2.5,140,290,430,2.0714,120,160,280,1.3333,100,120,220,1.2,90,100,190,1.1111,141,81
920,330,550,180,480,660,2.6667,160,350,510,2.1875,140,300,440,2.1429,130,170,300,1.3077,100,110,210,1.1,100,100,200,1.0,141,81
920,250,620,180,540,720,3.0,170,350,520,2.0588,150,300,450,2.0,130,170,300,1.3077,110,120,230,1.0909,100,100,200,1.0,141,81
900,300,680,200,420,620,2.1,180,310,490,1.7222,170,260,430,1.5294,140,150,290,1.0714,120,110,230,0.91667,110,100,210,0.90909,141,81
900,220,690,240,480,720,2.0,180,360,540,2.0,170,310,480,1.8235,140,200,340,1.4286,120,130,250,1.0833,110,110,220,1.0,141,81
910,210,620,230,400,630,1.7391,200,280,480,1.4,170,220,390,1.2941,140,140,280,1.0,120,120,240,1.0,110,110,220,1.0,140,80
900,290,610,190,500,690,2.6316,160,360,520,2.25,150,310,460,2.0667,130,180,310,1.3846,120,110,230,0.91667,100,100,200,1.0,139,80
890,230,600,180,440,620,2.4444,170,330,500,1.9412,150,280,430,1.8667,140,160,300,1.1429,120,110,230,0.91667,100,90,190,0.9,140,80
930,290,690,180,590,770,3.2778,150,390,540,2.6,140,330,470,2.3571,120,200,320,1.6667,110,130,240,1.1818,90,110,200,1.2222,140,80
900,240,670,200,500,700,2.5,180,340,520,1.8889,170,290,460,1.7059,150,180,330,1.2,120,120,240,1.0,120,100,220,0.8333299999999999,139,80
900,230,660,250,430,680,1.72,210,320,530,1.5238,190,290,480,1.5263,160,190,350,1.1875,130,130,260,1.0,120,100,220,0.8333299999999999,139,80
900,240,560,190,510,700,2.6842,160,360,520,2.25,160,310,470,1.9375,140,170,310,1.2143,120,110,230,0.91667,110,100,210,0.90909,138,79
920,340,650,180,470,650,2.6111,160,340,500,2.125,150,300,450,2.0,130,170,300,1.3077,110,120,230,1.0909,90,100,190,1.1111,138,79
910,270,620,190,450,640,2.3684,170,350,520,2.0588,150,300,450,2.0,130,200,330,1.5385,110,110,220,1.0,100,90,190,0.9,138,79
900,290,540,200,420,620,2.1,160,310,470,1.9375,160,260,420,1.625,140,150,290,1.0714,120,110,230,0.91667,110,90,200,0.81818,139,79
910,360,680,190,440,630,2.3158,170,370,540,2.1765,160,320,480,2.0,140,200,340,1.4286,120,120,240,1.0,100,100,200,1.0,138,79
890,230,680,200,420,620,2.1,180,310,490,1.7222,170,270,440,1.5882,140,160,300,1.1429,130,120,250,0.92308,110,90,200,0.81818,138,79
910,210,570,230,410,640,1.7826,200,310,510,1.55,180,260,440,1.4444,140,160,300,1.1429,120,120,240,1.0,110,110,220,1.0,137,79
890,340,570,290,580,870,2.0,180,430,610,2.3889,170,360,530,2.1176,140,220,360,1.5714,120,130,250,1.0833,110,100,210,0.90909,137,79
910,320,610,180,480,660,2.6667,150,350,500,2.3333,150,290,440,1.9333,130,170,300,1.3077,110,120,230,1.0909,100,100,200,1.0,137,78
910,300,680,180,450,630,2.5,150,330,480,2.2,140,280,420,2.0,120,170,290,1.4167,90,120,210,1.3333,60,90,150,1.5,137,79
670,230,480,190,490,680,2.5789,170,340,510,2.0,160,280,440,1.75,130,170,300,1.3077,120,120,240,1.0,100,100,200,1.0,137,79
900,220,690,240,480,720,2.0,180,370,550,2.0556,160,330,490,2.0625,140,210,350,1.5,120,140,260,1.1667,100,120,220,1.2,136,78
910,210,560,180,400,580,2.2222,150,300,450,2.0,140,230,370,1.6429,120,150,270,1.25,100,110,210,1.1,90,100,190,1.1111,135,78
910,350,560,190,460,650,2.4211,170,340,510,2.0,150,290,440,1.9333,130,160,290,1.2308,110,110,220,1.0,100,90,190,0.9,135,78
900,350,620,190,440,630,2.3158,160,330,490,2.0625,160,280,440,1.75,130,160,290,1.2308,120,110,230,0.91667,100,90,190,0.9,135,78
910,280,630,200,520,720,2.6,170,360,530,2.1176,150,310,460,2.0667,130,180,310,1.3846,110,120,230,1.0909,100,100,200,1.0,135,78
870,280,670,190,680,870,3.5789,170,370,540,2.1765,160,310,470,1.9375,140,190,330,1.3571,120,120,240,1.0,100,100,200,1.0,135,78
930,200,710,170,420,590,2.4706,140,300,440,2.1429,130,250,380,1.9231,110,160,270,1.4545,100,120,220,1.2,80,90,170,1.125,135,78
900,220,610,240,410,650,1.7083,210,310,520,1.4762,180,270,450,1.5,150,160,310,1.0667,130,120,250,0.92308,120,100,220,0.8333299999999999,135,78
910,290,570,180,580,760,3.2222,150,390,540,2.6,150,320,470,2.1333,130,160,290,1.2308,110,110,220,1.0,100,100,200,1.0,135,78
910,340,600,190,470,660,2.4737,160,350,510,2.1875,150,280,430,1.8667,140,160,300,1.1429,110,110,220,1.0,100,90,190,0.9,134,78
920,310,600,180,440,620,2.4444,160,330,490,2.0625,150,280,430,1.8667,130,160,290,1.2308,100,120,220,1.2,90,100,190,1.1111,134,77
910,320,640,190,430,620,2.2632,170,320,490,1.8824,160,260,420,1.625,140,160,300,1.1429,120,130,250,1.0833,100,90,190,0.9,134,77
900,270,690,200,680,880,3.4,170,360,530,2.1176,170,310,480,1.8235,140,190,330,1.3571,120,120,240,1.0,110,100,210,0.90909,134,78
900,210,700,190,440,630,2.3158,170,320,490,1.8824,160,270,430,1.6875,140,170,310,1.2143,110,120,230,1.0909,110,110,220,1.0,134,78
920,200,640,220,420,640,1.9091,190,300,490,1.5789,170,250,420,1.4706,140,160,300,1.1429,120,120,240,1.0,110,100,210,0.90909,133,77
900,280,580,190,590,780,3.1053,160,410,570,2.5625,150,340,490,2.2667,130,200,330,1.5385,110,120,230,1.0909,100,90,190,0.9,133,77
910,320,610,180,460,640,2.5556,160,340,500,2.125,150,280,430,1.8667,130,170,300,1.3077,110,110,220,1.0,100,90,190,0.9,132,77
910,300,570,190,440,630,2.3158,160,340,500,2.125,150,290,440,1.9333,140,170,310,1.2143,110,120,230,1.0909,100,90,190,0.9,133,77
910,340,690,180,660,840,3.6667,170,360,530,2.1176,150,290,440,1.9333,130,170,300,1.3077,110,120,230,1.0909,100,100,200,1.0,133,77
900,220,680,190,470,660,2.4737,170,340,510,2.0,150,290,440,1.9333,140,180,320,1.2857,120,120,240,1.0,100,100,200,1.0,133,77
900,220,690,240,460,700,1.9167,190,360,550,1.8947,170,310,480,1.8235,150,210,360,1.4,130,140,270,1.0769,110,120,230,1.0909,132,77
920,210,570,180,430,610,2.3889,150,310,460,2.0667,140,260,400,1.8571,120,160,280,1.3333,100,120,220,1.2,90,110,200,1.2222,131,76
910,350,570,200,580,780,2.9,170,390,560,2.2941,150,330,480,2.2,130,200,330,1.5385,110,120,230,1.0909,100,100,200,1.0,130,76
950,340,630,190,450,640,2.3684,160,330,490,2.0625,150,280,430,1.8667,130,160,290,1.2308,110,110,220,1.0,100,100,200,1.0,130,76
910,300,670,190,680,870,3.5789,160,380,540,2.375,160,310,470,1.9375,130,180,310,1.3846,120,120,240,1.0,100,100,200,1.0,131,76
900,240,690,210,390,600,1.8571,180,280,460,1.5556,160,260,420,1.625,150,180,330,1.2,120,120,240,1.0,110,100,210,0.90909,130,76
910,210,620,230,410,640,1.7826,210,300,510,1.4286,180,250,430,1.3889,150,170,320,1.1333,130,120,250,0.92308,110,100,210,0.90909,129,75
910,290,490,190,470,660,2.4737,170,340,510,2.0,150,290,440,1.9333,130,170,300,1.3077,120,110,230,0.91667,100,100,200,1.0,129,75
910,310,680,180,440,620,2.4444,160,330,490,2.0625,140,280,420,2.0,130,170,300,1.3077,100,120,220,1.2,100,100,200,1.0,129,75
920,230,550,180,400,580,2.2222,160,290,450,1.8125,150,240,390,1.6,130,150,280,1.1538,110,110,220,1.0,90,90,180,1.0,129,75
900,370,660,210,490,700,2.3333,180,330,510,1.8333,170,280,450,1.6471,150,170,320,1.1333,130,120,250,0.92308,110,90,200,0.81818,130,75
900,240,660,260,430,690,1.6538,200,320,520,1.6,180,270,450,1.5,160,150,310,0.9375,130,100,230,0.76923,110,80,190,0.72727,129,75
910,240,560,260,410,670,1.5769,180,300,480,1.6667,160,250,410,1.5625,140,160,300,1.1429,120,120,240,1.0,100,100,200,1.0,128,75
900,350,640,190,650,840,3.4211,170,450,620,2.6471,160,360,520,2.25,130,160,290,1.2308,120,110,230,0.91667,100,100,200,1.0,127,74
910,260,640,180,460,640,2.5556,150,340,490,2.2667,140,280,420,2.0,130,170,300,1.3077,110,110,220,1.0,100,100,200,1.0,127,74
920,270,680,190,480,670,2.5263,160,330,490,2.0625,150,280,430,1.8667,130,170,300,1.3077,110,130,240,1.1818,90,100,190,1.1111,128,74
900,240,670,200,590,790,2.95,170,350,520,2.0588,170,290,460,1.7059,140,170,310,1.2143,130,110,240,0.84615,110,90,200,0.81818,128,74
900,230,680,200,430,630,2.15,170,310,480,1.8235,160,270,430,1.6875,140,160,300,1.1429,120,110,230,0.91667,110,100,210,0.90909,127,74
910,220,680,240,430,670,1.7917,220,320,540,1.4545,180,270,450,1.5,150,170,320,1.1333,130,130,260,1.0,110,100,210,0.90909,126,74
910,230,570,180,430,610,2.3889,160,320,480,2.0,150,260,410,1.7333,120,150,270,1.25,110,110,220,1.0,90,100,190,1.1111,126,74
910,340,570,190,580,770,3.0526,160,370,530,2.3125,160,320,480,2.0,130,190,320,1.4615,110,120,230,1.0909,100,100,200,1.0,126,73
920,350,650,190,420,610,2.2105,170,330,500,1.9412,150,290,440,1.9333,130,180,310,1.3846,110,130,240,1.1818,100,100,200,1.0,127,73
910,270,680,200,590,790,2.95,170,350,520,2.0588,160,290,450,1.8125,140,180,320,1.2857,120,120,240,1.0,110,100,210,0.90909,126,73
900,230,690,220,470,690,2.1364,180,350,530,1.9444,170,290,460,1.7059,150,170,320,1.1333,120,110,230,0.91667,120,100,220,0.8333299999999999,125,73
910,210,620,230,400,630,1.7391,180,300,480,1.6667,170,250,420,1.4706,140,170,310,1.2143,120,120,240,1.0,100,100,200,1.0,125,73
960,350,570,180,400,580,2.2222,160,260,420,1.625,150,190,340,1.2667,130,130,260,1.0,100,110,210,1.1,90,100,190,1.1111,125,72
930,390,530,200,460,660,2.3,160,340,500,2.125,160,280,440,1.75,140,170,310,1.2143,120,110,230,0.91667,110,100,210,0.90909,125,73
920,240,550,190,410,600,2.1579,170,300,470,1.7647,160,240,400,1.5,140,150,290,1.0714,110,110,220,1.0,100,90,190,0.9,125,73
920,370,450,190,460,650,2.4211,170,350,520,2.0588,150,290,440,1.9333,140,160,300,1.1429,110,120,230,1.0909,100,90,190,0.9,124,71
920,230,700,180,450,630,2.5,160,330,490,2.0625,150,280,430,1.8667,130,170,300,1.3077,110,120,230,1.0909,90,100,190,1.1111,124,71
920,220,680,180,550,730,3.0556,170,360,530,2.1176,150,300,450,2.0,130,180,310,1.3846,110,130,240,1.1818,90,110,200,1.2222,124,71
870,240,690,190,410,600,2.1579,170,310,480,1.8235,160,250,410,1.5625,140,160,300,1.1429,120,120,240,1.0,100,100,200,1.0,123,71
950,180,590,200,440,640,2.2,200,330,530,1.65,150,260,410,1.7333,120,180,300,1.5,90,140,230,1.5556,80,120,200,1.5,122,71
910,360,540,190,490,680,2.5789,150,350,500,2.3333,150,300,450,2.0,130,170,300,1.3077,110,120,230,1.0909,100,100,200,1.0,122,71
910,370,580,180,590,770,3.2778,160,430,590,2.6875,150,380,530,2.5333,130,200,330,1.5385,110,120,230,1.0909,100,90,190,0.9,121,70
920,330,610,180,430,610,2.3889,160,330,490,2.0625,140,270,410,1.9286,130,170,300,1.3077,110,120,230,1.0909,100,100,200,1.0,122,71
920,310,530,190,430,620,2.2632,170,340,510,2.0,160,290,450,1.8125,140,170,310,1.2143,110,120,230,1.0909,100,100,200,1.0,122,71
910,390,670,200,470,670,2.35,170,330,500,1.9412,160,280,440,1.75,140,170,310,1.2143,120,130,250,1.0833,90,100,190,1.1111,122,71
920,240,630,260,460,720,1.7692,190,360,550,1.8947,170,320,490,1.8824,150,210,360,1.4,120,140,260,1.1667,110,120,230,1.0909,121,71
930,290,540,200,400,600,2.0,160,300,460,1.875,160,260,420,1.625,130,160,290,1.2308,120,120,240,1.0,100,100,200,1.0,121,71
920,390,600,180,490,670,2.7222,160,360,520,2.25,150,290,440,1.9333,130,170,300,1.3077,110,110,220,1.0,100,90,190,0.9,121,71
920,320,690,180,520,700,2.8889,160,360,520,2.25,140,290,430,2.0714,120,180,300,1.5,100,120,220,1.2,90,90,180,1.0,121,71
930,230,560,190,430,620,2.2632,170,330,500,1.9412,160,270,430,1.6875,140,170,310,1.2143,110,120,230,1.0909,100,90,190,0.9,121,71
950,360,590,190,450,640,2.3684,160,330,490,2.0625,150,280,430,1.8667,130,170,300,1.3077,110,120,230,1.0909,100,110,210,1.1,120,70
950,360,570,180,480,660,2.6667,160,350,510,2.1875,150,300,450,2.0,130,180,310,1.3846,110,130,240,1.1818,100,110,210,1.1,120,70
930,300,690,180,470,650,2.6111,160,340,500,2.125,140,280,420,2.0,140,170,310,1.2143,110,120,230,1.0909,100,100,200,1.0,120,70
930,240,700,180,420,600,2.3333,160,310,470,1.9375,150,260,410,1.7333,130,170,300,1.3077,110,120,230,1.0909,100,110,210,1.1,121,70
920,230,700,250,460,710,1.84,190,360,550,1.8947,170,310,480,1.8235,150,210,360,1.4,120,140,260,1.1667,110,110,220,1.0,120,70
920,220,580,200,400,600,2.0,170,290,460,1.7059,160,230,390,1.4375,130,140,270,1.0769,120,100,220,0.8333299999999999,100,90,190,0.9,120,69
930,340,600,180,500,680,2.7778,160,360,520,2.25,150,310,460,2.0667,130,180,310,1.3846,100,130,230,1.3,90,100,190,1.1111,119,69
920,330,550,180,490,670,2.7222,160,390,550,2.4375,150,340,490,2.2667,130,160,290,1.2308,110,120,230,1.0909,90,90,180,1.0,119,69
930,370,550,190,440,630,2.3158,160,330,490,2.0625,150,280,430,1.8667,140,170,310,1.2143,110,120,230,1.0909,90,100,190,1.1111,120,69
930,380,510,190,440,630,2.3158,170,370,540,2.1765,150,310,460,2.0667,140,190,330,1.3571,110,120,230,1.0909,100,100,200,1.0,120,69
930,220,550,240,410,650,1.7083,240,310,550,1.2917,190,250,440,1.3158,150,160,310,1.0667,130,120,250,0.92308,120,100,220,0.8333299999999999,118,69
930,360,560,180,450,630,2.5,160,330,490,2.0625,150,280,430,1.8667,130,160,290,1.2308,110,110,220,1.0,90,90,180,1.0,118,69
920,370,560,180,440,620,2.4444,160,320,480,2.0,150,270,420,1.8,130,160,290,1.2308,110,120,230,1.0909,100,100,200,1.0,119,69
930,360,550,180,480,660,2.6667,160,340,500,2.125,140,280,420,2.0,130,170,300,1.3077,110,120,230,1.0909,100,100,200,1.0,119,69
920,380,700,200,380,580,1.9,170,270,440,1.5882,160,200,360,1.25,140,130,270,0.92857,110,100,210,0.90909,110,80,190,0.72727,119,70
930,220,680,240,460,700,1.9167,180,350,530,1.9444,160,310,470,1.9375,140,200,340,1.4286,120,140,260,1.1667,110,110,220,1.0,118,69
930,250,550,270,400,670,1.4815,170,290,460,1.7059,160,230,390,1.4375,130,150,280,1.1538,120,120,240,1.0,100,90,190,0.9,117,69
910,380,570,200,490,690,2.45,170,350,520,2.0588,160,290,450,1.8125,140,170,310,1.2143,120,110,230,0.91667,100,90,190,0.9,117,69
930,340,460,180,460,640,2.5556,160,340,500,2.125,140,280,420,2.0,130,170,300,1.3077,110,120,230,1.0909,90,100,190,1.1111,117,69
920,370,700,200,660,860,3.3,180,360,540,2.0,160,300,460,1.875,140,180,320,1.2857,120,120,240,1.0,110,100,210,0.90909,117,69
920,220,710,190,420,610,2.2105,160,300,460,1.875,150,260,410,1.7333,130,160,290,1.2308,110,120,230,1.0909,100,100,200,1.0,117,69
920,210,590,230,420,650,1.8261,200,310,510,1.55,180,260,440,1.4444,140,170,310,1.2143,130,130,260,1.0,110,110,220,1.0,116,69
930,330,550,180,560,740,3.1111,160,440,600,2.75,150,360,510,2.4,130,220,350,1.6923,100,130,230,1.3,100,110,210,1.1,116,69
920,380,550,190,460,650,2.4211,160,340,500,2.125,150,280,430,1.8667,130,160,290,1.2308,110,110,220,1.0,100,100,200,1.0,116,68
920,370,630,200,430,630,2.15,160,340,500,2.125,150,290,440,1.9333,130,190,320,1.4615,120,120,240,1.0,100,110,210,1.1,116,69
930,290,540,190,470,660,2.4737,160,340,500,2.125,150,270,420,1.8,130,170,300,1.3077,110,120,230,1.0909,90,100,190,1.1111,116,69
920,390,540,200,420,620,2.1,170,340,510,2.0,160,290,450,1.8125,140,180,320,1.2857,120,130,250,1.0833,100,100,200,1.0,117,69
930,210,540,200,420,620,2.1,160,300,460,1.875,150,260,410,1.7333,130,160,290,1.2308,110,120,230,1.0909,100,100,200,1.0,116,69
930,390,560,290,570,860,1.9655,170,410,580,2.4118,160,350,510,2.1875,130,200,330,1.5385,110,130,240,1.1818,100,110,210,1.1,115,68
920,370,620,190,440,630,2.3158,160,320,480,2.0,150,270,420,1.8,140,160,300,1.1429,110,110,220,1.0,100,90,190,0.9,115,68
930,300,550,180,430,610,2.3889,160,320,480,2.0,140,270,410,1.9286,130,160,290,1.2308,110,120,230,1.0909,100,100,200,1.0,115,68
910,380,510,190,520,710,2.7368,170,370,540,2.1765,160,310,470,1.9375,140,180,320,1.2857,110,120,230,1.0909,110,100,210,0.90909,116,68
920,400,710,200,400,600,2.0,170,280,450,1.6471,150,220,370,1.4667,140,140,280,1.0,110,100,210,0.90909,100,80,180,0.8,116,68
930,210,580,230,430,660,1.8696,220,310,530,1.4091,180,260,440,1.4444,140,170,310,1.2143,120,130,250,1.0833,100,120,220,1.2,115,68
910,350,550,190,560,750,2.9474,160,440,600,2.75,150,370,520,2.4667,130,160,290,1.2308,110,110,220,1.0,100,100,200,1.0,115,68
910,360,560,180,450,630,2.5,150,330,480,2.2,140,280,420,2.0,130,150,280,1.1538,110,110,220,1.0,100,90,190,0.9,115,68
910,350,610,200,450,650,2.25,160,350,510,2.1875,150,290,440,1.9333,130,170,300,1.3077,110,130,240,1.1818,90,100,190,1.1111,115,68
930,300,550,180,460,640,2.5556,160,340,500,2.125,150,280,430,1.8667,130,180,310,1.3846,110,130,240,1.1818,90,100,190,1.1111,115,68
910,380,680,190,490,680,2.5789,170,330,500,1.9412,160,280,440,1.75,140,170,310,1.2143,120,120,240,1.0,110,100,210,0.90909,115,68
930,230,710,250,470,720,1.88,190,370,560,1.9474,170,320,490,1.8824,140,210,350,1.5,120,140,260,1.1667,110,120,230,1.0909,115,68
920,220,540,210,410,620,1.9524,170,290,460,1.7059,160,250,410,1.5625,140,160,300,1.1429,120,120,240,1.0,100,90,190,0.9,114,68
930,380,570,180,580,760,3.2222,160,430,590,2.6875,140,360,500,2.5714,130,210,340,1.6154,100,130,230,1.3,90,110,200,1.2222,114,68
920,360,550,180,440,620,2.4444,160,330,490,2.0625,150,270,420,1.8,130,170,300,1.3077,110,110,220,1.0,100,100,200,1.0,114,67
930,370,560,190,430,620,2.2632,160,330,490,2.0625,150,280,430,1.8667,130,190,320,1.4615,110,120,230,1.0909,100,110,210,1.1,115,68
920,370,550,190,560,750,2.9474,160,360,520,2.25,150,300,450,2.0,140,190,330,1.3571,110,120,230,1.0909,100,100,200,1.0,115,68
920,370,550,190,390,580,2.0526,160,320,480,2.0,150,270,420,1.8,130,180,310,1.3846,110,130,240,1.1818,100,110,210,1.1,114,68
920,380,520,190,460,650,2.4211,160,340,500,2.125,150,290,440,1.9333,120,170,290,1.4167,110,120,230,1.0909,90,90,180,1.0,113,67
930,400,580,290,590,880,2.0345,160,410,570,2.5625,160,340,500,2.125,130,200,330,1.5385,110,140,250,1.2727,90,110,200,1.2222,113,67
920,350,570,190,440,630,2.3158,160,330,490,2.0625,150,260,410,1.7333,130,170,300,1.3077,110,120,230,1.0909,90,100,190,1.1111,114,67
930,350,540,180,420,600,2.3333,150,310,460,2.0667,140,250,390,1.7857,130,160,290,1.2308,100,120,220,1.2,90,100,190,1.1111,114,67
890,390,520,190,450,640,2.3684,170,330,500,1.9412,160,280,440,1.75,140,180,320,1.2857,120,120,240,1.0,110,100,210,0.90909,114,67
920,210,560,200,410,610,2.05,170,300,470,1.7647,150,250,400,1.6667,130,160,290,1.2308,110,130,240,1.1818,90,100,190,1.1111,113,67
920,360,570,190,580,770,3.0526,170,440,610,2.5882,150,370,520,2.4667,130,170,300,1.3077,110,120,230,1.0909,100,90,190,0.9,112,67
920,350,620,190,450,640,2.3684,170,320,490,1.8824,150,270,420,1.8,130,160,290,1.2308,120,120,240,1.0,100,90,190,0.9,113,67
910,300,530,200,440,640,2.2,170,340,510,2.0,160,290,450,1.8125,130,180,310,1.3846,110,120,230,1.0909,100,100,200,1.0,113,67
930,380,540,190,550,740,2.8947,160,360,520,2.25,150,300,450,2.0,130,180,310,1.3846,110,130,240,1.1818,90,100,190,1.1111,113,67
920,390,700,190,420,610,2.2105,170,310,480,1.8235,160,250,410,1.5625,140,160,300,1.1429,120,120,240,1.0,100,100,200,1.0,113,67
920,220,550,240,410,650,1.7083,220,300,520,1.3636,180,250,430,1.3889,150,170,320,1.1333,130,130,260,1.0,110,110,220,1.0,112,67
920,370,580,180,480,660,2.6667,160,350,510,2.1875,150,290,440,1.9333,130,170,300,1.3077,110,130,240,1.1818,90,100,190,1.1111,112,67
930,340,570,170,580,750,3.4118,150,410,560,2.7333,140,350,490,2.5,120,210,330,1.75,90,130,220,1.4444,90,110,200,1.2222,112,67
930,360,560,180,430,610,2.3889,160,320,480,2.0,150,260,410,1.7333,130,160,290,1.2308,110,110,220,1.0,100,100,200,1.0,113,67
920,370,540,200,390,590,1.95,170,290,460,1.7059,150,230,380,1.5333,140,150,290,1.0714,120,110,230,0.91667,110,100,210,0.90909,113,67
910,380,510,200,470,670,2.35,170,320,490,1.8824,160,270,430,1.6875,140,170,310,1.2143,120,120,240,1.0,110,100,210,0.90909,113,67
940,210,560,230,430,660,1.8696,160,320,480,2.0,150,260,410,1.7333,130,160,290,1.2308,100,120,220,1.2,90,110,200,1.2222,113,67
920,380,510,190,490,680,2.5789,170,350,520,2.0588,150,300,450,2.0,120,180,300,1.5,110,120,230,1.0909,90,90,180,1.0,112,67
910,350,560,190,430,620,2.2632,170,330,500,1.9412,160,260,420,1.625,140,160,300,1.1429,120,110,230,0.91667,100,90,190,0.9,112,67
920,350,540,170,450,620,2.6471,160,330,490,2.0625,140,270,410,1.9286,120,170,290,1.4167,100,130,230,1.3,90,100,190,1.1111,113,67
920,380,530,190,420,610,2.2105,160,310,470,1.9375,160,260,420,1.625,130,170,300,1.3077,120,120,240,1.0,100,100,200,1.0,113,67
920,320,570,180,450,630,2.5,160,320,480,2.0,150,260,410,1.7333,130,160,290,1.2308,110,110,220,1.0,100,90,190,0.9,112,66
930,350,580,180,440,620,2.4444,160,330,490,2.0625,150,270,420,1.8,120,170,290,1.4167,110,130,240,1.1818,90,110,200,1.2222,111,66
950,190,550,210,420,630,2.0,190,310,500,1.6316,180,260,440,1.4444,140,170,310,1.2143,120,120,240,1.0,100,110,210,1.1,111,67
940,400,570,190,510,700,2.6842,160,360,520,2.25,150,290,440,1.9333,130,170,300,1.3077,110,120,230,1.0909,90,90,180,1.0,111,66
920,390,600,200,440,640,2.2,170,320,490,1.8824,160,260,420,1.625,130,160,290,1.2308,120,120,240,1.0,100,90,190,0.9,111,66
930,320,550,180,450,630,2.5,160,330,490,2.0625,150,260,410,1.7333,130,160,290,1.2308,100,130,230,1.3,100,110,210,1.1,111,65
920,380,550,190,440,630,2.3158,170,320,490,1.8824,160,270,430,1.6875,140,180,320,1.2857,110,120,230,1.0909,100,110,210,1.1,111,65
910,330,560,190,460,650,2.4211,160,340,500,2.125,160,260,420,1.625,130,160,290,1.2308,120,110,230,0.91667,100,90,190,0.9,110,65
930,350,520,180,460,640,2.5556,150,340,490,2.2667,150,270,420,1.8,120,170,290,1.4167,110,120,230,1.0909,90,110,200,1.2222,110,65
920,390,720,190,450,640,2.3684,170,320,490,1.8824,140,260,400,1.8571,140,160,300,1.1429,110,110,220,1.0,110,90,200,0.81818,110,65
930,200,540,180,450,630,2.5,160,330,490,2.0625,150,270,420,1.8,130,160,290,1.2308,100,120,220,1.2,100,110,210,1.1,111,65
960,180,560,200,430,630,2.15,170,310,480,1.8235,140,250,390,1.7857,120,170,290,1.4167,100,130,230,1.3,90,130,220,1.4444,110,65
930,400,560,190,530,720,2.7895,160,370,530,2.3125,150,300,450,2.0,140,190,330,1.3571,110,120,230,1.0909,90,100,190,1.1111,110,65
940,400,570,300,580,880,1.9333,170,410,580,2.4118,160,340,500,2.125,130,190,320,1.4615,110,130,240,1.1818,100,110,210,1.1,110,65
920,370,560,190,450,640,2.3684,170,330,500,1.9412,160,260,420,1.625,140,160,300,1.1429,110,110,220,1.0,100,90,190,0.9,110,65
930,360,570,180,450,630,2.5,160,320,480,2.0,140,270,410,1.9286,130,170,300,1.3077,100,130,230,1.3,90,110,200,1.2222,110,65
900,360,550,180,480,660,2.6667,150,340,490,2.2667,140,270,410,1.9286,130,170,300,1.3077,100,120,220,1.2,90,100,190,1.1111,111,66
950,390,600,190,450,640,2.3684,160,340,500,2.125,150,280,430,1.8667,130,170,300,1.3077,100,120,220,1.2,90,100,190,1.1111,109,65
940,350,420,190,430,620,2.2632,160,340,500,2.125,150,280,430,1.8667,130,170,300,1.3077,110,120,230,1.0909,100,100,200,1.0,109,65
930,380,630,200,620,820,3.1,170,370,540,2.1765,160,300,460,1.875,130,170,300,1.3077,120,120,240,1.0,100,100,200,1.0,108,65
910,300,510,190,410,600,2.1579,170,300,470,1.7647,150,250,400,1.6667,140,160,300,1.1429,120,120,240,1.0,100,100,200,1.0,108,65
920,370,540,190,550,740,2.8947,160,450,610,2.8125,150,370,520,2.4667,140,200,340,1.4286,110,120,230,1.0909,110,100,210,0.90909,108,65
920,380,530,190,480,670,2.5263,160,360,520,2.25,140,290,430,2.0714,130,170,300,1.3077,110,120,230,1.0909,100,100,200,1.0,108,65
930,390,570,190,440,630,2.3158,150,340,490,2.2667,150,290,440,1.9333,120,190,310,1.5833,100,140,240,1.4,90,120,210,1.3333,108,65
960,190,550,210,430,640,2.0476,180,310,490,1.7222,150,260,410,1.7333,130,180,310,1.3846,110,140,250,1.2727,90,110,200,1.2222,108,66
940,360,560,180,450,630,2.5,160,330,490,2.0625,150,280,430,1.8667,130,170,300,1.3077,100,130,230,1.3,90,100,190,1.1111,108,66
920,380,540,190,470,660,2.4737,160,350,510,2.1875,150,290,440,1.9333,130,180,310,1.3846,110,120,230,1.0909,100,110,210,1.1,108,65
890,380,550,200,560,760,2.8,160,370,530,2.3125,150,310,460,2.0667,130,180,310,1.3846,120,120,240,1.0,100,100,200,1.0,108,65
920,380,550,180,560,740,3.1111,150,440,590,2.9333,150,360,510,2.4,120,190,310,1.5833,110,110,220,1.0,100,100,200,1.0,107,64
930,370,560,180,480,660,2.6667,150,360,510,2.4,150,300,450,2.0,120,180,300,1.5,100,120,220,1.2,90,110,200,1.2222,107,64
920,370,560,200,450,650,2.25,160,350,510,2.1875,150,290,440,1.9333,130,170,300,1.3077,110,120,230,1.0909,90,100,190,1.1111,108,64
930,360,540,190,480,670,2.5263,160,340,500,2.125,150,280,430,1.8667,120,170,290,1.4167,110,130,240,1.1818,90,100,190,1.1111,108,65
920,390,590,210,460,670,2.1905,170,340,510,2.0,150,290,440,1.9333,140,180,320,1.2857,120,130,250,1.0833,100,110,210,1.1,108,65
920,240,560,190,430,620,2.2632,160,310,470,1.9375,150,250,400,1.6667,130,160,290,1.2308,100,120,220,1.2,90,110,200,1.2222,107,65
920,390,550,190,470,660,2.4737,160,360,520,2.25,140,300,440,2.1429,130,170,300,1.3077,110,120,230,1.0909,100,100,200,1.0,107,65
940,370,580,300,430,730,1.4333,170,320,490,1.8824,150,260,410,1.7333,140,170,310,1.2143,110,120,230,1.0909,100,110,210,1.1,107,65
910,360,530,200,540,740,2.7,170,340,510,2.0,170,290,460,1.7059,140,180,320,1.2857,130,120,250,0.92308,110,100,210,0.90909,108,65
920,380,530,200,390,590,1.95,160,280,440,1.75,150,240,390,1.6,130,170,300,1.3077,110,120,230,1.0909,100,110,210,1.1,108,65
930,340,420,180,430,610,2.3889,160,330,490,2.0625,150,270,420,1.8,120,160,280,1.3333,110,120,230,1.0909,90,100,190,1.1111,108,65
940,280,550,180,470,650,2.6111,150,330,480,2.2,140,270,410,1.9286,130,160,290,1.2308,100,120,220,1.2,90,110,200,1.2222,109,66
920,390,530,200,480,680,2.4,170,340,510,2.0,160,290,450,1.8125,140,170,310,1.2143,120,120,240,1.0,110,100,210,0.90909,109,66
930,210,560,230,410,640,1.7826,170,300,470,1.7647,150,240,390,1.6,130,170,300,1.3077,110,130,240,1.1818,90,100,190,1.1111,108,65
920,370,570,180,580,760,3.2222,160,440,600,2.75,150,360,510,2.4,130,200,330,1.5385,110,130,240,1.1818,100,110,210,1.1,108,65
920,350,550,180,450,630,2.5,150,330,480,2.2,150,270,420,1.8,130,160,290,1.2308,100,120,220,1.2,100,100,200,1.0,108,65
920,370,580,190,440,630,2.3158,150,340,490,2.2667,140,280,420,2.0,120,180,300,1.5,110,130,240,1.1818,90,110,200,1.2222,109,65
950,340,550,180,560,740,3.1111,150,390,540,2.6,140,320,460,2.2857,120,190,310,1.5833,100,140,240,1.4,90,110,200,1.2222,109,65
890,400,520,200,420,620,2.1,170,310,480,1.8235,170,250,420,1.4706,140,150,290,1.0714,130,110,240,0.84615,110,90,200,0.81818,109,65
920,360,570,190,480,670,2.5263,160,350,510,2.1875,150,270,420,1.8,130,160,290,1.2308,110,120,230,1.0909,100,100,200,1.0,108,65
930,350,570,270,580,850,2.1481,170,410,580,2.4118,160,340,500,2.125,140,190,330,1.3571,110,130,240,1.1818,100,110,210,1.1,108,65
930,360,600,180,460,640,2.5556,160,330,490,2.0625,150,270,420,1.8,130,170,300,1.3077,110,120,230,1.0909,90,100,190,1.1111,109,65
940,330,570,170,440,610,2.5882,150,310,460,2.0667,140,250,390,1.7857,120,170,290,1.4167,90,120,210,1.3333,90,100,190,1.1111,109,66
930,370,540,200,500,700,2.5,170,350,520,2.0588,150,290,440,1.9333,140,180,320,1.2857,120,130,250,1.0833,100,100,200,1.0,108,65
940,210,570,200,420,620,2.1,160,300,460,1.875,150,240,390,1.6,120,160,280,1.3333,110,120,230,1.0909,80,100,180,1.25,108,65
930,360,550,180,460,640,2.5556,160,330,490,2.0625,150,280,430,1.8667,130,160,290,1.2308,100,120,220,1.2,100,100,200,1.0,108,65
920,380,560,200,490,690,2.45,160,360,520,2.25,150,300,450,2.0,130,180,310,1.3846,120,130,250,1.0833,100,100,200,1.0,108,65
940,360,550,180,560,740,3.1111,150,370,520,2.4667,150,310,460,2.0667,120,180,300,1.5,110,140,250,1.2727,90,110,200,1.2222,109,65
930,390,720,200,450,650,2.25,170,330,500,1.9412,160,280,440,1.75,130,170,300,1.3077,120,120,240,1.0,100,110,210,1.1,109,65
930,210,570,230,420,650,1.8261,230,310,540,1.3478,190,250,440,1.3158,150,170,320,1.1333,130,120,250,0.92308,110,110,220,1.0,109,65
930,360,580,190,480,670,2.5263,160,350,510,2.1875,150,270,420,1.8,130,160,290,1.2308,110,120,230,1.0909,90,100,190,1.1111,108,65
930,350,560,190,570,760,3.0,160,420,580,2.625,150,340,490,2.2667,120,200,320,1.6667,100,130,230,1.3,80,100,180,1.25,108,65
930,370,540,190,420,610,2.2105,160,310,470,1.9375,150,250,400,1.6667,130,160,290,1.2308,110,120,230,1.0909,100,90,190,0.9,108,65
920,390,540,190,400,590,2.1053,160,280,440,1.75,150,230,380,1.5333,140,150,290,1.0714,110,120,230,1.0909,100,100,200,1.0,110,65
930,380,560,180,450,630,2.5,160,330,490,2.0625,150,270,420,1.8,130,170,300,1.3077,110,130,240,1.1818,100,110,210,1.1,109,65
920,290,570,190,420,610,2.2105,160,300,460,1.875,160,240,400,1.5,130,160,290,1.2308,120,110,230,0.91667,100,100,200,1.0,109,65
940,350,520,180,530,710,2.9444,160,380,540,2.375,150,320,470,2.1333,120,180,300,1.5,100,130,230,1.3,80,110,190,1.375,109,65
920,370,730,190,440,630,2.3158,160,310,470,1.9375,150,250,400,1.6667,130,160,290,1.2308,110,120,230,1.0909,100,100,200,1.0,109,65
940,190,580,180,470,650,2.6111,150,340,490,2.2667,140,280,420,2.0,130,180,310,1.3846,100,130,230,1.3,90,110,200,1.2222,109,65
890,360,700,200,420,620,2.1,170,310,480,1.8235,160,260,420,1.625,140,170,310,1.2143,120,120,240,1.0,110,100,210,0.90909,109,65
950,190,610,210,450,660,2.1429,210,330,540,1.5714,160,250,410,1.5625,130,170,300,1.3077,100,130,230,1.3,90,110,200,1.2222,109,65
920,340,580,180,460,640,2.5556,160,340,500,2.125,150,260,410,1.7333,120,160,280,1.3333,110,110,220,1.0,100,100,200,1.0,108,65
920,360,560,190,430,620,2.2632,170,310,480,1.8235,150,250,400,1.6667,130,160,290,1.2308,110,120,230,1.0909,100,100,200,1.0,109,65
930,360,530,200,420,620,2.1,170,370,540,2.1765,150,300,450,2.0,130,170,300,1.3077,110,130,240,1.1818,100,100,200,1.0,109,65
920,400,520,200,460,660,2.3,180,340,520,1.8889,160,280,440,1.75,140,170,310,1.2143,120,120,240,1.0,110,100,210,0.90909,109,65
920,350,550,190,430,620,2.2632,160,310,470,1.9375,150,170,320,1.1333,130,160,290,1.2308,110,120,230,1.0909,100,100,200,1.0,109,65
930,370,540,190,480,670,2.5263,150,350,500,2.3333,150,280,430,1.8667,110,170,280,1.5455,110,120,230,1.0909,90,100,190,1.1111,108,65
910,390,560,190,460,650,2.4211,160,340,500,2.125,150,270,420,1.8,140,160,300,1.1429,120,110,230,0.91667,110,90,200,0.81818,108,65
930,350,560,180,430,610,2.3889,160,320,480,2.0,150,260,410,1.7333,120,170,290,1.4167,100,130,230,1.3,90,100,190,1.1111,109,65
920,370,550,190,420,610,2.2105,160,280,440,1.75,160,210,370,1.3125,130,140,270,1.0769,120,100,220,0.8333299999999999,100,90,190,0.9,110,65
920,370,710,200,420,620,2.1,170,310,480,1.8235,160,260,420,1.625,130,170,300,1.3077,120,120,240,1.0,100,100,200,1.0,109,65
920,210,580,230,410,640,1.7826,230,300,530,1.3043,230,300,530,1.3043,160,180,340,1.125,130,130,260,1.0,120,110,230,0.91667,109,65
920,340,570,180,490,670,2.7222,160,350,510,2.1875,150,280,430,1.8667,120,160,280,1.3333,110,120,230,1.0909,90,100,190,1.1111,109,65
930,350,480,190,460,650,2.4211,170,330,500,1.9412,150,270,420,1.8,130,160,290,1.2308,110,120,230,1.0909,90,100,190,1.1111,109,65
920,340,710,180,480,660,2.6667,160,330,490,2.0625,150,270,420,1.8,130,170,300,1.3077,110,120,230,1.0909,90,100,190,1.1111,110,66
920,210,530,180,440,620,2.4444,160,320,480,2.0,150,270,420,1.8,130,170,300,1.3077,110,130,240,1.1818,90,110,200,1.2222,110,66
920,360,580,170,480,650,2.8235,160,340,500,2.125,140,280,420,2.0,120,170,290,1.4167,100,120,220,1.2,80,100,180,1.25,109,65
920,340,570,180,500,680,2.7778,160,380,540,2.375,150,320,470,2.1333,130,160,290,1.2308,110,120,230,1.0909,90,100,190,1.1111,110,65
930,350,560,180,430,610,2.3889,160,310,470,1.9375,150,250,400,1.6667,130,160,290,1.2308,110,120,230,1.0909,90,100,190,1.1111,111,66
920,370,540,200,440,640,2.2,170,360,530,2.1176,160,300,460,1.875,130,170,300,1.3077,120,130,250,1.0833,100,100,200,1.0,111,66
910,380,520,200,430,630,2.15,170,310,480,1.8235,170,250,420,1.4706,140,160,300,1.1429,130,120,250,0.92308,110,100,210,0.90909,110,66
920,360,580,180,460,640,2.5556,160,330,490,2.0625,150,260,410,1.7333,120,160,280,1.3333,110,120,230,1.0909,90,100,190,1.1111,110,66
920,340,570,180,450,630,2.5,160,330,490,2.0625,140,270,410,1.9286,110,160,270,1.4545,100,120,220,1.2,90,110,200,1.2222,110,66
910,350,540,190,460,650,2.4211,160,330,490,2.0625,160,260,420,1.625,130,160,290,1.2308,110,120,230,1.0909,100,100,200,1.0,111,66
920,370,530,200,390,590,1.95,170,270,440,1.5882,150,200,350,1.3333,140,150,290,1.0714,110,120,230,1.0909,100,110,210,1.1,111,66
910,210,560,230,400,630,1.7391,160,290,450,1.8125,150,240,390,1.6,130,160,290,1.2308,110,130,240,1.1818,90,100,190,1.1111,111,66
930,350,580,170,490,660,2.8824,150,360,510,2.4,140,300,440,2.1429,120,180,300,1.5,100,130,230,1.3,80,100,180,1.25,111,66
930,350,540,180,440,620,2.4444,160,330,490,2.0625,150,260,410,1.7333,130,160,290,1.2308,110,120,230,1.0909,90,100,190,1.1111,111,66
920,390,540,230,520,750,2.2609,180,360,540,2.0,160,290,450,1.8125,140,170,310,1.2143,120,120,240,1.0,110,100,210,0.90909,111,66
920,380,520,190,530,720,2.7895,160,360,520,2.25,150,290,440,1.9333,140,170,310,1.2143,110,120,230,1.0909,100,100,200,1.0,112,66
900,400,520,210,400,610,1.9048,170,280,450,1.6471,150,230,380,1.5333,140,150,290,1.0714,120,120,240,1.0,100,90,190,0.9,112,66
920,340,560,180,570,750,3.1667,160,400,560,2.5,140,320,460,2.2857,130,170,300,1.3077,100,120,220,1.2,100,100,200,1.0,111,66
930,360,570,180,450,630,2.5,160,330,490,2.0625,140,270,410,1.9286,130,170,300,1.3077,100,120,220,1.2,100,100,200,1.0,111,66
920,360,600,180,440,620,2.4444,160,340,500,2.125,150,280,430,1.8667,130,160,290,1.2308,110,120,230,1.0909,100,100,200,1.0,111,66
930,320,560,190,430,620,2.2632,160,300,460,1.875,150,240,390,1.6,130,160,290,1.2308,110,120,230,1.0909,100,100,200,1.0,112,66
920,370,700,200,460,660,2.3,170,350,520,2.0588,160,280,440,1.75,140,170,310,1.2143,120,120,240,1.0,110,100,210,0.90909,111,66
920,220,710,240,470,710,1.9583,180,360,540,2.0,150,300,450,2.0,130,180,310,1.3846,120,130,250,1.0833,110,100,210,0.90909,111,66
920,210,560,230,410,640,1.7826,170,300,470,1.7647,150,230,380,1.5333,140,160,300,1.1429,110,120,230,1.0909,100,100,200,1.0,111,66
920,360,570,270,580,850,2.1481,170,430,600,2.5294,160,360,520,2.25,140,200,340,1.4286,110,130,240,1.1818,100,110,210,1.1,110,66
930,350,570,190,450,640,2.3684,150,320,470,2.1333,150,260,410,1.7333,130,150,280,1.1538,110,110,220,1.0,90,100,190,1.1111,110,66
920,360,570,190,420,610,2.2105,160,300,460,1.875,150,240,390,1.6,120,150,270,1.25,100,110,210,1.1,90,100,190,1.1111,110,66
920,350,550,190,560,750,2.9474,160,370,530,2.3125,150,250,400,1.6667,130,150,280,1.1538,110,110,220,1.0,100,100,200,1.0,110,66
920,370,600,190,460,650,2.4211,160,330,490,2.0625,150,270,420,1.8,130,170,300,1.3077,110,120,230,1.0909,100,100,200,1.0,110,66
920,320,600,180,460,640,2.5556,160,340,500,2.125,150,270,420,1.8,120,170,290,1.4167,110,130,240,1.1818,90,100,190,1.1111,111,66
930,320,560,180,440,620,2.4444,160,320,480,2.0,150,260,410,1.7333,120,170,290,1.4167,110,130,240,1.1818,90,100,190,1.1111,111,66
910,370,530,200,500,700,2.5,180,350,530,1.9444,170,290,460,1.7059,140,170,310,1.2143,120,120,240,1.0,110,100,210,0.90909,111,66
910,210,560,230,410,640,1.7826,170,290,460,1.7059,170,230,400,1.3529,140,160,300,1.1429,120,120,240,1.0,110,90,200,0.81818,110,66
940,330,590,180,460,640,2.5556,140,340,480,2.4286,140,280,420,2.0,110,170,280,1.5455,100,130,230,1.3,80,110,190,1.375,110,65
920,350,560,200,430,630,2.15,170,330,500,1.9412,160,280,440,1.75,140,170,310,1.2143,120,120,240,1.0,100,100,200,1.0,111,66
920,360,530,200,540,740,2.7,170,360,530,2.1176,160,300,460,1.875,140,170,310,1.2143,120,120,240,1.0,110,100,210,0.90909,111,66
910,390,520,200,440,640,2.2,170,310,480,1.8235,160,260,420,1.625,140,170,310,1.2143,120,120,240,1.0,110,90,200,0.81818,110,66
910,330,560,180,440,620,2.4444,160,310,470,1.9375,140,250,390,1.7857,120,150,270,1.25,100,120,220,1.2,90,100,190,1.1111,110,65
920,350,560,230,570,800,2.4783,170,390,560,2.2941,160,320,480,2.0,130,190,320,1.4615,110,130,240,1.1818,100,110,210,1.1,110,65
930,360,600,190,430,620,2.2632,160,320,480,2.0,150,260,410,1.7333,130,160,290,1.2308,110,110,220,1.0,100,100,200,1.0,110,66
910,330,510,200,390,590,1.95,170,280,450,1.6471,150,220,370,1.4667,140,150,290,1.0714,120,110,230,0.91667,100,90,190,0.9,111,66
910,400,550,190,520,710,2.7368,170,360,530,2.1176,140,300,440,2.1429,140,180,320,1.2857,110,130,240,1.1818,100,110,210,1.1,111,66
930,190,570,210,420,630,2.0,180,310,490,1.7222,160,250,410,1.5625,130,170,300,1.3077,110,130,240,1.1818,100,110,210,1.1,110,66
910,360,400,190,410,600,2.1579,160,350,510,2.1875,150,290,440,1.9333,140,170,310,1.2143,110,130,240,1.1818,100,90,190,0.9,110,66
910,360,680,200,490,690,2.45,170,350,520,2.0588,160,280,440,1.75,130,170,300,1.3077,110,120,230,1.0909,100,100,200,1.0,111,66
920,230,540,180,500,680,2.7778,160,350,510,2.1875,150,280,430,1.8667,130,170,300,1.3077,110,130,240,1.1818,90,100,190,1.1111,111,66
920,380,530,200,460,660,2.3,170,330,500,1.9412,160,270,430,1.6875,140,170,310,1.2143,120,120,240,1.0,100,100,200,1.0,112,66
920,290,530,180,420,600,2.3333,150,300,450,2.0,150,230,380,1.5333,120,150,270,1.25,110,110,220,1.0,100,100,200,1.0,111,66
920,390,570,190,580,770,3.0526,160,410,570,2.5625,150,340,490,2.2667,130,190,320,1.4615,110,110,220,1.0,100,100,200,1.0,111,66
920,350,570,180,440,620,2.4444,150,310,460,2.0667,150,250,400,1.6667,120,150,270,1.25,110,110,220,1.0,90,100,190,1.1111,111,66
920,350,550,190,430,620,2.2632,150,330,480,2.2,150,260,410,1.7333,130,160,290,1.2308,120,120,240,1.0,100,100,200,1.0,111,66
920,370,530,190,540,730,2.8421,170,380,550,2.2353,160,310,470,1.9375,140,180,320,1.2857,120,130,250,1.0833,110,110,220,1.0,112,66
890,390,700,210,490,700,2.3333,170,340,510,2.0,150,270,420,1.8,140,170,310,1.2143,120,120,240,1.0,110,100,210,0.90909,112,66
930,190,580,210,430,640,2.0476,200,310,510,1.55,160,250,410,1.5625,130,170,300,1.3077,110,140,250,1.2727,90,110,200,1.2222,111,66
920,350,560,180,530,710,2.9444,160,360,520,2.25,150,290,440,1.9333,130,160,290,1.2308,100,120,220,1.2,90,100,190,1.1111,111,66
920,360,610,180,620,800,3.4444,170,410,580,2.4118,160,330,490,2.0625,130,190,320,1.4615,110,130,240,1.1818,100,110,210,1.1,111,66
920,310,580,180,440,620,2.4444,160,320,480,2.0,140,260,400,1.8571,130,160,290,1.2308,110,120,230,1.0909,90,100,190,1.1111,111,66
930,340,540,180,400,580,2.2222,160,270,430,1.6875,150,200,350,1.3333,130,140,270,1.0769,100,110,210,1.1,90,90,180,1.0,112,66
910,390,540,190,450,640,2.3684,170,320,490,1.8824,160,270,430,1.6875,140,160,300,1.1429,110,120,230,1.0909,100,100,200,1.0,112,66
920,270,530,180,410,590,2.2778,160,290,450,1.8125,140,230,370,1.6429,130,150,280,1.1538,110,120,230,1.0909,90,110,200,1.2222,111,66
920,390,450,190,460,650,2.4211,170,330,500,1.9412,150,260,410,1.7333,140,150,290,1.0714,120,110,230,0.91667,100,90,190,0.9,111,66
880,230,710,200,410,610,2.05,170,300,470,1.7647,160,240,400,1.5,140,160,300,1.1429,120,120,240,1.0,110,100,210,0.90909,111,66
960,170,630,190,440,630,2.3158,190,320,510,1.6842,160,250,410,1.5625,120,180,300,1.5,90,140,230,1.5556,80,120,200,1.5,111,66
920,330,570,180,560,740,3.1111,160,360,520,2.25,150,290,440,1.9333,130,170,300,1.3077,110,120,230,1.0909,90,100,190,1.1111,110,65
920,350,560,190,450,640,2.3684,170,310,480,1.8235,150,250,400,1.6667,130,150,280,1.1538,110,110,220,1.0,100,90,190,0.9,111,66
930,360,540,200,420,620,2.1,170,370,540,2.1765,160,290,450,1.8125,130,170,300,1.3077,120,120,240,1.0,100,100,200,1.0,112,66
910,390,550,200,460,660,2.3,170,330,500,1.9412,160,270,430,1.6875,140,170,310,1.2143,120,120,240,1.0,110,100,210,0.90909,111,66
920,320,560,180,410,590,2.2778,160,280,440,1.75,140,220,360,1.5714,120,150,270,1.25,100,120,220,1.2,90,110,200,1.2222,110,66
920,360,590,190,510,700,2.6842,160,350,510,2.1875,150,290,440,1.9333,120,160,280,1.3333,110,120,230,1.0909,90,100,190,1.1111,110,66
920,330,590,180,480,660,2.6667,150,350,500,2.3333,140,270,410,1.9286,110,170,280,1.5455,110,120,230,1.0909,100,100,200,1.0,110,65
910,330,610,190,460,650,2.4211,160,310,470,1.9375,160,250,410,1.5625,130,160,290,1.2308,110,110,220,1.0,100,100,200,1.0,111,66
920,300,540,180,410,590,2.2778,160,270,430,1.6875,140,190,330,1.3571,130,140,270,1.0769,100,120,220,1.2,90,110,200,1.2222,111,66
910,380,710,190,430,620,2.2632,160,310,470,1.9375,150,250,400,1.6667,130,160,290,1.2308,110,120,230,1.0909,100,110,210,1.1,111,66
920,200,570,220,420,640,1.9091,220,340,560,1.5455,220,300,520,1.3636,150,190,340,1.2667,130,140,270,1.0769,110,120,230,1.0909,110,65
920,350,550,170,490,660,2.8824,150,340,490,2.2667,140,280,420,2.0,120,170,290,1.4167,100,120,220,1.2,100,100,200,1.0,110,65
910,370,520,180,450,630,2.5,160,320,480,2.0,140,250,390,1.7857,130,170,300,1.3077,110,110,220,1.0,100,90,190,0.9,110,65
920,310,560,180,520,700,2.8889,150,340,490,2.2667,140,260,400,1.8571,120,170,290,1.4167,100,130,230,1.3,90,110,200,1.2222,110,65
920,360,550,190,410,600,2.1579,150,300,450,2.0,150,240,390,1.6,120,160,280,1.3333,110,120,230,1.0909,100,100,200,1.0,110,65
920,210,580,210,400,610,1.9048,170,260,430,1.5294,150,200,350,1.3333,130,130,260,1.0,110,100,210,0.90909,100,80,180,0.8,109,65
910,340,580,190,530,720,2.7895,160,360,520,2.25,150,280,430,1.8667,130,160,290,1.2308,100,120,220,1.2,100,90,190,0.9,108,65
920,330,590,180,600,780,3.3333,150,430,580,2.8667,140,350,490,2.5,130,170,300,1.3077,100,120,220,1.2,100,100,200,1.0,108,65
920,330,620,180,450,630,2.5,160,320,480,2.0,150,250,400,1.6667,130,160,290,1.2308,100,120,220,1.2,90,100,190,1.1111,109,65
930,300,560,190,500,690,2.6316,160,390,550,2.4375,150,320,470,2.1333,130,190,320,1.4615,110,130,240,1.1818,90,110,200,1.2222,110,65
910,370,520,190,420,610,2.2105,170,310,480,1.8235,160,250,410,1.5625,140,160,300,1.1429,120,120,240,1.0,100,100,200,1.0,110,65
910,300,590,210,600,810,2.8571,160,440,600,2.75,160,340,500,2.125,130,180,310,1.3846,110,130,240,1.1818,100,100,200,1.0,109,65
950,320,590,180,470,650,2.6111,160,340,500,2.125,150,270,420,1.8,120,160,280,1.3333,110,120,230,1.0909,90,100,190,1.1111,108,65
920,280,540,180,450,630,2.5,160,320,480,2.0,140,250,390,1.7857,120,160,280,1.3333,100,120,220,1.2,100,110,210,1.1,110,66
910,380,540,190,400,590,2.1053,170,280,450,1.6471,150,240,390,1.6,140,180,320,1.2857,110,120,230,1.0909,100,110,210,1.1,109,66
910,370,710,230,480,710,2.087,170,350,520,2.0588,170,280,450,1.6471,140,170,310,1.2143,120,130,250,1.0833,110,100,210,0.90909,109,66
910,200,450,220,370,590,1.6818,170,260,430,1.5294,150,200,350,1.3333,130,150,280,1.1538,110,120,230,1.0909,100,100,200,1.0,109,65
920,320,580,180,470,650,2.6111,150,330,480,2.2,140,260,400,1.8571,120,160,280,1.3333,100,120,220,1.2,90,120,210,1.3333,108,65
920,340,570,200,510,710,2.55,160,360,520,2.25,150,290,440,1.9333,130,170,300,1.3077,100,130,230,1.3,100,110,210,1.1,109,65
880,350,550,180,560,740,3.1111,170,360,530,2.1176,150,280,430,1.8667,130,160,290,1.2308,110,120,230,1.0909,100,100,200,1.0,109,66
940,330,560,180,420,600,2.3333,140,290,430,2.0714,130,240,370,1.8462,100,170,270,1.7,90,130,220,1.4444,70,110,180,1.5714,110,66
910,290,580,180,590,770,3.2778,150,380,530,2.5333,140,300,440,2.1429,120,150,270,1.25,110,110,220,1.0,90,100,190,1.1111,108,65
920,320,580,170,450,620,2.6471,150,320,470,2.1333,140,250,390,1.7857,120,160,280,1.3333,100,120,220,1.2,90,100,190,1.1111,109,65
920,340,570,180,440,620,2.4444,160,310,470,1.9375,150,250,400,1.6667,130,160,290,1.2308,110,120,230,1.0909,90,100,190,1.1111,110,66
910,350,690,190,660,850,3.4737,170,370,540,2.1765,160,310,470,1.9375,130,180,310,1.3846,110,130,240,1.1818,100,100,200,1.0,110,66
900,220,700,190,420,610,2.2105,160,300,460,1.875,160,250,410,1.5625,130,160,290,1.2308,120,120,240,1.0,100,100,200,1.0,109,66
910,200,550,220,420,640,1.9091,220,300,520,1.3636,170,240,410,1.4118,140,170,310,1.2143,110,130,240,1.1818,110,110,220,1.0,109,66
910,320,590,170,490,660,2.8824,150,340,490,2.2667,140,280,420,2.0,120,170,290,1.4167,100,120,220,1.2,90,100,190,1.1111,108,65
910,320,600,180,440,620,2.4444,160,330,490,2.0625,150,270,420,1.8,120,170,290,1.4167,110,120,230,1.0909,90,110,200,1.2222,109,65
900,310,550,180,480,660,2.6667,160,330,490,2.0625,140,260,400,1.8571,130,150,280,1.1538,110,120,230,1.0909,100,100,200,1.0,109,66
920,350,550,190,460,650,2.4211,160,350,510,2.1875,150,290,440,1.9333,130,180,310,1.3846,100,140,240,1.4,90,110,200,1.2222,109,66
900,250,550,200,410,610,2.05,160,300,460,1.875,150,230,380,1.5333,130,150,280,1.1538,110,120,230,1.0909,100,100,200,1.0,108,65
920,350,540,190,430,620,2.2632,160,300,460,1.875,150,230,380,1.5333,130,150,280,1.1538,110,110,220,1.0,100,100,200,1.0,108,65
900,380,610,200,410,610,2.05,170,300,470,1.7647,160,240,400,1.5,130,150,280,1.1538,120,100,220,0.8333299999999999,100,90,190,0.9,108,65
900,290,670,190,680,870,3.5789,160,360,520,2.25,150,290,440,1.9333,140,170,310,1.2143,110,120,230,1.0909,110,100,210,0.90909,109,65
890,230,540,200,390,590,1.95,160,270,430,1.6875,160,240,400,1.5,130,180,310,1.3846,120,130,250,1.0833,100,100,200,1.0,108,65
900,320,460,180,450,630,2.5,160,300,460,1.875,150,240,390,1.6,140,150,290,1.0714,110,100,210,0.90909,90,80,170,0.88889,108,65
890,310,590,180,420,600,2.3333,160,290,450,1.8125,150,240,390,1.6,130,160,290,1.2308,110,120,230,1.0909,90,90,180,1.0,109,65
910,300,590,180,460,640,2.5556,150,320,470,2.1333,140,250,390,1.7857,130,160,290,1.2308,110,120,230,1.0909,90,100,190,1.1111,109,66
900,320,530,180,530,710,2.9444,160,350,510,2.1875,150,290,440,1.9333,130,180,310,1.3846,100,130,230,1.3,90,110,200,1.2222,109,66
910,200,590,220,420,640,1.9091,170,300,470,1.7647,160,250,410,1.5625,130,170,300,1.3077,110,130,240,1.1818,90,110,200,1.2222,109,65
910,340,560,190,450,640,2.3684,160,320,480,2.0,150,250,400,1.6667,130,150,280,1.1538,110,110,220,1.0,100,100,200,1.0,109,65
900,350,640,200,500,700,2.5,170,330,500,1.9412,160,270,430,1.6875,140,160,300,1.1429,120,120,240,1.0,100,90,190,0.9,109,65
910,260,630,180,640,820,3.5556,160,360,520,2.25,140,290,430,2.0714,120,170,290,1.4167,110,130,240,1.1818,90,100,190,1.1111,110,66
910,280,530,190,470,660,2.4737,170,320,490,1.8824,160,260,420,1.625,140,160,300,1.1429,110,110,220,1.0,110,100,210,0.90909,110,66
900,280,530,180,410,590,2.2778,160,290,450,1.8125,150,220,370,1.4667,130,150,280,1.1538,110,110,220,1.0,100,100,200,1.0,110,66
910,370,600,180,610,790,3.3889,150,430,580,2.8667,140,360,500,2.5714,130,190,320,1.4615,100,130,230,1.3,100,100,200,1.0,109,66
910,310,600,180,450,630,2.5,160,320,480,2.0,150,250,400,1.6667,130,160,290,1.2308,110,120,230,1.0909,90,90,180,1.0,110,66
900,310,550,190,420,610,2.2105,170,340,510,2.0,160,260,420,1.625,120,160,280,1.3333,120,120,240,1.0,100,100,200,1.0,110,66
900,350,630,180,640,820,3.5556,160,400,560,2.5,150,320,470,2.1333,130,190,320,1.4615,110,130,240,1.1818,100,110,210,1.1,111,66
900,270,690,200,480,680,2.4,170,340,510,2.0,160,280,440,1.75,130,180,310,1.3846,110,130,240,1.1818,90,110,200,1.2222,111,66
910,210,640,230,420,650,1.8261,180,290,470,1.6111,160,240,400,1.5,140,170,310,1.2143,110,130,240,1.1818,100,120,220,1.2,110,66
910,270,690,170,620,790,3.6471,150,350,500,2.3333,140,270,410,1.9286,120,160,280,1.3333,100,130,230,1.3,90,100,190,1.1111,110,66
920,200,700,180,450,630,2.5,150,310,460,2.0667,150,250,400,1.6667,120,160,280,1.3333,100,120,220,1.2,90,110,200,1.2222,110,66
910,220,650,180,420,600,2.3333,160,300,460,1.875,150,240,390,1.6,130,160,290,1.2308,110,120,230,1.0909,100,100,200,1.0,111,66
910,260,540,190,490,680,2.5789,170,320,490,1.8824,160,250,410,1.5625,140,150,290,1.0714,120,120,240,1.0,100,90,190,0.9,111,66
580,370,560,220,420,640,1.9091,180,350,530,1.9444,170,280,450,1.6471,150,170,320,1.1333,130,120,250,0.92308,110,100,210,0.90909,110,66
910,200,610,160,500,660,3.125,140,320,460,2.2857,130,260,390,2.0,120,160,280,1.3333,100,120,220,1.2,80,100,180,1.25,110,66
910,300,700,180,590,770,3.2778,150,340,490,2.2667,150,270,420,1.8,120,160,280,1.3333,110,120,230,1.0909,90,100,190,1.1111,110,66
910,210,700,180,470,650,2.6111,150,320,470,2.1333,150,260,410,1.7333,130,160,290,1.2308,100,120,220,1.2,90,100,190,1.1111,110,66
910,210,680,180,450,630,2.5,160,300,460,1.875,150,240,390,1.6,130,160,290,1.2308,110,120,230,1.0909,90,90,180,1.0,111,66
910,230,680,190,460,650,2.4211,160,310,470,1.9375,160,240,400,1.5,140,160,300,1.1429,120,120,240,1.0,100,100,200,1.0,111,66
900,230,670,250,430,680,1.72,190,320,510,1.6842,170,270,440,1.5882,150,180,330,1.2,120,130,250,1.0833,110,100,210,0.90909,110,66
900,230,560,170,410,580,2.4118,160,290,450,1.8125,140,220,360,1.5714,130,150,280,1.1538,100,120,220,1.2,90,90,180,1.0,110,66
910,340,410,190,420,610,2.2105,160,350,510,2.1875,150,280,430,1.8667,120,160,280,1.3333,110,120,230,1.0909,90,100,190,1.1111,110,66
900,290,680,190,450,640,2.3684,170,320,490,1.8824,150,250,400,1.6667,140,160,300,1.1429,110,120,230,1.0909,100,90,190,0.9,111,66
900,220,630,190,640,830,3.3684,150,360,510,2.4,150,300,450,2.0,140,180,320,1.2857,120,120,240,1.0,110,100,210,0.90909,111,66
880,270,690,190,410,600,2.1579,160,290,450,1.8125,150,240,390,1.6,130,160,290,1.2308,110,120,230,1.0909,100,90,190,0.9,111,66
920,190,590,210,430,640,2.0476,210,300,510,1.4286,180,240,420,1.3333,140,170,310,1.2143,110,130,240,1.1818,90,110,200,1.2222,110,66
900,330,570,170,510,680,3.0,150,350,500,2.3333,140,280,420,2.0,130,170,300,1.3077,110,120,230,1.0909,90,90,180,1.0,110,66
930,320,590,180,460,640,2.5556,150,340,490,2.2667,150,280,430,1.8667,130,170,300,1.3077,100,120,220,1.2,90,110,200,1.2222,111,66
910,340,530,190,430,620,2.2632,170,330,500,1.9412,160,260,420,1.625,140,150,290,1.0714,110,110,220,1.0,110,100,210,0.90909,111,66
910,380,680,190,460,650,2.4211,170,330,500,1.9412,160,270,430,1.6875,140,160,300,1.1429,120,120,240,1.0,110,100,210,0.90909,111,66
910,230,690,250,480,730,1.92,190,360,550,1.8947,180,300,480,1.6667,150,180,330,1.2,130,130,260,1.0,110,100,210,0.90909,111,66
900,220,570,210,410,620,1.9524,160,280,440,1.75,160,210,370,1.3125,130,150,280,1.1538,120,110,230,0.91667,100,100,200,1.0,110,66
920,330,620,180,510,690,2.8333,150,360,510,2.4,140,290,430,2.0714,120,170,290,1.4167,100,120,220,1.2,100,100,200,1.0,110,66
910,300,680,180,690,870,3.8333,150,380,530,2.5333,140,310,450,2.2143,120,180,300,1.5,90,120,210,1.3333,70,100,170,1.4286,110,66
910,230,580,180,460,640,2.5556,160,350,510,2.1875,150,270,420,1.8,130,160,290,1.2308,110,120,230,1.0909,100,100,200,1.0,111,66
920,330,540,210,440,650,2.0952,170,290,460,1.7059,160,220,380,1.375,140,170,310,1.2143,120,120,240,1.0,110,100,210,0.90909,111,66
900,380,540,200,440,640,2.2,170,310,480,1.8235,160,260,420,1.625,140,170,310,1.2143,120,120,240,1.0,110,90,200,0.81818,111,66
910,340,560,180,460,640,2.5556,160,320,480,2.0,150,240,390,1.6,130,150,280,1.1538,110,110,220,1.0,100,90,190,0.9,110,65
910,350,590,180,480,660,2.6667,160,330,490,2.0625,150,260,410,1.7333,130,160,290,1.2308,110,120,230,1.0909,90,90,180,1.0,110,65
920,320,570,260,580,840,2.2308,170,390,560,2.2941,160,320,480,2.0,130,180,310,1.3846,120,130,250,1.0833,100,100,200,1.0,110,65
910,350,540,190,450,640,2.3684,160,310,470,1.9375,160,240,400,1.5,130,150,280,1.1538,120,110,230,0.91667,100,100,200,1.0,111,65
910,370,560,200,420,620,2.1,170,310,480,1.8235,160,240,400,1.5,140,160,300,1.1429,120,120,240,1.0,110,100,210,0.90909,111,66
910,350,710,220,480,700,2.1818,180,360,540,2.0,160,290,450,1.8125,140,180,320,1.2857,120,130,250,1.0833,100,110,210,1.1,110,66
910,200,550,220,410,630,1.8636,200,270,470,1.35,170,210,380,1.2353,140,170,310,1.2143,120,130,250,1.0833,100,100,200,1.0,110,66
910,360,600,180,520,700,2.8889,150,360,510,2.4,140,290,430,2.0714,130,170,300,1.3077,100,120,220,1.2,80,100,180,1.25,110,65
920,310,390,180,400,580,2.2222,160,330,490,2.0625,150,260,410,1.7333,120,160,280,1.3333,110,120,230,1.0909,90,100,190,1.1111,110,65
920,310,680,180,640,820,3.5556,150,380,530,2.5333,140,310,450,2.2143,130,180,310,1.3846,100,130,230,1.3,90,120,210,1.3333,111,65
900,240,530,190,440,630,2.3158,170,320,490,1.8824,160,250,410,1.5625,140,160,300,1.1429,120,120,240,1.0,100,100,200,1.0,111,66
910,250,550,180,550,730,3.0556,150,350,500,2.3333,150,280,430,1.8667,130,170,300,1.3077,110,120,230,1.0909,100,110,210,1.1,110,65
910,360,580,180,490,670,2.7222,160,350,510,2.1875,150,270,420,1.8,130,160,290,1.2308,110,120,230,1.0909,100,100,200,1.0,110,65
910,330,600,180,470,650,2.6111,160,360,520,2.25,150,290,440,1.9333,130,160,290,1.2308,110,120,230,1.0909,90,100,190,1.1111,110,65
910,310,580,180,450,630,2.5,160,330,490,2.0625,150,260,410,1.7333,130,160,290,1.2308,110,120,230,1.0909,100,100,200,1.0,111,65
890,310,690,190,430,620,2.2632,170,310,480,1.8235,160,240,400,1.5,140,150,290,1.0714,120,110,230,0.91667,100,100,200,1.0,110,65
910,200,600,220,430,650,1.9545,190,290,480,1.5263,160,240,400,1.5,140,170,310,1.2143,110,130,240,1.1818,100,110,210,1.1,110,65
920,380,560,180,460,640,2.5556,160,330,490,2.0625,150,260,410,1.7333,130,160,290,1.2308,100,120,220,1.2,90,100,190,1.1111,109,65
900,360,560,190,430,620,2.2632,170,300,470,1.7647,150,230,380,1.5333,130,150,280,1.1538,100,110,210,1.1,90,90,180,1.0,110,65
900,340,550,190,490,680,2.5789,160,330,490,2.0625,150,260,410,1.7333,130,160,290,1.2308,110,120,230,1.0909,100,100,200,1.0,111,65
920,350,690,190,400,590,2.1053,160,280,440,1.75,150,230,380,1.5333,130,190,320,1.4615,110,140,250,1.2727,100,120,220,1.2,110,65
900,230,690,250,460,710,1.84,190,360,550,1.8947,180,300,480,1.6667,150,190,340,1.2667,130,120,250,0.92308,110,110,220,1.0,110,65
910,210,530,180,360,540,2.0,160,240,400,1.5,150,190,340,1.2667,130,150,280,1.1538,110,110,220,1.0,100,100,200,1.0,110,65
910,380,580,180,480,660,2.6667,150,340,490,2.2667,140,270,410,1.9286,130,160,290,1.2308,100,120,220,1.2,100,100,200,1.0,110,65
920,330,580,180,440,620,2.4444,160,310,470,1.9375,140,250,390,1.7857,130,160,290,1.2308,100,120,220,1.2,90,100,190,1.1111,110,65
930,340,580,200,530,730,2.65,160,360,520,2.25,150,290,440,1.9333,130,170,300,1.3077,110,130,240,1.1818,90,110,200,1.2222,110,65
860,350,550,200,560,760,2.8,180,370,550,2.0556,170,300,470,1.7647,140,170,310,1.2143,120,120,240,1.0,110,100,210,0.90909,111,66
940,310,590,160,430,590,2.6875,130,300,430,2.3077,130,250,380,1.9231,100,180,280,1.8,80,140,220,1.75,70,120,190,1.7143,111,66
910,270,610,170,620,790,3.6471,150,400,550,2.6667,140,310,450,2.2143,120,160,280,1.3333,100,120,220,1.2,90,100,190,1.1111,110,65
920,300,600,170,470,640,2.7647,150,330,480,2.2,140,260,400,1.8571,120,170,290,1.4167,100,120,220,1.2,90,100,190,1.1111,110,65
910,320,590,180,450,630,2.5,160,340,500,2.125,150,280,430,1.8667,130,170,300,1.3077,110,130,240,1.1818,90,100,190,1.1111,110,65
910,320,570,180,490,670,2.7222,160,330,490,2.0625,150,260,410,1.7333,130,170,300,1.3077,110,130,240,1.1818,90,100,190,1.1111,111,66
910,340,690,190,470,660,2.4737,160,340,500,2.125,160,270,430,1.6875,130,160,290,1.2308,110,120,230,1.0909,100,110,210,1.1,111,66
900,220,700,220,470,690,2.1364,180,360,540,2.0,160,290,450,1.8125,140,170,310,1.2143,110,130,240,1.1818,110,110,220,1.0,110,65
910,200,550,220,420,640,1.9091,170,290,460,1.7059,160,220,380,1.375,130,160,290,1.2308,110,130,240,1.1818,100,100,200,1.0,110,65
910,370,630,180,440,620,2.4444,160,310,470,1.9375,150,240,390,1.6,130,160,290,1.2308,110,110,220,1.0,100,90,190,0.9,110,65
900,280,620,200,430,630,2.15,170,330,500,1.9412,160,270,430,1.6875,130,170,300,1.3077,120,120,240,1.0,100,90,190,0.9,111,65
900,280,530,190,540,730,2.8421,160,350,510,2.1875,150,280,430,1.8667,130,160,290,1.2308,110,120,230,1.0909,100,100,200,1.0,111,66
900,370,520,190,440,630,2.3158,170,300,470,1.7647,160,240,400,1.5,140,150,290,1.0714,120,120,240,1.0,100,90,190,0.9,110,65
900,300,550,180,420,600,2.3333,150,280,430,1.8667,140,220,360,1.5714,130,150,280,1.1538,110,110,220,1.0,100,90,190,0.9,109,65
900,350,580,220,590,810,2.6818,170,410,580,2.4118,160,330,490,2.0625,130,180,310,1.3846,110,130,240,1.1818,100,100,200,1.0,109,65
950,320,600,180,470,650,2.6111,150,330,480,2.2,140,260,400,1.8571,120,170,290,1.4167,100,130,230,1.3,80,110,190,1.375,110,65
880,350,540,210,410,620,1.9524,180,280,460,1.5556,170,220,390,1.2941,140,130,270,0.92857,120,100,220,0.8333299999999999,100,80,180,0.8,110,65
910,340,560,170,570,740,3.3529,160,370,530,2.3125,150,300,450,2.0,130,170,300,1.3077,110,120,230,1.0909,100,110,210,1.1,110,65
890,350,690,210,380,590,1.8095,170,260,430,1.5294,170,250,420,1.4706,140,170,310,1.2143,120,120,240,1.0,110,100,210,0.90909,110,65
910,200,560,220,420,640,1.9091,220,300,520,1.3636,170,240,410,1.4118,140,160,300,1.1429,120,130,250,1.0833,100,110,210,1.1,109,65
900,350,480,180,490,670,2.7222,160,340,500,2.125,140,270,410,1.9286,130,160,290,1.2308,110,120,230,1.0909,90,100,190,1.1111,109,65
910,320,600,180,440,620,2.4444,160,320,480,2.0,150,250,400,1.6667,130,150,280,1.1538,110,120,230,1.0909,100,90,190,0.9,109,65
900,310,520,170,420,590,2.4706,160,290,450,1.8125,150,210,360,1.4,130,150,280,1.1538,110,110,220,1.0,100,90,190,0.9,110,65
900,380,520,190,530,720,2.7895,160,350,510,2.1875,160,280,440,1.75,140,170,310,1.2143,110,120,230,1.0909,100,110,210,1.1,110,65
910,210,560,230,410,640,1.7826,160,280,440,1.75,150,210,360,1.4,130,150,280,1.1538,110,120,230,1.0909,100,110,210,1.1,109,65
920,320,680,180,690,870,3.8333,160,380,540,2.375,140,320,460,2.2857,130,180,310,1.3846,100,130,230,1.3,90,110,200,1.2222,111,66
890,240,530,200,450,650,2.25,170,320,490,1.8824,170,250,420,1.4706,140,160,300,1.1429,120,120,240,1.0,110,100,210,0.90909,111,66
900,270,560,180,430,610,2.3889,160,300,460,1.875,150,230,380,1.5333,130,150,280,1.1538,110,110,220,1.0,100,90,190,0.9,110,66
910,340,550,190,560,750,2.9474,150,420,570,2.8,150,350,500,2.3333,130,190,320,1.4615,110,130,240,1.1818,100,100,200,1.0,110,65
910,360,640,190,460,650,2.4211,170,320,490,1.8824,150,260,410,1.7333,140,160,300,1.1429,110,120,230,1.0909,100,100,200,1.0,111,66
910,270,540,190,430,620,2.2632,160,320,480,2.0,150,250,400,1.6667,130,160,290,1.2308,110,120,230,1.0909,100,100,200,1.0,111,66
900,370,530,200,540,740,2.7,170,380,550,2.2353,160,300,460,1.875,140,170,310,1.2143,120,120,240,1.0,110,100,210,0.90909,111,66
880,370,680,220,580,800,2.6364,180,350,530,1.9444,170,290,460,1.7059,150,170,320,1.1333,130,120,250,0.92308,110,100,210,0.90909,111,66
910,200,580,220,420,640,1.9091,220,300,520,1.3636,180,240,420,1.3333,140,170,310,1.2143,110,130,240,1.1818,100,120,220,1.2,111,66
910,330,580,180,520,700,2.8889,150,370,520,2.4667,140,290,430,2.0714,130,160,290,1.2308,100,120,220,1.2,90,100,190,1.1111,110,66
900,330,610,180,620,800,3.4444,160,430,590,2.6875,140,350,490,2.5,130,190,320,1.4615,100,120,220,1.2,90,100,190,1.1111,110,66
900,290,610,190,450,640,2.3684,160,320,480,2.0,150,260,410,1.7333,130,160,290,1.2308,110,110,220,1.0,100,100,200,1.0,111,66
910,290,570,180,410,590,2.2778,160,270,430,1.6875,150,210,360,1.4,120,170,290,1.4167,110,130,240,1.1818,90,100,190,1.1111,112,66
900,340,550,190,560,750,2.9474,160,360,520,2.25,150,300,450,2.0,130,190,320,1.4615,110,130,240,1.1818,100,110,210,1.1,112,66
900,210,580,230,420,650,1.8261,160,290,450,1.8125,150,230,380,1.5333,130,150,280,1.1538,110,120,230,1.0909,90,100,190,1.1111,111,66
900,320,590,180,530,710,2.9444,150,360,510,2.4,140,290,430,2.0714,130,170,300,1.3077,100,130,230,1.3,90,100,190,1.1111,111,66
880,330,630,190,430,620,2.2632,160,310,470,1.9375,150,240,390,1.6,140,150,290,1.0714,110,110,220,1.0,100,100,200,1.0,111,66
920,250,680,160,440,600,2.75,150,290,440,1.9333,130,230,360,1.7692,110,150,260,1.3636,90,110,200,1.2222,70,90,160,1.2857,112,66
900,240,550,190,440,630,2.3158,160,310,470,1.9375,150,260,410,1.7333,130,160,290,1.2308,110,120,230,1.0909,100,110,210,1.1,112,66
900,260,550,180,450,630,2.5,160,320,480,2.0,150,230,380,1.5333,120,150,270,1.25,110,110,220,1.0,100,100,200,1.0,111,66
920,350,470,180,480,660,2.6667,150,340,490,2.2667,140,270,410,1.9286,130,160,290,1.2308,100,120,220,1.2,100,100,200,1.0,111,66
910,300,710,190,440,630,2.3158,160,300,460,1.875,150,240,390,1.6,130,160,290,1.2308,110,120,230,1.0909,100,90,190,0.9,112,66
900,200,520,180,460,640,2.5556,160,320,480,2.0,150,260,410,1.7333,130,160,290,1.2308,120,110,230,0.91667,100,90,190,0.9,111,66
880,380,690,190,450,640,2.3684,160,320,480,2.0,150,260,410,1.7333,140,160,300,1.1429,110,120,230,1.0909,100,100,200,1.0,110,66
910,190,590,210,400,610,1.9048,210,270,480,1.2857,210,210,420,1.0,140,150,290,1.0714,120,110,230,0.91667,110,80,190,0.72727,110,66
910,320,580,180,580,760,3.2222,150,370,520,2.4667,140,290,430,2.0714,120,170,290,1.4167,100,120,220,1.2,90,100,190,1.1111,110,65
900,330,590,180,450,630,2.5,150,320,470,2.1333,140,250,390,1.7857,130,160,290,1.2308,110,120,230,1.0909,90,100,190,1.1111,111,66
900,310,570,170,520,690,3.0588,150,370,520,2.4667,140,290,430,2.0714,120,170,290,1.4167,100,130,230,1.3,80,110,190,1.375,111,66
900,330,540,180,480,660,2.6667,150,340,490,2.2667,150,280,430,1.8667,130,170,300,1.3077,110,120,230,1.0909,90,110,200,1.2222,111,66
910,230,570,170,420,590,2.4706,150,280,430,1.8667,140,220,360,1.5714,120,150,270,1.25,90,120,210,1.3333,90,100,190,1.1111,111,66
910,340,550,190,530,720,2.7895,160,370,530,2.3125,150,300,450,2.0,120,170,290,1.4167,110,120,230,1.0909,90,100,190,1.1111,110,66
900,360,600,190,610,800,3.2105,150,430,580,2.8667,150,370,520,2.4667,120,240,360,2.0,110,160,270,1.4545,100,140,240,1.4,111,66
920,300,550,170,450,620,2.6471,150,330,480,2.2,140,260,400,1.8571,120,170,290,1.4167,100,130,230,1.3,90,100,190,1.1111,111,66
900,370,520,190,410,600,2.1579,170,320,490,1.8824,160,300,460,1.875,130,170,300,1.3077,120,120,240,1.0,90,100,190,1.1111,112,66
890,380,520,190,420,610,2.2105,160,310,470,1.9375,150,250,400,1.6667,140,160,300,1.1429,110,120,230,1.0909,110,100,210,0.90909,112,66
900,300,610,180,500,680,2.7778,150,360,510,2.4,140,290,430,2.0714,120,170,290,1.4167,110,120,230,1.0909,90,100,190,1.1111,111,66
900,290,540,190,460,650,2.4211,160,320,480,2.0,150,250,400,1.6667,130,150,280,1.1538,110,120,230,1.0909,100,100,200,1.0,112,67
900,360,550,200,390,590,1.95,160,250,410,1.5625,160,190,350,1.1875,130,160,290,1.2308,120,140,260,1.1667,100,110,210,1.1,112,67
890,350,700,200,480,680,2.4,170,330,500,1.9412,160,270,430,1.6875,140,160,300,1.1429,120,120,240,1.0,100,100,200,1.0,111,67
900,190,570,210,380,590,1.8095,190,270,460,1.4211,160,210,370,1.3125,130,160,290,1.2308,120,120,240,1.0,100,110,210,1.1,111,67
900,330,590,170,500,670,2.9412,150,370,520,2.4667,140,290,430,2.0714,120,170,290,1.4167,90,120,210,1.3333,90,100,190,1.1111,111,66
900,310,600,170,480,650,2.8235,150,350,500,2.3333,140,270,410,1.9286,120,160,280,1.3333,110,120,230,1.0909,90,100,190,1.1111,111,66
900,300,680,240,690,930,2.875,170,420,590,2.4706,150,350,500,2.3333,130,200,330,1.5385,110,130,240,1.1818,90,110,200,1.2222,112,67
900,220,550,170,560,730,3.2941,150,390,540,2.6,140,300,440,2.1429,120,170,290,1.4167,100,130,230,1.3,90,110,200,1.2222,113,67
910,210,700,230,500,730,2.1739,200,390,590,1.95,170,340,510,2.0,140,230,370,1.6429,120,150,270,1.25,100,130,230,1.3,112,67
910,210,580,230,430,660,1.8696,160,280,440,1.75,150,240,390,1.6,130,150,280,1.1538,100,120,220,1.2,100,100,200,1.0,112,67
910,330,640,180,650,830,3.6111,160,400,560,2.5,150,330,480,2.2,130,170,300,1.3077,100,130,230,1.3,90,100,190,1.1111,112,67
900,270,460,190,470,660,2.4737,170,340,510,2.0,160,280,440,1.75,130,160,290,1.2308,110,110,220,1.0,100,100,200,1.0,113,67
890,180,680,190,410,600,2.1579,160,300,460,1.875,160,240,400,1.5,130,150,280,1.1538,110,120,230,1.0909,100,110,210,1.1,114,68
910,210,600,230,440,670,1.913,230,330,560,1.4348,190,270,460,1.4211,150,180,330,1.2,120,130,250,1.0833,110,120,230,1.0909,113,67
900,310,550,180,560,740,3.1111,150,440,590,2.9333,150,350,500,2.3333,120,190,310,1.5833,110,120,230,1.0909,100,100,200,1.0,113,67
920,350,630,170,500,670,2.9412,150,370,520,2.4667,140,290,430,2.0714,120,170,290,1.4167,100,130,230,1.3,90,100,190,1.1111,113,67
900,290,620,180,460,640,2.5556,160,360,520,2.25,150,260,410,1.7333,130,160,290,1.2308,110,120,230,1.0909,90,90,180,1.0,113,67
910,330,640,190,650,840,3.4211,170,360,530,2.1176,160,280,440,1.75,130,160,290,1.2308,110,120,230,1.0909,100,100,200,1.0,113,67
890,270,660,200,400,600,2.0,170,330,500,1.9412,160,280,440,1.75,140,170,310,1.2143,120,120,240,1.0,110,90,200,0.81818,114,68
900,230,650,250,480,730,1.92,200,360,560,1.8,170,330,500,1.9412,140,210,350,1.5,120,140,260,1.1667,100,120,220,1.2,113,68
910,250,550,190,430,620,2.2632,150,280,430,1.8667,150,220,370,1.4667,120,150,270,1.25,110,110,220,1.0,90,100,190,1.1111,113,67
900,350,630,190,460,650,2.4211,160,330,490,2.0625,150,260,410,1.7333,130,160,290,1.2308,120,110,230,0.91667,100,90,190,0.9,112,67
910,270,580,180,470,650,2.6111,150,340,490,2.2667,140,270,410,1.9286,110,170,280,1.5455,100,120,220,1.2,90,100,190,1.1111,113,67
900,330,520,190,530,720,2.7895,170,390,560,2.2941,150,320,470,2.1333,140,180,320,1.2857,120,120,240,1.0,110,100,210,0.90909,113,67
910,200,610,220,440,660,2.0,220,330,550,1.5,180,260,440,1.4444,140,170,310,1.2143,120,130,250,1.0833,100,110,210,1.1,113,67
900,300,390,180,400,580,2.2222,160,340,500,2.125,150,260,410,1.7333,120,160,280,1.3333,110,110,220,1.0,100,100,200,1.0,113,67
910,310,680,180,500,680,2.7778,160,360,520,2.25,150,290,440,1.9333,130,170,300,1.3077,110,130,240,1.1818,100,100,200,1.0,112,67
890,230,590,190,470,660,2.4737,160,320,480,2.0,160,260,420,1.625,130,160,290,1.2308,120,120,240,1.0,100,100,200,1.0,112,67
880,300,590,180,600,780,3.3333,160,380,540,2.375,150,310,460,2.0667,130,180,310,1.3846,110,130,240,1.1818,90,120,210,1.3333,113,67
900,260,650,190,500,690,2.6316,160,380,540,2.375,150,310,460,2.0667,130,180,310,1.3846,110,130,240,1.1818,100,100,200,1.0,113,67
890,250,570,180,580,760,3.2222,160,390,550,2.4375,150,320,470,2.1333,140,160,300,1.1429,110,120,230,1.0909,90,110,200,1.2222,113,67
900,320,670,180,680,860,3.7778,150,370,520,2.4667,140,300,440,2.1429,130,200,330,1.5385,110,140,250,1.2727,90,120,210,1.3333,114,67
900,230,690,250,500,750,2.0,250,380,630,1.52,200,340,540,1.7,150,210,360,1.4,120,150,270,1.25,110,130,240,1.1818,114,67
900,210,590,180,430,610,2.3889,150,300,450,2.0,140,230,370,1.6429,130,160,290,1.2308,100,120,220,1.2,90,100,190,1.1111,114,67
900,310,590,180,600,780,3.3333,160,440,600,2.75,140,350,490,2.5,130,180,310,1.3846,100,120,220,1.2,90,100,190,1.1111,114,67
900,310,580,180,480,660,2.6667,160,350,510,2.1875,140,270,410,1.9286,130,160,290,1.2308,100,120,220,1.2,100,100,200,1.0,114,67
910,320,680,200,450,650,2.25,170,350,520,2.0588,150,300,450,2.0,130,180,310,1.3846,110,130,240,1.1818,90,100,190,1.1111,114,67
900,230,660,190,670,860,3.5263,160,410,570,2.5625,150,340,490,2.2667,130,190,320,1.4615,110,130,240,1.1818,100,110,210,1.1,115,68
890,240,670,190,480,670,2.5263,170,340,510,2.0,160,280,440,1.75,130,160,290,1.2308,120,130,250,1.0833,100,100,200,1.0,115,68
890,220,630,240,430,670,1.7917,240,320,560,1.3333,190,250,440,1.3158,150,170,320,1.1333,140,130,270,0.92857,110,110,220,1.0,115,68
900,260,580,170,480,650,2.8235,150,340,490,2.2667,150,260,410,1.7333,120,150,270,1.25,110,110,220,1.0,90,110,200,1.2222,115,68
900,250,630,180,470,650,2.6111,150,340,490,2.2667,150,270,420,1.8,120,160,280,1.3333,110,120,230,1.0909,90,110,200,1.2222,115,68
890,270,560,190,420,610,2.2105,160,300,460,1.875,150,250,400,1.6667,130,160,290,1.2308,110,130,240,1.1818,100,100,200,1.0,116,68
900,330,670,180,680,860,3.7778,150,390,540,2.6,140,320,460,2.2857,130,190,320,1.4615,110,140,250,1.2727,90,110,200,1.2222,117,69
880,230,690,250,480,730,1.92,180,380,560,2.1111,160,320,480,2.0,150,190,340,1.2667,120,140,260,1.1667,110,110,220,1.0,116,69
900,190,580,210,420,630,2.0,210,300,510,1.4286,160,250,410,1.5625,130,170,300,1.3077,120,140,260,1.1667,100,110,210,1.1,116,69
900,320,590,180,560,740,3.1111,150,390,540,2.6,150,310,460,2.0667,120,170,290,1.4167,110,120,230,1.0909,90,100,190,1.1111,116,69
890,290,610,180,460,640,2.5556,160,320,480,2.0,150,250,400,1.6667,140,160,300,1.1429,110,110,220,1.0,110,90,200,0.81818,116,69
900,280,520,190,400,590,2.1053,160,260,420,1.625,150,190,340,1.2667,140,150,290,1.0714,120,110,230,0.91667,100,100,200,1.0,117,69
880,380,620,190,490,680,2.5789,170,330,500,1.9412,160,270,430,1.6875,140,170,310,1.2143,120,120,240,1.0,110,100,210,0.90909,118,69
890,200,570,190,420,610,2.2105,160,290,450,1.8125,150,230,380,1.5333,130,150,280,1.1538,120,110,230,0.91667,100,100,200,1.0,117,69
900,320,580,180,530,710,2.9444,150,370,520,2.4667,140,290,430,2.0714,120,160,280,1.3333,100,120,220,1.2,90,100,190,1.1111,117,69
850,280,610,190,440,630,2.3158,170,300,470,1.7647,160,240,400,1.5,140,150,290,1.0714,120,110,230,0.91667,100,90,190,0.9,117,69
940,240,660,150,480,630,3.2,120,330,450,2.75,100,260,360,2.6,100,190,290,1.9,80,150,230,1.875,70,130,200,1.8571,118,69
900,280,690,190,440,630,2.3158,170,320,490,1.8824,150,250,400,1.6667,130,170,300,1.3077,120,120,240,1.0,100,100,200,1.0,118,69
900,210,630,230,420,650,1.8261,230,300,530,1.3043,220,240,460,1.0909,160,200,360,1.25,140,140,280,1.0,120,110,230,0.91667,118,69
890,270,610,180,420,600,2.3333,160,300,460,1.875,150,220,370,1.4667,120,140,260,1.1667,110,110,220,1.0,100,90,190,0.9,117,69
900,280,460,180,470,650,2.6111,150,330,480,2.2,140,270,410,1.9286,130,160,290,1.2308,100,120,220,1.2,90,100,190,1.1111,117,69
900,270,630,180,470,650,2.6111,160,320,480,2.0,150,250,400,1.6667,130,160,290,1.2308,110,120,230,1.0909,100,100,200,1.0,118,69
900,270,620,190,500,690,2.6316,160,330,490,2.0625,150,270,420,1.8,130,160,290,1.2308,110,110,220,1.0,100,100,200,1.0,119,70
880,280,670,200,440,640,2.2,180,310,490,1.7222,160,250,410,1.5625,140,160,300,1.1429,130,120,250,0.92308,110,90,200,0.81818,118,70
890,310,640,180,510,690,2.8333,150,340,490,2.2667,150,270,420,1.8,130,150,280,1.1538,110,110,220,1.0,100,100,200,1.0,118,69
630,240,610,190,510,700,2.6842,160,330,490,2.0625,150,270,420,1.8,130,160,290,1.2308,110,120,230,1.0909,100,100,200,1.0,118,69
850,230,680,250,500,750,2.0,180,370,550,2.0556,170,320,490,1.8824,140,190,330,1.3571,120,130,250,1.0833,110,110,220,1.0,119,70
930,170,610,190,460,650,2.4211,150,310,460,2.0667,130,250,380,1.9231,110,190,300,1.7273,80,140,220,1.75,70,120,190,1.7143,118,70
900,320,650,170,540,710,3.1765,150,360,510,2.4,140,290,430,2.0714,120,160,280,1.3333,100,120,220,1.2,90,100,190,1.1111,118,69
890,240,650,180,460,640,2.5556,160,330,490,2.0625,150,260,410,1.7333,130,150,280,1.1538,110,110,220,1.0,100,90,190,0.9,118,69
890,240,670,180,490,670,2.7222,160,380,540,2.375,140,310,450,2.2143,130,170,300,1.3077,100,120,220,1.2,90,110,200,1.2222,118,69
900,220,680,180,460,640,2.5556,150,330,480,2.2,140,270,410,1.9286,120,170,290,1.4167,100,130,230,1.3,90,120,210,1.3333,119,70
900,220,690,240,470,710,1.9583,210,360,570,1.7143,170,300,470,1.7647,150,200,350,1.3333,120,140,260,1.1667,110,120,230,1.0909,120,70
900,210,590,180,580,760,3.2222,160,360,520,2.25,150,290,440,1.9333,130,160,290,1.2308,110,120,230,1.0909,100,100,200,1.0,119,70
900,310,590,180,550,730,3.0556,160,380,540,2.375,140,290,430,2.0714,120,170,290,1.4167,110,130,240,1.1818,90,100,190,1.1111,119,70
910,250,670,170,490,660,2.8824,150,360,510,2.4,140,290,430,2.0714,120,180,300,1.5,100,130,230,1.3,90,110,200,1.2222,120,70
880,240,660,180,450,630,2.5,170,360,530,2.1176,150,350,500,2.3333,140,190,330,1.3571,110,130,240,1.1818,110,110,220,1.0,121,70
880,220,690,180,460,640,2.5556,150,340,490,2.2667,140,270,410,1.9286,130,170,300,1.3077,100,130,230,1.3,90,110,200,1.2222,121,70
890,190,600,210,440,650,2.0952,210,320,530,1.5238,180,260,440,1.4444,150,170,320,1.1333,120,130,250,1.0833,100,110,210,1.1,120,70
900,290,600,180,530,710,2.9444,160,370,530,2.3125,150,300,450,2.0,130,160,290,1.2308,110,130,240,1.1818,100,90,190,0.9,120,70
880,300,600,180,510,690,2.8333,160,360,520,2.25,150,290,440,1.9333,120,160,280,1.3333,90,110,200,1.2222,60,90,150,1.5,120,70
900,280,590,180,490,670,2.7222,150,350,500,2.3333,150,270,420,1.8,130,160,290,1.2308,110,120,230,1.0909,100,100,200,1.0,121,71
890,310,670,190,400,590,2.1053,170,270,440,1.5882,160,240,400,1.5,140,200,340,1.4286,120,120,240,1.0,100,110,210,1.1,122,71
880,220,680,190,470,660,2.4737,170,340,510,2.0,160,280,440,1.75,140,170,310,1.2143,120,120,240,1.0,100,110,210,1.1,122,71
900,200,500,220,400,620,1.8182,190,290,480,1.5263,160,240,400,1.5,140,160,300,1.1429,110,120,230,1.0909,110,110,220,1.0,121,71
900,400,600,210,610,820,2.9048,160,420,580,2.625,150,330,480,2.2,130,180,310,1.3846,110,120,230,1.0909,100,100,200,1.0,121,71
900,300,610,190,480,670,2.5263,160,340,500,2.125,150,280,430,1.8667,130,160,290,1.2308,110,120,230,1.0909,110,90,200,0.81818,121,71
900,290,630,180,510,690,2.8333,160,360,520,2.25,150,290,440,1.9333,130,170,300,1.3077,120,120,240,1.0,100,100,200,1.0,121,71
900,270,540,190,550,740,2.8947,170,350,520,2.0588,150,270,420,1.8,140,150,290,1.0714,120,110,230,0.91667,100,90,190,0.9,121,71
900,360,660,210,380,590,1.8095,180,240,420,1.3333,160,180,340,1.125,140,130,270,0.92857,120,110,230,0.91667,110,100,210,0.90909,122,71
890,240,680,260,490,750,1.8846,200,380,580,1.9,180,320,500,1.7778,150,210,360,1.4,130,140,270,1.0769,110,120,230,1.0909,122,71
910,210,610,170,430,600,2.5294,150,240,390,1.6,140,190,330,1.3571,120,140,260,1.1667,110,110,220,1.0,90,100,190,1.1111,121,71
910,300,620,180,510,690,2.8333,150,360,510,2.4,150,290,440,1.9333,120,160,280,1.3333,100,120,220,1.2,100,100,200,1.0,121,71
890,290,590,190,490,680,2.5789,170,330,500,1.9412,150,260,410,1.7333,140,150,290,1.0714,120,110,230,0.91667,100,90,190,0.9,121,70
910,300,630,210,640,850,3.0476,170,380,550,2.2353,150,310,460,2.0667,140,180,320,1.2857,110,120,230,1.0909,110,110,220,1.0,121,70
840,280,670,190,680,870,3.5789,170,390,560,2.2941,150,320,470,2.1333,140,170,310,1.2143,120,120,240,1.0,100,100,200,1.0,122,71
900,220,620,240,450,690,1.875,240,330,570,1.375,180,270,450,1.5,150,170,320,1.1333,120,130,250,1.0833,110,110,220,1.0,121,71
910,280,600,180,610,790,3.3889,150,370,520,2.4667,140,280,420,2.0,120,150,270,1.25,100,110,210,1.1,90,100,190,1.1111,120,70
890,310,600,180,500,680,2.7778,160,350,510,2.1875,150,280,430,1.8667,140,160,300,1.1429,120,110,230,0.91667,100,90,190,0.9,120,70
910,290,680,180,480,660,2.6667,160,350,510,2.1875,150,280,430,1.8667,130,160,290,1.2308,110,120,230,1.0909,100,100,200,1.0,120,70
890,230,600,190,450,640,2.3684,170,320,490,1.8824,160,240,400,1.5,130,150,280,1.1538,120,110,230,0.91667,100,90,190,0.9,121,70
900,290,710,190,690,880,3.6316,160,380,540,2.375,140,310,450,2.2143,130,190,320,1.4615,110,130,240,1.1818,90,110,200,1.2222,121,70
890,190,690,190,470,660,2.4737,160,330,490,2.0625,160,270,430,1.6875,130,170,300,1.3077,120,130,250,1.0833,100,100,200,1.0,121,70
900,200,600,220,440,660,2.0,220,300,520,1.3636,170,250,420,1.4706,140,160,300,1.1429,120,130,250,1.0833,100,110,210,1.1,120,70
900,300,650,180,660,840,3.6667,160,350,510,2.1875,150,270,420,1.8,140,160,300,1.1429,110,120,230,1.0909,90,100,190,1.1111,119,70
900,250,670,190,500,690,2.6316,160,350,510,2.1875,160,280,440,1.75,140,170,310,1.2143,120,120,240,1.0,100,100,200,1.0,120,70
890,230,680,250,490,740,1.96,190,370,560,1.9474,180,320,500,1.7778,150,200,350,1.3333,130,130,260,1.0,120,110,230,0.91667,121,70
920,210,590,190,410,600,2.1579,160,300,460,1.875,150,240,390,1.6,130,160,290,1.2308,100,120,220,1.2,100,110,210,1.1,120,70
890,330,590,190,600,790,3.1579,160,450,610,2.8125,150,360,510,2.4,130,190,320,1.4615,110,120,230,1.0909,100,100,200,1.0,120,70
910,300,690,170,470,640,2.7647,150,340,490,2.2667,140,270,410,1.9286,120,160,280,1.3333,100,120,220,1.2,90,100,190,1.1111,120,70
900,220,630,190,450,640,2.3684,160,340,500,2.125,150,280,430,1.8667,140,180,320,1.2857,110,120,230,1.0909,100,100,200,1.0,121,70
900,270,660,180,670,850,3.7222,160,390,550,2.4375,150,320,470,2.1333,130,180,310,1.3846,110,130,240,1.1818,90,100,190,1.1111,122,71
890,240,670,180,410,590,2.2778,160,340,500,2.125,140,280,420,2.0,140,170,310,1.2143,110,120,230,1.0909,100,110,210,1.1,122,71
900,220,670,240,450,690,1.875,200,320,520,1.6,170,270,440,1.5882,150,180,330,1.2,120,140,260,1.1667,110,110,220,1.0,122,71
890,230,590,180,440,620,2.4444,150,300,450,2.0,140,240,380,1.7143,120,160,280,1.3333,100,120,220,1.2,90,100,190,1.1111,121,71
910,300,670,240,680,920,2.8333,150,440,590,2.9333,150,360,510,2.4,120,200,320,1.6667,100,140,240,1.4,90,120,210,1.3333,121,70
920,240,580,180,510,690,2.8333,150,360,510,2.4,140,290,430,2.0714,130,170,300,1.3077,100,130,230,1.3,90,100,190,1.1111,121,70
880,340,560,200,470,670,2.35,170,320,490,1.8824,160,260,420,1.625,140,150,290,1.0714,110,100,210,0.90909,90,90,180,1.0,121,70
890,320,670,180,680,860,3.7778,160,400,560,2.5,150,330,480,2.2,130,180,310,1.3846,110,130,240,1.1818,90,110,200,1.2222,122,71
880,220,700,240,460,700,1.9167,180,320,500,1.7778,160,280,440,1.75,140,210,350,1.5,120,150,270,1.25,100,120,220,1.2,122,71
910,180,600,200,450,650,2.25,200,320,520,1.6,160,270,430,1.6875,130,180,310,1.3846,110,140,250,1.2727,100,120,220,1.2,121,71
900,310,500,170,510,680,3.0,140,370,510,2.6429,140,290,430,2.0714,120,170,290,1.4167,90,130,220,1.4444,90,100,190,1.1111,121,71
900,250,680,180,470,650,2.6111,160,340,500,2.125,150,270,420,1.8,140,160,300,1.1429,110,110,220,1.0,100,100,200,1.0,121,71
900,220,670,180,460,640,2.5556,160,320,480,2.0,150,260,410,1.7333,120,160,280,1.3333,110,120,230,1.0909,90,100,190,1.1111,122,71
900,230,670,180,520,700,2.8889,170,360,530,2.1176,150,300,450,2.0,140,180,320,1.2857,110,120,230,1.0909,100,110,210,1.1,123,71
880,230,680,250,480,730,1.92,250,340,590,1.36,200,280,480,1.4,170,150,320,0.88235,140,110,250,0.78571,120,100,220,0.8333299999999999,123,72
910,200,600,220,440,660,2.0,160,310,470,1.9375,150,250,400,1.6667,120,170,290,1.4167,100,140,240,1.4,90,120,210,1.3333,123,71
900,310,350,180,360,540,2.0,150,360,510,2.4,150,290,440,1.9333,120,160,280,1.3333,110,120,230,1.0909,90,100,190,1.1111,122,71
910,220,680,190,540,730,2.8421,160,360,520,2.25,150,300,450,2.0,130,180,310,1.3846,110,130,240,1.1818,100,110,210,1.1,123,71
880,230,660,190,670,860,3.5263,170,380,550,2.2353,160,310,470,1.9375,140,160,300,1.1429,110,110,220,1.0,100,100,200,1.0,124,72
860,220,690,170,520,690,3.0588,150,360,510,2.4,140,310,450,2.2143,120,190,310,1.5833,100,140,240,1.4,90,120,210,1.3333,124,72
890,210,580,170,420,590,2.4706,150,290,440,1.9333,140,230,370,1.6429,120,150,270,1.25,100,120,220,1.2,90,100,190,1.1111,123,71
900,230,680,170,470,640,2.7647,140,340,480,2.4286,140,280,420,2.0,120,170,290,1.4167,90,120,210,1.3333,90,100,190,1.1111,122,71
910,220,690,170,480,650,2.8235,150,340,490,2.2667,140,270,410,1.9286,120,160,280,1.3333,100,130,230,1.3,90,110,200,1.2222,123,71
930,340,570,180,480,660,2.6667,160,340,500,2.125,140,260,400,1.8571,130,150,280,1.1538,110,120,230,1.0909,90,90,180,1.0,122,71
930,290,700,170,460,630,2.7059,150,330,480,2.2,140,260,400,1.8571,130,160,290,1.2308,110,120,230,1.0909,90,100,190,1.1111,123,71
910,230,660,190,470,660,2.4737,160,350,510,2.1875,160,310,470,1.9375,140,150,290,1.0714,120,110,230,0.91667,100,100,200,1.0,121,73
900,250,660,190,510,700,2.6842,170,350,520,2.0588,160,280,440,1.75,140,160,300,1.1429,120,120,240,1.0,100,100,200,1.0,122,72
920,240,700,260,490,750,1.8846,260,430,690,1.6538,190,370,560,1.9474,150,240,390,1.6,120,150,270,1.25,110,130,240,1.1818,122,72
590,220,540,210,420,630,2.0,170,300,470,1.7647,150,220,370,1.4667,130,140,270,1.0769,120,110,230,0.91667,100,90,190,0.9,122,72
900,270,620,180,450,630,2.5,160,310,470,1.9375,150,250,400,1.6667,130,150,280,1.1538,110,110,220,1.0,100,100,200,1.0,121,71
880,230,670,200,450,650,2.25,170,310,480,1.8235,170,250,420,1.4706,140,150,290,1.0714,130,110,240,0.84615,110,90,200,0.81818,122,72
920,210,610,230,460,690,2.0,230,320,550,1.3913,230,290,520,1.2609,150,210,360,1.4,130,150,280,1.1538,110,130,240,1.1818,122,71
890,310,680,190,450,640,2.3684,170,330,500,1.9412,160,230,390,1.4375,140,140,280,1.0,130,90,220,0.69231,110,80,190,0.72727,122,71
900,210,500,170,510,680,3.0,150,360,510,2.4,140,290,430,2.0714,120,160,280,1.3333,100,110,210,1.1,90,100,190,1.1111,121,71
920,220,570,170,480,650,2.8235,150,350,500,2.3333,140,270,410,1.9286,120,160,280,1.3333,100,120,220,1.2,90,100,190,1.1111,121,71
910,350,690,170,460,630,2.7059,150,330,480,2.2,150,270,420,1.8,130,150,280,1.1538,110,120,230,1.0909,100,100,200,1.0,122,71
890,220,700,200,490,690,2.45,180,360,540,2.0,160,290,450,1.8125,150,170,320,1.1333,120,120,240,1.0,110,110,220,1.0,123,72
910,190,640,210,420,630,2.0,210,290,500,1.381,210,220,430,1.0476,150,140,290,0.93333,120,110,230,0.91667,110,90,200,0.81818,122,72
920,270,650,180,540,720,3.0,150,380,530,2.5333,140,300,440,2.1429,120,160,280,1.3333,100,120,220,1.2,90,100,190,1.1111,122,72
900,220,680,190,530,720,2.7895,170,390,560,2.2941,160,310,470,1.9375,120,170,290,1.4167,120,120,240,1.0,110,100,210,0.90909,124,72
910,220,680,190,510,700,2.6842,160,350,510,2.1875,150,280,430,1.8667,140,170,310,1.2143,110,120,230,1.0909,100,110,210,1.1,124,72
890,230,690,250,490,740,1.96,210,370,580,1.7619,180,310,490,1.7222,160,200,360,1.25,140,130,270,0.92857,120,110,230,0.91667,124,72
910,200,590,160,470,630,2.9375,140,330,470,2.3571,140,250,390,1.7857,120,160,280,1.3333,100,120,220,1.2,90,110,200,1.2222,124,72
910,320,580,170,520,690,3.0588,140,360,500,2.5714,140,290,430,2.0714,120,160,280,1.3333,100,130,230,1.3,90,100,190,1.1111,123,72
910,330,660,170,550,720,3.2353,150,410,560,2.7333,140,350,490,2.5,120,220,340,1.8333,100,150,250,1.5,90,130,220,1.4444,123,72
910,250,670,180,450,630,2.5,160,320,480,2.0,150,260,410,1.7333,130,150,280,1.1538,110,110,220,1.0,100,100,200,1.0,123,72
900,240,670,190,430,620,2.2632,170,340,510,2.0,160,310,470,1.9375,140,190,330,1.3571,120,120,240,1.0,100,100,200,1.0,124,72
900,230,690,190,460,650,2.4211,170,330,500,1.9412,160,270,430,1.6875,140,160,300,1.1429,120,120,240,1.0,110,100,210,0.90909,124,72
890,210,560,230,420,650,1.8261,230,310,540,1.3478,190,250,440,1.3158,150,160,310,1.0667,130,120,250,0.92308,110,100,210,0.90909,124,72
900,330,630,220,640,860,2.9091,150,410,560,2.7333,150,330,480,2.2,120,170,290,1.4167,110,120,230,1.0909,90,100,190,1.1111,123,72
910,270,650,170,480,650,2.8235,160,330,490,2.0625,140,260,400,1.8571,130,150,280,1.1538,110,120,230,1.0909,100,90,190,0.9,123,72
900,260,650,180,490,670,2.7222,160,340,500,2.125,140,270,410,1.9286,120,150,270,1.25,90,110,200,1.2222,80,100,180,1.25,123,72
900,250,650,180,460,640,2.5556,170,320,490,1.8824,150,250,400,1.6667,140,150,290,1.0714,110,110,220,1.0,100,90,190,0.9,124,72
900,250,690,200,390,590,1.95,170,260,430,1.5294,160,200,360,1.25,130,180,310,1.3846,120,130,250,1.0833,100,100,200,1.0,125,73
890,210,690,220,500,720,2.2727,180,360,540,2.0,160,310,470,1.9375,140,180,320,1.2857,120,120,240,1.0,110,110,220,1.0,125,73
900,200,640,220,380,600,1.7273,170,260,430,1.5294,150,210,360,1.4,130,150,280,1.1538,110,110,220,1.0,100,100,200,1.0,124,73
890,260,650,180,490,670,2.7222,160,330,490,2.0625,140,250,390,1.7857,130,140,270,1.0769,110,110,220,1.0,100,90,190,0.9,124,73
910,240,660,180,490,670,2.7222,150,350,500,2.3333,140,280,420,2.0,120,150,270,1.25,100,120,220,1.2,90,100,190,1.1111,124,73
900,250,650,210,630,840,3.0,170,390,560,2.2941,160,310,470,1.9375,140,160,300,1.1429,120,120,240,1.0,100,100,200,1.0,125,73
900,250,680,180,690,870,3.8333,150,380,530,2.5333,150,310,460,2.0667,130,160,290,1.2308,110,120,230,1.0909,100,100,200,1.0,126,73
900,230,700,250,480,730,1.92,200,370,570,1.85,190,310,500,1.6316,160,180,340,1.125,130,130,260,1.0,120,100,220,0.8333299999999999,125,73
900,200,630,180,430,610,2.3889,150,290,440,1.9333,140,200,340,1.4286,130,140,270,1.0769,100,110,210,1.1,100,90,190,0.9,125,73
900,270,700,180,680,860,3.7778,160,380,540,2.375,150,300,450,2.0,120,160,280,1.3333,110,110,220,1.0,100,100,200,1.0,125,73
900,200,510,170,480,650,2.8235,140,330,470,2.3571,140,270,410,1.9286,120,160,280,1.3333,100,120,220,1.2,90,100,190,1.1111,125,73
900,390,610,170,470,640,2.7647,150,340,490,2.2667,150,280,430,1.8667,130,160,290,1.2308,110,120,230,1.0909,100,100,200,1.0,125,73
880,290,680,180,690,870,3.8333,160,370,530,2.3125,150,300,450,2.0,130,160,290,1.2308,110,120,230,1.0909,100,100,200,1.0,126,73
890,200,400,170,360,530,2.1176,140,270,410,1.9286,140,210,350,1.5,110,150,260,1.3636,100,110,210,1.1,90,90,180,1.0,126,73
900,210,610,170,620,790,3.6471,150,400,550,2.6667,140,310,450,2.2143,130,160,290,1.2308,100,110,210,1.1,90,90,180,1.0,125,73
900,290,690,180,500,680,2.7778,160,350,510,2.1875,150,280,430,1.8667,120,160,280,1.3333,110,110,220,1.0,100,100,200,1.0,125,73
910,210,680,170,480,650,2.8235,150,330,480,2.2,140,260,400,1.8571,130,160,290,1.2308,100,120,220,1.2,90,100,190,1.1111,125,73
900,230,680,180,470,650,2.6111,170,330,500,1.9412,150,260,410,1.7333,130,150,280,1.1538,120,110,230,0.91667,100,90,190,0.9,125,73
900,220,680,190,600,790,3.1579,160,370,530,2.3125,150,300,450,2.0,140,170,310,1.2143,110,120,230,1.0909,100,110,210,1.1,126,73
890,220,700,190,490,680,2.5789,170,360,530,2.1176,160,290,450,1.8125,130,180,310,1.3846,120,130,250,1.0833,100,110,210,1.1,126,73
910,190,670,210,440,650,2.0952,180,320,500,1.7778,150,260,410,1.7333,130,170,300,1.3077,110,130,240,1.1818,90,110,200,1.2222,126,73
900,240,660,170,670,840,3.9412,150,440,590,2.9333,140,360,500,2.5714,120,190,310,1.5833,100,130,230,1.3,90,100,190,1.1111,125,73
910,240,680,170,480,650,2.8235,140,340,480,2.4286,140,270,410,1.9286,120,160,280,1.3333,100,120,220,1.2,90,100,190,1.1111,125,73
910,230,680,180,460,640,2.5556,160,350,510,2.1875,150,300,450,2.0,130,160,290,1.2308,110,120,230,1.0909,90,100,190,1.1111,125,73
900,230,660,190,670,860,3.5263,160,370,530,2.3125,160,300,460,1.875,130,160,290,1.2308,120,110,230,0.91667,100,100,200,1.0,126,73
910,240,660,190,440,630,2.3158,170,350,520,2.0588,160,290,450,1.8125,140,170,310,1.2143,110,120,230,1.0909,110,100,210,0.90909,126,73
890,250,690,270,490,760,1.8148,210,370,580,1.7619,190,310,500,1.6316,160,200,360,1.25,130,130,260,1.0,110,110,220,1.0,126,73
900,200,560,180,430,610,2.3889,150,310,460,2.0667,140,230,370,1.6429,120,160,280,1.3333,100,110,210,1.1,90,100,190,1.1111,126,73
940,250,660,180,500,680,2.7778,150,340,490,2.2667,140,270,410,1.9286,130,160,290,1.2308,110,110,220,1.0,100,100,200,1.0,125,73
890,260,660,190,670,860,3.5263,170,390,560,2.2941,150,320,470,2.1333,140,170,310,1.2143,120,110,230,0.91667,110,100,210,0.90909,126,73
890,230,690,250,400,650,1.6,180,290,470,1.6111,160,280,440,1.75,140,190,330,1.3571,130,130,260,1.0,110,110,220,1.0,126,73
900,200,660,220,450,670,2.0455,220,330,550,1.5,180,280,460,1.5556,150,170,320,1.1333,130,130,260,1.0,110,110,220,1.0,125,73
900,240,520,180,460,640,2.5556,150,330,480,2.2,150,270,420,1.8,120,150,270,1.25,110,110,220,1.0,100,100,200,1.0,125,73
900,380,660,240,670,910,2.7917,170,410,580,2.4118,160,330,490,2.0625,130,180,310,1.3846,120,130,250,1.0833,100,100,200,1.0,125,73
900,240,650,180,470,650,2.6111,160,340,500,2.125,160,270,430,1.6875,130,150,280,1.1538,110,110,220,1.0,100,100,200,1.0,125,73
900,250,650,180,450,630,2.5,160,320,480,2.0,140,240,380,1.7143,130,150,280,1.1538,110,110,220,1.0,100,90,190,0.9,125,73
900,250,660,190,620,810,3.2632,170,360,530,2.1176,150,310,460,2.0667,140,180,320,1.2857,110,120,230,1.0909,110,110,220,1.0,126,73
890,240,690,260,450,710,1.7308,190,300,490,1.5789,170,230,400,1.3529,150,140,290,0.93333,130,120,250,0.92308,110,110,220,1.0,127,74
900,200,660,220,430,650,1.9545,190,310,500,1.6316,170,240,410,1.4118,140,160,300,1.1429,120,120,240,1.0,100,110,210,1.1,126,73
900,240,370,170,380,550,2.2353,160,360,520,2.25,140,280,420,2.0,130,150,280,1.1538,110,110,220,1.0,90,100,190,1.1111,126,73
910,260,660,190,510,700,2.6842,160,360,520,2.25,150,290,440,1.9333,120,170,290,1.4167,110,120,230,1.0909,100,100,200,1.0,126,73
900,250,640,190,650,840,3.4211,150,380,530,2.5333,150,310,460,2.0667,130,160,290,1.2308,110,110,220,1.0,110,100,210,0.90909,127,73
870,260,680,190,570,760,3.0,170,360,530,2.1176,150,300,450,2.0,130,170,300,1.3077,120,130,250,1.0833,100,100,200,1.0,127,73
930,190,730,210,520,730,2.4762,180,380,560,2.1111,150,320,470,2.1333,120,200,320,1.6667,90,140,230,1.5556,90,120,210,1.3333,127,74
900,200,650,190,440,630,2.3158,160,320,480,2.0,140,250,390,1.7857,130,150,280,1.1538,110,120,230,1.0909,90,100,190,1.1111,126,73
900,250,690,180,700,880,3.8889,160,420,580,2.625,140,350,490,2.5,120,150,270,1.25,110,110,220,1.0,90,100,190,1.1111,126,73
890,210,680,180,490,670,2.7222,160,340,500,2.125,150,280,430,1.8667,130,160,290,1.2308,110,120,230,1.0909,100,90,190,0.9,126,73
910,210,660,180,480,660,2.6667,150,340,490,2.2667,140,270,410,1.9286,120,160,280,1.3333,110,120,230,1.0909,100,100,200,1.0,127,73
890,250,680,190,690,880,3.6316,170,400,570,2.3529,160,330,490,2.0625,130,180,310,1.3846,120,120,240,1.0,110,100,210,0.90909,127,74
890,210,680,180,480,660,2.6667,160,350,510,2.1875,150,280,430,1.8667,140,170,310,1.2143,110,120,230,1.0909,100,110,210,1.1,127,74
900,210,650,230,450,680,1.9565,230,340,570,1.4783,210,280,490,1.3333,150,180,330,1.2,120,140,260,1.1667,110,110,220,1.0,127,74
890,250,640,170,450,620,2.6471,140,320,460,2.2857,140,250,390,1.7857,130,150,280,1.1538,110,120,230,1.0909,90,90,180,1.0,126,73
890,220,680,180,460,640,2.5556,160,330,490,2.0625,150,270,420,1.8,140,150,290,1.0714,110,110,220,1.0,100,90,190,0.9,127,73
910,210,380,180,390,570,2.1667,150,340,490,2.2667,140,280,420,2.0,130,160,290,1.2308,100,120,220,1.2,100,110,210,1.1,127,74
890,230,690,210,600,810,2.8571,170,380,550,2.2353,170,310,480,1.8235,140,180,320,1.2857,120,130,250,1.0833,110,110,220,1.0,128,74
900,200,660,220,440,660,2.0,200,320,520,1.6,170,260,430,1.5294,150,170,320,1.1333,120,120,240,1.0,100,110,210,1.1,128,74
900,240,660,180,540,720,3.0,160,350,510,2.1875,150,280,430,1.8667,120,150,270,1.25,110,110,220,1.0,90,100,190,1.1111,127,74
900,240,660,180,460,640,2.5556,160,330,490,2.0625,160,260,420,1.625,130,150,280,1.1538,120,110,230,0.91667,100,90,190,0.9,127,74
930,210,690,230,450,680,1.9565,170,330,500,1.9412,150,260,410,1.7333,130,170,300,1.3077,110,120,230,1.0909,100,110,210,1.1,128,74
930,240,650,170,510,680,3.0,140,360,500,2.5714,140,290,430,2.0714,120,160,280,1.3333,100,120,220,1.2,90,100,190,1.1111,127,74
900,230,640,190,470,660,2.4737,160,320,480,2.0,150,250,400,1.6667,130,150,280,1.1538,120,110,230,0.91667,100,100,200,1.0,127,73
920,260,690,170,490,660,2.8824,150,340,490,2.2667,140,270,410,1.9286,130,170,300,1.3077,100,130,230,1.3,90,100,190,1.1111,128,72
890,230,690,190,480,670,2.5263,170,340,510,2.0,160,280,440,1.75,140,160,300,1.1429,120,130,250,1.0833,100,100,200,1.0,128,72
910,200,680,220,460,680,2.0909,220,320,540,1.4545,200,270,470,1.35,150,220,370,1.4667,120,150,270,1.25,110,120,230,1.0909,127,72
900,230,670,170,450,620,2.6471,160,320,480,2.0,150,240,390,1.6,130,140,270,1.0769,110,110,220,1.0,100,90,190,0.9,127,72
910,230,470,180,480,660,2.6667,160,350,510,2.1875,150,280,430,1.8667,120,160,280,1.3333,110,120,230,1.0909,90,100,190,1.1111,127,72
900,250,640,180,450,630,2.5,170,320,490,1.8824,150,250,400,1.6667,140,150,290,1.0714,120,130,250,1.0833,100,90,190,0.9,127,72
900,260,680,180,440,620,2.4444,150,310,460,2.0667,150,250,400,1.6667,130,150,280,1.1538,110,110,220,1.0,100,100,200,1.0,127,73
900,220,700,190,490,680,2.5789,170,350,520,2.0588,150,280,430,1.8667,130,170,300,1.3077,110,130,240,1.1818,100,110,210,1.1,128,73
910,200,610,220,430,650,1.9545,220,290,510,1.3182,180,220,400,1.2222,140,150,290,1.0714,120,100,220,0.8333299999999999,110,90,200,0.81818,127,73
910,220,680,190,530,720,2.7895,160,380,540,2.375,150,310,460,2.0667,130,170,300,1.3077,110,120,230,1.0909,100,100,200,1.0,128,73
900,230,690,190,600,790,3.1579,170,370,540,2.1765,160,310,470,1.9375,130,170,300,1.3077,120,130,250,1.0833,100,100,200,1.0,128,73
910,210,700,230,510,740,2.2174,180,390,570,2.1667,160,340,500,2.125,140,220,360,1.5714,120,150,270,1.25,100,130,230,1.3,128,73
910,210,680,190,440,630,2.3158,150,320,470,2.1333,140,250,390,1.7857,120,150,270,1.25,100,120,220,1.2,90,100,190,1.1111,127,73
910,230,650,170,550,720,3.2353,150,370,520,2.4667,140,300,440,2.1429,130,170,300,1.3077,100,120,220,1.2,90,100,190,1.1111,127,73
910,260,650,180,610,790,3.3889,160,420,580,2.625,150,360,510,2.4,130,230,360,1.7692,120,140,260,1.1667,100,130,230,1.3,127,73
910,260,630,180,460,640,2.5556,160,350,510,2.1875,150,270,420,1.8,130,150,280,1.1538,110,110,220,1.0,100,100,200,1.0,128,73
910,280,680,190,470,660,2.4737,170,330,500,1.9412,150,320,470,2.1333,140,170,310,1.2143,120,110,230,0.91667,100,100,200,1.0,128,74
890,230,680,200,480,680,2.4,180,330,510,1.8333,160,270,430,1.6875,140,160,300,1.1429,130,120,250,0.92308,110,90,200,0.81818,128,74
910,210,550,230,430,660,1.8696,190,310,500,1.6316,160,260,420,1.625,140,170,310,1.2143,110,130,240,1.1818,100,120,220,1.2,128,74
910,360,690,180,550,730,3.0556,150,370,520,2.4667,140,290,430,2.0714,130,160,290,1.2308,110,120,230,1.0909,90,100,190,1.1111,128,73
910,220,680,170,510,680,3.0,160,360,520,2.25,150,290,440,1.9333,130,160,290,1.2308,110,110,220,1.0,100,100,200,1.0,128,73
910,230,690,170,550,720,3.2353,150,370,520,2.4667,140,310,450,2.2143,110,170,280,1.5455,110,120,230,1.0909,100,100,200,1.0,128,73
920,220,680,180,560,740,3.1111,150,360,510,2.4,140,290,430,2.0714,130,160,290,1.2308,100,120,220,1.2,100,100,200,1.0,128,74
910,240,690,190,400,590,2.1053,170,250,420,1.4706,160,180,340,1.125,140,120,260,0.85714,120,110,230,0.91667,110,100,210,0.90909,129,74
890,220,690,240,510,750,2.125,180,380,560,2.1111,180,320,500,1.7778,150,180,330,1.2,130,130,260,1.0,110,100,210,0.90909,129,74
910,200,660,220,420,640,1.9091,180,340,520,1.8889,160,280,440,1.75,130,170,300,1.3077,110,120,230,1.0909,100,110,210,1.1,128,74
900,250,690,170,530,700,3.1176,150,360,510,2.4,140,290,430,2.0714,130,160,290,1.2308,100,120,220,1.2,90,100,190,1.1111,128,74
910,280,680,180,690,870,3.8333,160,390,550,2.4375,150,310,460,2.0667,130,170,300,1.3077,120,120,240,1.0,100,100,200,1.0,129,74
900,230,680,200,440,640,2.2,180,330,510,1.8333,170,260,430,1.5294,150,160,310,1.0667,130,120,250,0.92308,130,100,230,0.76923,128,74
900,220,670,240,480,720,2.0,200,360,560,1.8,180,290,470,1.6111,150,190,340,1.2667,130,140,270,1.0769,110,110,220,1.0,128,74
890,230,690,180,440,620,2.4444,160,300,460,1.875,150,230,380,1.5333,130,140,270,1.0769,120,100,220,0.8333299999999999,100,90,190,0.9,128,74
910,200,690,170,490,660,2.8824,140,360,500,2.5714,130,290,420,2.2308,120,160,280,1.3333,100,120,220,1.2,90,100,190,1.1111,128,74
900,220,690,180,540,720,3.0,160,340,500,2.125,150,280,430,1.8667,120,150,270,1.25,110,110,220,1.0,90,100,190,1.1111,128,74
910,210,680,180,480,660,2.6667,150,340,490,2.2667,150,270,420,1.8,130,150,280,1.1538,100,120,220,1.2,100,100,200,1.0,128,74
890,230,680,180,690,870,3.8333,170,420,590,2.4706,160,340,500,2.125,130,180,310,1.3846,110,120,230,1.0909,100,100,200,1.0,129,74
890,210,700,180,480,660,2.6667,160,340,500,2.125,150,280,430,1.8667,130,180,310,1.3846,100,130,230,1.3,100,120,220,1.2,130,75
900,190,700,210,460,670,2.1905,190,340,530,1.7895,160,280,440,1.75,140,180,320,1.2857,110,140,250,1.2727,100,120,220,1.2,130,75
890,200,650,170,630,800,3.7059,140,370,510,2.6429,130,280,410,2.1538,120,150,270,1.25,100,110,210,1.1,90,90,180,1.0,130,75
910,240,690,170,550,720,3.2353,140,360,500,2.5714,140,300,440,2.1429,120,170,290,1.4167,100,120,220,1.2,90,110,200,1.2222,130,75
890,220,680,170,510,680,3.0,160,380,540,2.375,150,340,490,2.2667,130,170,300,1.3077,110,120,230,1.0909,90,100,190,1.1111,130,75
910,210,670,170,580,750,3.4118,150,360,510,2.4,140,290,430,2.0714,120,170,290,1.4167,100,120,220,1.2,90,110,200,1.2222,130,75
890,240,680,180,510,690,2.8333,170,390,560,2.2941,150,330,480,2.2,130,180,310,1.3846,120,130,250,1.0833,100,110,210,1.1,131,75
890,210,690,230,510,740,2.2174,170,380,550,2.2353,150,320,470,2.1333,140,190,330,1.3571,110,130,240,1.1818,100,120,220,1.2,132,76
880,200,590,220,430,650,1.9545,170,310,480,1.8235,160,240,400,1.5,130,150,280,1.1538,120,110,230,0.91667,100,100,200,1.0,131,76
900,210,680,170,490,660,2.8824,150,360,510,2.4,140,290,430,2.0714,130,160,290,1.2308,100,120,220,1.2,90,90,180,1.0,131,75
900,220,670,180,460,640,2.5556,160,360,520,2.25,150,310,460,2.0667,130,210,340,1.6154,120,140,260,1.1667,100,110,210,1.1,131,75
900,230,680,180,690,870,3.8333,160,370,530,2.3125,150,310,460,2.0667,130,170,300,1.3077,110,120,230,1.0909,100,100,200,1.0,132,76
900,220,680,190,410,600,2.1579,160,360,520,2.25,150,300,450,2.0,130,180,310,1.3846,110,130,240,1.1818,100,110,210,1.1,132,76
890,220,690,240,490,730,2.0417,190,360,550,1.8947,180,320,500,1.7778,150,210,360,1.4,130,140,270,1.0769,110,120,230,1.0909,132,76
900,200,600,180,440,620,2.4444,150,320,470,2.1333,140,250,390,1.7857,120,160,280,1.3333,110,120,230,1.0909,90,100,190,1.1111,132,76
900,300,680,200,690,890,3.45,160,420,580,2.625,150,340,490,2.2667,120,180,300,1.5,110,130,240,1.1818,90,100,190,1.1111,132,76
910,220,690,180,480,660,2.6667,150,340,490,2.2667,140,270,410,1.9286,130,150,280,1.1538,100,120,220,1.2,100,100,200,1.0,131,76
890,220,680,180,480,660,2.6667,160,340,500,2.125,140,280,420,2.0,130,160,290,1.2308,100,120,220,1.2,70,90,160,1.2857,131,76
900,210,690,180,700,880,3.8889,150,400,550,2.6667,140,340,480,2.4286,120,190,310,1.5833,100,140,240,1.4,90,120,210,1.3333,133,76
900,210,700,190,410,600,2.1579,160,280,440,1.75,150,230,380,1.5333,130,170,300,1.3077,110,130,240,1.1818,90,110,200,1.2222,133,76
910,200,680,220,450,670,2.0455,180,330,510,1.8333,170,280,450,1.6471,140,170,310,1.2143,120,130,250,1.0833,110,120,230,1.0909,132,76
900,230,440,170,450,620,2.6471,150,340,490,2.2667,140,270,410,1.9286,130,150,280,1.1538,100,110,210,1.1,100,90,190,0.9,132,76
900,240,700,190,470,660,2.4737,160,340,500,2.125,140,280,420,2.0,130,160,290,1.2308,110,120,230,1.0909,100,90,190,0.9,132,75
910,200,630,180,470,650,2.6111,160,330,490,2.0625,150,260,410,1.7333,120,160,280,1.3333,110,120,230,1.0909,100,100,200,1.0,132,75
900,280,670,190,610,800,3.2105,170,350,520,2.0588,160,300,460,1.875,140,170,310,1.2143,120,120,240,1.0,110,100,210,0.90909,132,76
900,210,650,230,430,660,1.8696,170,310,480,1.8235,160,240,400,1.5,140,150,290,1.0714,110,110,220,1.0,110,100,210,0.90909,131,76
900,250,680,190,470,660,2.4737,160,340,500,2.125,150,270,420,1.8,130,140,270,1.0769,120,110,230,0.91667,100,90,190,0.9,131,75
910,220,680,190,520,710,2.7368,160,360,520,2.25,150,290,440,1.9333,130,170,300,1.3077,110,120,230,1.0909,100,100,200,1.0,131,75
910,230,680,190,690,880,3.6316,170,370,540,2.1765,160,300,460,1.875,130,160,290,1.2308,120,110,230,0.91667,110,90,200,0.81818,132,76
900,230,680,190,500,690,2.6316,170,340,510,2.0,150,280,430,1.8667,140,160,300,1.1429,120,120,240,1.0,110,100,210,0.90909,132,76
890,220,690,240,480,720,2.0,240,360,600,1.5,190,300,490,1.5789,160,200,360,1.25,140,130,270,0.92857,120,110,230,0.91667,131,75
890,280,670,180,680,860,3.7778,160,410,570,2.5625,150,330,480,2.2,130,170,300,1.3077,110,110,220,1.0,100,90,190,0.9,131,75
910,220,690,170,480,650,2.8235,150,340,490,2.2667,140,280,420,2.0,120,160,280,1.3333,100,110,210,1.1,100,100,200,1.0,131,75
910,220,680,170,460,630,2.7059,160,330,490,2.0625,150,270,420,1.8,130,160,290,1.2308,110,120,230,1.0909,100,90,190,0.9,131,75
900,230,670,190,680,870,3.5789,170,390,560,2.2941,160,320,480,2.0,140,180,320,1.2857,120,120,240,1.0,110,90,200,0.81818,132,75
890,230,690,210,600,810,2.8571,180,370,550,2.0556,160,300,460,1.875,150,180,330,1.2,120,120,240,1.0,110,100,210,0.90909,132,75
900,200,680,220,430,650,1.9545,190,310,500,1.6316,170,260,430,1.5294,140,160,300,1.1429,120,120,240,1.0,120,110,230,0.91667,131,75
890,220,590,180,470,650,2.6111,150,330,480,2.2,140,270,410,1.9286,130,150,280,1.1538,110,110,220,1.0,90,80,170,0.88889,131,75
900,300,680,170,690,860,4.0588,150,440,590,2.9333,140,360,500,2.5714,110,200,310,1.8182,90,130,220,1.4444,70,110,180,1.5714,131,75
900,220,690,160,480,640,3.0,150,350,500,2.3333,140,290,430,2.0714,130,170,300,1.3077,100,120,220,1.2,90,100,190,1.1111,131,75
910,210,690,180,430,610,2.3889,150,320,470,2.1333,140,270,410,1.9286,120,170,290,1.4167,100,130,230,1.3,90,110,200,1.2222,131,75
940,240,710,180,530,710,2.9444,160,370,530,2.3125,150,300,450,2.0,130,160,290,1.2308,110,120,230,1.0909,100,100,200,1.0,129,76
910,230,690,190,560,750,2.9474,160,360,520,2.25,150,300,450,2.0,140,180,320,1.2857,120,120,240,1.0,110,110,220,1.0,130,75
900,220,700,240,500,740,2.0833,240,390,630,1.625,200,350,550,1.75,140,280,420,2.0,130,160,290,1.2308,110,130,240,1.1818,130,75
900,200,700,180,450,630,2.5,150,330,480,2.2,140,260,400,1.8571,120,160,280,1.3333,100,120,220,1.2,90,100,190,1.1111,130,75
910,200,560,170,500,670,2.9412,140,360,500,2.5714,140,280,420,2.0,120,150,270,1.25,100,110,210,1.1,90,100,190,1.1111,129,75
910,230,680,170,460,630,2.7059,160,340,500,2.125,150,270,420,1.8,130,160,290,1.2308,110,120,230,1.0909,90,100,190,1.1111,129,73
900,230,670,200,550,750,2.75,170,350,520,2.0588,160,280,440,1.75,150,160,310,1.0667,110,110,220,1.0,100,100,200,1.0,129,73
900,230,690,180,470,650,2.6111,170,350,520,2.0588,160,290,450,1.8125,130,170,300,1.3077,110,120,230,1.0909,100,110,210,1.1,129,74
900,210,660,230,430,660,1.8696,230,300,530,1.3043,230,240,470,1.0435,160,160,320,1.0,130,140,270,1.0769,110,120,230,1.0909,129,74
900,240,610,170,450,620,2.6471,160,330,490,2.0625,140,250,390,1.7857,130,140,270,1.0769,110,110,220,1.0,90,90,180,1.0,128,74
910,290,380,180,390,570,2.1667,160,330,490,2.0625,150,260,410,1.7333,130,150,280,1.1538,110,110,220,1.0,100,90,190,0.9,128,73
910,260,680,190,530,720,2.7895,170,340,510,2.0,160,280,440,1.75,130,150,280,1.1538,120,110,230,0.91667,110,90,200,0.81818,129,74
890,230,680,200,690,890,3.45,170,380,550,2.2353,160,320,480,2.0,140,180,320,1.2857,120,120,240,1.0,110,90,200,0.81818,129,74
850,210,700,210,500,710,2.381,170,380,550,2.2353,160,320,480,2.0,140,190,330,1.3571,120,130,250,1.0833,100,110,210,1.1,130,74
900,300,690,180,510,690,2.8333,160,370,530,2.3125,150,310,460,2.0667,120,150,270,1.25,110,110,220,1.0,100,100,200,1.0,129,74
920,220,680,180,520,700,2.8889,160,370,530,2.3125,150,300,450,2.0,130,170,300,1.3077,110,130,240,1.1818,100,100,200,1.0,130,75
920,240,670,190,440,630,2.3158,170,380,550,2.2353,160,320,480,2.0,140,190,330,1.3571,120,130,250,1.0833,100,110,210,1.1,131,75
900,250,660,190,650,840,3.4211,170,370,540,2.1765,160,310,470,1.9375,140,180,320,1.2857,120,130,250,1.0833,110,100,210,0.90909,131,75
910,240,620,260,460,720,1.7692,190,350,540,1.8421,180,300,480,1.6667,150,190,340,1.2667,120,140,260,1.1667,110,110,220,1.0,131,75
910,290,600,180,430,610,2.3889,150,300,450,2.0,140,240,380,1.7143,130,150,280,1.1538,110,110,220,1.0,100,90,190,0.9,131,75
910,310,670,180,510,690,2.8333,160,350,510,2.1875,150,280,430,1.8667,130,160,290,1.2308,110,110,220,1.0,100,90,190,0.9,131,75
900,240,620,170,500,670,2.9412,150,350,500,2.3333,130,290,420,2.2308,110,170,280,1.5455,80,120,200,1.5,70,100,170,1.4286,130,75
910,280,610,180,470,650,2.6111,150,340,490,2.2667,140,280,420,2.0,120,160,280,1.3333,100,120,220,1.2,100,100,200,1.0,131,75
900,230,680,170,470,640,2.7647,160,340,500,2.125,140,260,400,1.8571,120,150,270,1.25,110,110,220,1.0,90,100,190,1.1111,130,75
910,220,560,170,570,740,3.3529,150,350,500,2.3333,140,270,410,1.9286,120,160,280,1.3333,110,120,230,1.0909,90,100,190,1.1111,130,75
910,350,670,230,660,890,2.8696,170,390,560,2.2941,160,330,490,2.0625,130,170,300,1.3077,110,130,240,1.1818,100,100,200,1.0,130,75
890,240,660,180,510,690,2.8333,160,340,500,2.125,150,280,430,1.8667,130,160,290,1.2308,110,120,230,1.0909,100,90,190,0.9,131,75
970,200,720,220,450,670,2.0455,180,350,530,1.9444,150,290,440,1.9333,130,180,310,1.3846,110,140,250,1.2727,90,120,210,1.3333,130,75
940,250,660,170,520,690,3.0588,150,370,520,2.4667,140,310,450,2.2143,110,160,270,1.4545,100,120,220,1.2,90,110,200,1.2222,129,75
920,280,460,180,470,650,2.6111,160,340,500,2.125,150,280,430,1.8667,130,160,290,1.2308,110,110,220,1.0,100,100,200,1.0,129,75
930,340,570,180,440,620,2.4444,150,320,470,2.1333,140,260,400,1.8571,130,160,290,1.2308,110,120,230,1.0909,100,100,200,1.0,129,74
910,360,680,190,600,790,3.1579,170,390,560,2.2941,160,320,480,2.0,140,190,330,1.3571,110,120,230,1.0909,110,110,220,1.0,127,76
900,230,700,190,440,630,2.3158,160,330,490,2.0625,150,280,430,1.8667,140,160,300,1.1429,110,120,230,1.0909,110,110,220,1.0,128,75
900,200,620,220,420,640,1.9091,220,310,530,1.4091,180,250,430,1.3889,150,170,320,1.1333,130,120,250,0.92308,110,100,210,0.90909,128,75
900,320,600,180,500,680,2.7778,160,360,520,2.25,150,290,440,1.9333,130,160,290,1.2308,120,110,230,0.91667,100,90,190,0.9,127,73
910,300,590,180,500,680,2.7778,150,390,540,2.6,150,340,490,2.2667,130,200,330,1.5385,110,120,230,1.0909,100,100,200,1.0,127,73
910,320,560,180,570,750,3.1667,160,360,520,2.25,150,290,440,1.9333,140,160,300,1.1429,110,110,220,1.0,100,100,200,1.0,128,73
910,350,680,200,430,630,2.15,170,380,550,2.2353,160,320,480,2.0,140,180,320,1.2857,120,130,250,1.0833,100,110,210,1.1,128,74
910,230,670,250,500,750,2.0,180,380,560,2.1111,170,330,500,1.9412,150,210,360,1.4,120,140,260,1.1667,110,120,230,1.0909,128,74
910,240,560,260,420,680,1.6154,160,310,470,1.9375,150,230,380,1.5333,130,150,280,1.1538,110,110,220,1.0,100,100,200,1.0,128,74
920,330,630,180,480,660,2.6667,160,350,510,2.1875,140,290,430,2.0714,130,160,290,1.2308,110,120,230,1.0909,100,100,200,1.0,128,74
920,290,600,180,490,670,2.7222,160,350,510,2.1875,140,290,430,2.0714,120,160,280,1.3333,90,110,200,1.2222,70,90,160,1.2857,129,74
900,320,650,190,660,850,3.4737,170,400,570,2.3529,160,340,500,2.125,140,170,310,1.2143,120,120,240,1.0,110,90,200,0.81818,130,75
900,250,550,200,390,590,1.95,170,260,430,1.5294,150,200,350,1.3333,140,180,320,1.2857,110,140,250,1.2727,100,110,210,1.1,130,75
900,320,570,170,580,750,3.4118,150,360,510,2.4,140,270,410,1.9286,130,150,280,1.1538,110,120,230,1.0909,90,90,180,1.0,130,75
910,330,630,180,510,690,2.8333,150,370,520,2.4667,150,310,460,2.0667,120,170,290,1.4167,110,120,230,1.0909,90,110,200,1.2222,130,75
910,350,690,190,510,700,2.6842,170,370,540,2.1765,160,310,470,1.9375,130,170,300,1.3077,120,120,240,1.0,100,110,210,1.1,132,74
890,220,650,240,470,710,1.9583,240,360,600,1.5,190,310,500,1.6316,160,210,370,1.3125,130,140,270,1.0769,120,120,240,1.0,131,74
910,240,610,180,440,620,2.4444,160,320,480,2.0,130,250,380,1.9231,130,150,280,1.1538,100,120,220,1.2,100,100,200,1.0,130,74
910,280,630,190,470,660,2.4737,150,350,500,2.3333,150,290,440,1.9333,130,160,290,1.2308,110,120,230,1.0909,100,100,200,1.0,131,74
930,280,620,180,460,640,2.5556,150,360,510,2.4,150,310,460,2.0667,130,170,300,1.3077,110,120,230,1.0909,100,100,200,1.0,131,75
900,310,580,190,590,780,3.1053,160,410,570,2.5625,150,340,490,2.2667,140,180,320,1.2857,120,120,240,1.0,110,100,210,0.90909,132,75
890,320,700,200,450,650,2.25,170,370,540,2.1765,160,310,470,1.9375,140,170,310,1.2143,120,130,250,1.0833,100,110,210,1.1,132,75
920,190,600,210,450,660,2.1429,210,330,540,1.5714,170,270,440,1.5882,140,180,320,1.2857,110,140,250,1.2727,100,120,220,1.2,132,75
900,320,580,180,490,670,2.7222,150,360,510,2.4,140,290,430,2.0714,120,160,280,1.3333,100,120,220,1.2,90,100,190,1.1111,131,75
930,340,660,180,470,650,2.6111,150,350,500,2.3333,150,290,440,1.9333,120,160,280,1.3333,110,120,230,1.0909,100,100,200,1.0,132,76
900,270,510,200,430,630,2.15,170,300,470,1.7647,160,250,410,1.5625,150,140,290,0.93333,120,100,220,0.8333299999999999,120,80,200,0.66667,133,76
900,390,520,190,500,690,2.6316,170,350,520,2.0588,160,290,450,1.8125,140,160,300,1.1429,120,120,240,1.0,110,90,200,0.81818,133,76
910,200,590,220,410,630,1.8636,170,300,470,1.7647,150,230,380,1.5333,140,150,290,1.0714,110,110,220,1.0,100,100,200,1.0,132,76
910,320,460,180,470,650,2.6111,160,360,520,2.25,150,290,440,1.9333,130,160,290,1.2308,110,120,230,1.0909,100,90,190,0.9,132,76
930,300,720,170,480,650,2.8235,150,350,500,2.3333,140,280,420,2.0,120,170,290,1.4167,100,130,230,1.3,90,120,210,1.3333,132,76
910,210,550,180,560,740,3.1111,160,370,530,2.3125,160,300,460,1.875,130,160,290,1.2308,120,120,240,1.0,100,100,200,1.0,132,76
900,360,550,190,480,670,2.5263,170,340,510,2.0,160,280,440,1.75,140,160,300,1.1429,120,120,240,1.0,100,110,210,1.1,133,76
900,290,600,180,450,630,2.5,160,330,490,2.0625,150,270,420,1.8,130,150,280,1.1538,110,110,220,1.0,100,100,200,1.0,132,76
920,290,620,170,470,640,2.7647,150,350,500,2.3333,140,290,430,2.0714,130,170,300,1.3077,100,120,220,1.2,100,100,200,1.0,132,76
990,310,600,170,560,730,3.2941,150,390,540,2.6,140,320,460,2.2857,120,170,290,1.4167,100,130,230,1.3,90,100,190,1.1111,133,77
910,360,630,180,470,650,2.6111,160,340,500,2.125,150,280,430,1.8667,140,160,300,1.1429,110,120,230,1.0909,100,100,200,1.0,132,76
920,280,540,180,420,600,2.3333,160,310,470,1.9375,150,270,420,1.8,130,170,300,1.3077,120,120,240,1.0,100,100,200,1.0,133,75
900,380,520,200,490,690,2.45,170,340,510,2.0,170,290,460,1.7059,150,170,320,1.1333,120,110,230,0.91667,120,90,210,0.75,134,75
910,210,610,210,430,640,2.0476,150,310,460,2.0667,150,250,400,1.6667,110,160,270,1.4545,110,120,230,1.0909,100,100,200,1.0,132,75
900,300,590,180,480,660,2.6667,160,360,520,2.25,150,280,430,1.8667,130,150,280,1.1538,110,110,220,1.0,100,90,190,0.9,132,75
910,310,610,180,620,800,3.4444,160,450,610,2.8125,160,380,540,2.375,130,210,340,1.6154,120,130,250,1.0833,100,110,210,1.1,132,75
910,300,590,180,460,640,2.5556,150,340,490,2.2667,150,270,420,1.8,130,160,290,1.2308,110,120,230,1.0909,90,100,190,1.1111,132,75
910,360,710,190,670,860,3.5263,160,410,570,2.5625,150,360,510,2.4,130,250,380,1.9231,110,150,260,1.3636,100,100,200,1.0,133,75
910,200,350,180,360,540,2.0,160,360,520,2.25,150,350,500,2.3333,130,190,320,1.4615,110,120,230,1.0909,100,90,190,0.9,133,75
910,290,660,180,610,790,3.3889,160,390,550,2.4375,140,330,470,2.3571,130,190,320,1.4615,110,130,240,1.1818,100,110,210,1.1,133,75
900,250,550,180,450,630,2.5,170,330,500,1.9412,150,290,440,1.9333,130,170,300,1.3077,120,120,240,1.0,100,110,210,1.1,132,75
910,220,570,170,450,620,2.6471,150,330,480,2.2,140,270,410,1.9286,120,160,280,1.3333,100,120,220,1.2,100,110,210,1.1,132,75
910,340,560,170,500,670,2.9412,150,360,510,2.4,130,290,420,2.2308,130,170,300,1.3077,100,120,220,1.2,100,100,200,1.0,132,75
920,320,550,180,480,660,2.6667,150,350,500,2.3333,140,290,430,2.0714,120,170,290,1.4167,100,120,220,1.2,100,110,210,1.1,133,76
910,370,620,190,470,660,2.4737,170,390,560,2.2941,150,350,500,2.3333,140,190,330,1.3571,120,120,240,1.0,100,100,200,1.0,133,76
880,290,690,190,460,650,2.4211,170,330,500,1.9412,160,270,430,1.6875,140,160,300,1.1429,130,120,250,0.92308,110,90,200,0.81818,133,76
920,190,590,210,440,650,2.0952,210,330,540,1.5714,180,280,460,1.5556,140,180,320,1.2857,120,140,260,1.1667,100,120,220,1.2,133,76
900,330,600,220,610,830,2.7727,170,410,580,2.4118,150,340,490,2.2667,130,160,290,1.2308,110,120,230,1.0909,100,90,190,0.9,133,76
920,300,590,180,500,680,2.7778,150,370,520,2.4667,150,300,450,2.0,120,170,290,1.4167,110,120,230,1.0909,90,100,190,1.1111,133,76
900,330,590,190,470,660,2.4737,160,340,500,2.125,150,280,430,1.8667,120,150,270,1.25,80,110,190,1.375,70,100,170,1.4286,134,77
920,340,560,190,510,700,2.6842,160,370,530,2.3125,140,320,460,2.2857,130,170,300,1.3077,100,130,230,1.3,100,110,210,1.1,135,76
900,360,650,190,660,850,3.4737,160,380,540,2.375,150,310,460,2.0667,130,180,310,1.3846,110,120,230,1.0909,100,110,210,1.1,135,76
910,270,590,170,570,740,3.3529,150,390,540,2.6,140,300,440,2.1429,120,150,270,1.25,100,120,220,1.2,100,100,200,1.0,134,76
930,360,540,190,550,740,2.8947,170,410,580,2.4118,160,330,490,2.0625,130,200,330,1.5385,120,120,240,1.0,100,100,200,1.0,135,76
920,200,580,220,430,650,1.9545,220,320,540,1.4545,170,260,430,1.5294,150,170,320,1.1333,130,130,260,1.0,110,110,220,1.0,134,77
920,330,580,180,450,630,2.5,150,340,490,2.2667,150,270,420,1.8,130,160,290,1.2308,110,110,220,1.0,100,100,200,1.0,134,75
910,340,570,190,440,630,2.3158,160,350,510,2.1875,150,280,430,1.8667,140,160,300,1.1429,110,120,230,1.0909,100,100,200,1.0,134,75
910,340,540,180,550,730,3.0556,160,360,520,2.25,150,290,440,1.9333,130,160,290,1.2308,110,130,240,1.1818,100,100,200,1.0,134,76
910,370,580,190,460,650,2.4211,160,340,500,2.125,160,290,450,1.8125,130,170,300,1.3077,110,130,240,1.1818,100,100,200,1.0,134,76
910,320,550,180,440,620,2.4444,160,330,490,2.0625,150,260,410,1.7333,130,150,280,1.1538,110,110,220,1.0,100,100,200,1.0,133,76
920,320,580,170,450,620,2.6471,150,330,480,2.2,140,260,400,1.8571,120,160,280,1.3333,100,120,220,1.2,90,100,190,1.1111,133,76
930,340,590,270,600,870,2.2222,160,410,570,2.5625,140,350,490,2.5,120,200,320,1.6667,110,140,250,1.2727,90,120,210,1.3333,134,75
920,340,550,180,440,620,2.4444,150,330,480,2.2,150,270,420,1.8,120,160,280,1.3333,110,120,230,1.0909,100,100,200,1.0,134,75
920,370,530,180,470,650,2.6111,150,330,480,2.2,140,270,410,1.9286,120,160,280,1.3333,110,120,230,1.0909,100,110,210,1.1,134,75
910,390,540,200,550,750,2.75,170,370,540,2.1765,160,300,460,1.875,140,180,320,1.2857,110,120,230,1.0909,110,100,210,0.90909,133,75
910,190,580,210,420,630,2.0,180,310,490,1.7222,150,260,410,1.7333,130,170,300,1.3077,120,130,250,1.0833,100,110,210,1.1,132,75
930,320,580,180,480,660,2.6667,150,350,500,2.3333,140,290,430,2.0714,120,170,290,1.4167,100,120,220,1.2,90,100,190,1.1111,132,75
900,350,600,190,460,650,2.4211,170,340,510,2.0,160,280,440,1.75,140,160,300,1.1429,110,110,220,1.0,110,100,210,0.90909,132,76
910,300,530,190,540,730,2.8421,170,360,530,2.1176,150,300,450,2.0,130,170,300,1.3077,120,120,240,1.0,100,100,200,1.0,132,76
910,380,690,190,430,620,2.2632,160,320,480,2.0,160,270,430,1.6875,140,160,300,1.1429,120,120,240,1.0,110,100,210,0.90909,132,76
900,220,690,240,440,680,1.8333,240,340,580,1.4167,210,290,500,1.381,170,190,360,1.1176,140,130,270,0.92857,130,110,240,0.84615,132,76
910,210,520,180,420,600,2.3333,150,300,450,2.0,140,230,370,1.6429,120,150,270,1.25,110,110,220,1.0,90,100,190,1.1111,132,76
920,330,590,180,460,640,2.5556,150,340,490,2.2667,150,280,430,1.8667,130,160,290,1.2308,100,120,220,1.2,90,100,190,1.1111,132,76
910,330,550,190,430,620,2.2632,160,340,500,2.125,150,280,430,1.8667,140,160,300,1.1429,110,110,220,1.0,100,100,200,1.0,133,76
900,360,550,190,560,750,2.9474,170,410,580,2.4118,160,340,500,2.125,140,190,330,1.3571,120,120,240,1.0,110,110,220,1.0,134,77
900,350,700,200,560,760,2.8,170,350,520,2.0588,150,300,450,2.0,140,180,320,1.2857,110,120,230,1.0909,110,100,210,0.90909,134,77
900,200,580,220,430,650,1.9545,220,320,540,1.4545,180,270,450,1.5,140,170,310,1.2143,120,130,250,1.0833,110,110,220,1.0,133,77
900,320,560,170,490,660,2.8824,150,350,500,2.3333,140,290,430,2.0714,120,160,280,1.3333,110,110,220,1.0,100,100,200,1.0,133,77
910,330,600,180,460,640,2.5556,160,350,510,2.1875,150,290,440,1.9333,120,160,280,1.3333,110,120,230,1.0909,100,100,200,1.0,134,77
900,310,540,190,420,610,2.2105,160,310,470,1.9375,150,250,400,1.6667,130,150,280,1.1538,110,120,230,1.0909,100,100,200,1.0,135,77
900,360,570,180,480,660,2.6667,160,360,520,2.25,150,290,440,1.9333,130,180,310,1.3846,110,130,240,1.1818,90,120,210,1.3333,135,77
910,210,560,230,420,650,1.8261,160,320,480,2.0,150,240,390,1.6,130,160,290,1.2308,100,120,220,1.2,100,110,210,1.1,134,77
920,350,570,180,480,660,2.6667,160,360,520,2.25,150,300,450,2.0,130,160,290,1.2308,110,120,230,1.0909,100,90,190,0.9,134,77
910,350,550,190,430,620,2.2632,160,320,480,2.0,160,260,420,1.625,130,150,280,1.1538,120,110,230,0.91667,110,90,200,0.81818,136,78
900,360,530,200,460,660,2.3,170,330,500,1.9412,160,270,430,1.6875,140,150,290,1.0714,120,110,230,0.91667,110,100,210,0.90909,136,78
910,370,530,190,450,640,2.3684,170,330,500,1.9412,160,280,440,1.75,130,170,300,1.3077,120,130,250,1.0833,100,100,200,1.0,136,78
910,280,570,170,450,620,2.6471,140,350,490,2.5,140,290,430,2.0714,120,170,290,1.4167,100,130,230,1.3,90,100,190,1.1111,135,78
910,340,390,170,400,570,2.3529,150,380,530,2.5333,140,320,460,2.2857,120,140,260,1.1667,100,110,210,1.1,90,100,190,1.1111,135,78
910,240,650,180,470,650,2.6111,160,330,490,2.0625,140,270,410,1.9286,130,160,290,1.2308,110,120,230,1.0909,100,100,200,1.0,136,78
940,160,610,180,460,640,2.5556,180,340,520,1.8889,180,280,460,1.5556,110,210,320,1.9091,90,160,250,1.7778,80,130,210,1.625,136,78
910,330,570,180,500,680,2.7778,150,350,500,2.3333,140,300,440,2.1429,120,160,280,1.3333,100,120,220,1.2,90,100,190,1.1111,135,78
910,270,560,180,450,630,2.5,160,330,490,2.0625,150,260,410,1.7333,130,160,290,1.2308,110,120,230,1.0909,90,100,190,1.1111,136,78
910,350,690,190,450,640,2.3684,160,350,510,2.1875,160,280,440,1.75,130,160,290,1.2308,110,110,220,1.0,100,100,200,1.0,136,78
900,220,530,190,420,610,2.2105,170,300,470,1.7647,160,240,400,1.5,140,160,300,1.1429,120,120,240,1.0,110,90,200,0.81818,135,78
910,230,530,180,410,590,2.2778,150,300,450,2.0,140,240,380,1.7143,130,150,280,1.1538,110,120,230,1.0909,100,100,200,1.0,134,78
940,380,610,190,460,650,2.4211,160,330,490,2.0625,150,280,430,1.8667,130,150,280,1.1538,120,110,230,0.91667,100,80,180,0.8,134,77
910,320,560,180,400,580,2.2222,160,300,460,1.875,150,250,400,1.6667,130,160,290,1.2308,110,120,230,1.0909,100,100,200,1.0,135,78
900,350,530,190,440,630,2.3158,170,310,480,1.8235,160,260,420,1.625,130,170,300,1.3077,120,120,240,1.0,100,90,190,0.9,135,78
900,370,510,190,440,630,2.3158,160,320,480,2.0,150,260,410,1.7333,140,160,300,1.1429,110,120,230,1.0909,100,110,210,1.1,135,78
900,350,570,180,450,630,2.5,160,330,490,2.0625,150,270,420,1.8,130,160,290,1.2308,110,120,230,1.0909,100,90,190,0.9,135,77
910,330,690,170,480,650,2.8235,150,350,500,2.3333,150,300,450,2.0,130,180,310,1.3846,110,130,240,1.1818,90,110,200,1.2222,135,78
910,220,550,180,440,620,2.4444,160,320,480,2.0,150,260,410,1.7333,130,160,290,1.2308,110,110,220,1.0,100,100,200,1.0,135,78
900,360,520,200,400,600,2.0,170,270,440,1.5882,160,200,360,1.25,130,120,250,0.92308,120,90,210,0.75,100,80,180,0.8,135,78
880,380,690,200,430,630,2.15,170,320,490,1.8824,160,260,420,1.625,150,160,310,1.0667,120,120,240,1.0,110,100,210,0.90909,134,77
910,190,580,210,430,640,2.0476,210,350,560,1.6667,190,310,500,1.6316,140,190,330,1.3571,110,150,260,1.3636,100,120,220,1.2,134,77
900,330,540,180,440,620,2.4444,150,310,460,2.0667,150,250,400,1.6667,130,160,290,1.2308,110,120,230,1.0909,100,100,200,1.0,134,77
920,360,570,200,460,660,2.3,160,300,460,1.875,160,260,420,1.625,130,160,290,1.2308,110,120,230,1.0909,100,100,200,1.0,134,77
900,370,540,190,550,740,2.8947,160,380,540,2.375,150,320,470,2.1333,140,170,310,1.2143,110,110,220,1.0,100,100,200,1.0,135,77
910,360,700,210,420,630,2.0,170,330,500,1.9412,160,280,440,1.75,140,170,310,1.2143,120,120,240,1.0,120,100,220,0.8333299999999999,135,77
890,210,680,230,470,700,2.0435,190,360,550,1.8947,180,300,480,1.6667,160,200,360,1.25,130,140,270,1.0769,110,110,220,1.0,135,77
900,210,530,230,410,640,1.7826,160,290,450,1.8125,150,210,360,1.4,130,160,290,1.2308,110,120,230,1.0909,100,100,200,1.0,134,77
910,370,550,190,510,700,2.6842,140,400,540,2.8571,140,300,440,2.1429,130,150,280,1.1538,110,120,230,1.0909,100,100,200,1.0,134,77
900,360,390,210,400,610,1.9048,170,330,500,1.9412,150,290,440,1.9333,130,180,310,1.3846,110,130,240,1.1818,100,110,210,1.1,134,77
900,320,680,180,640,820,3.5556,160,370,530,2.3125,150,300,450,2.0,130,170,300,1.3077,110,120,230,1.0909,100,100,200,1.0,136,78
900,220,540,180,450,630,2.5,160,350,510,2.1875,150,300,450,2.0,130,180,310,1.3846,120,130,250,1.0833,100,110,210,1.1,136,78
920,210,630,160,580,740,3.625,140,370,510,2.6429,130,320,450,2.4615,110,180,290,1.6364,90,130,220,1.4444,80,120,200,1.5,135,77
900,290,640,180,480,660,2.6667,150,360,510,2.4,150,300,450,2.0,130,160,290,1.2308,110,120,230,1.0909,100,100,200,1.0,135,77
900,260,570,170,460,630,2.7059,150,370,520,2.4667,140,320,460,2.2857,130,170,300,1.3077,100,130,230,1.3,90,100,190,1.1111,136,77
920,330,540,180,430,610,2.3889,150,320,470,2.1333,140,280,420,2.0,120,160,280,1.3333,110,130,240,1.1818,90,110,200,1.2222,136,78
910,380,560,180,480,660,2.6667,160,370,530,2.3125,150,280,430,1.8667,140,180,320,1.2857,110,130,240,1.1818,100,110,210,1.1,136,78
890,350,700,210,460,670,2.1905,170,330,500,1.9412,170,280,450,1.6471,140,170,310,1.2143,120,130,250,1.0833,110,110,220,1.0,136,78
910,190,610,210,430,640,2.0476,210,320,530,1.5238,170,250,420,1.4706,140,160,300,1.1429,110,130,240,1.1818,100,110,210,1.1,135,78
960,270,560,180,410,590,2.2778,160,280,440,1.75,140,210,350,1.5,120,140,260,1.1667,110,110,220,1.0,90,100,190,1.1111,135,77
900,330,670,190,680,870,3.5789,170,360,530,2.1176,160,290,450,1.8125,140,160,300,1.1429,120,120,240,1.0,110,90,200,0.81818,136,78
900,230,680,200,370,570,1.85,170,280,450,1.6471,170,270,440,1.5882,140,170,310,1.2143,120,120,240,1.0,110,100,210,0.90909,136,78
900,220,680,240,470,710,1.9583,200,350,550,1.75,180,310,490,1.7222,150,200,350,1.3333,130,140,270,1.0769,110,120,230,1.0909,135,77
900,220,500,190,410,600,2.1579,160,290,450,1.8125,150,230,380,1.5333,130,150,280,1.1538,110,110,220,1.0,100,100,200,1.0,135,77
920,400,630,220,640,860,2.9091,160,400,560,2.5,150,330,480,2.2,130,190,320,1.4615,110,120,230,1.0909,100,100,200,1.0,135,77
900,290,600,180,450,630,2.5,160,330,490,2.0625,140,270,410,1.9286,140,150,290,1.0714,120,110,230,0.91667,100,90,190,0.9,135,77
900,300,650,170,460,630,2.7059,160,330,490,2.0625,150,280,430,1.8667,130,170,300,1.3077,110,120,230,1.0909,90,100,190,1.1111,135,77
910,250,680,180,690,870,3.8333,160,380,540,2.375,150,320,470,2.1333,130,180,310,1.3846,110,130,240,1.1818,100,110,210,1.1,136,77
890,230,690,210,390,600,1.8571,170,270,440,1.5882,160,200,360,1.25,140,130,270,0.92857,120,100,220,0.8333299999999999,100,90,190,0.9,136,77
910,200,590,220,440,660,2.0,210,320,530,1.5238,170,280,450,1.6471,150,180,330,1.2,120,130,250,1.0833,100,110,210,1.1,135,77
890,320,580,170,590,760,3.4706,150,450,600,3.0,140,300,440,2.1429,130,150,280,1.1538,100,120,220,1.2,100,90,190,0.9,134,77
920,310,590,170,490,660,2.8824,150,360,510,2.4,140,300,440,2.1429,110,170,280,1.5455,100,130,230,1.3,80,110,190,1.375,134,77
910,330,670,190,460,650,2.4211,160,330,490,2.0625,150,280,430,1.8667,140,160,300,1.1429,110,120,230,1.0909,100,100,200,1.0,134,77
900,240,630,190,460,650,2.4211,180,320,500,1.7778,160,260,420,1.625,140,160,300,1.1429,120,110,230,0.91667,110,90,200,0.81818,135,77
930,330,570,190,580,770,3.0526,160,400,560,2.5,150,320,470,2.1333,130,160,290,1.2308,110,110,220,1.0,100,100,200,1.0,134,77
930,360,640,180,460,640,2.5556,160,340,500,2.125,150,280,430,1.8667,120,160,280,1.3333,110,120,230,1.0909,100,100,200,1.0,134,77
920,290,690,200,450,650,2.25,170,350,520,2.0588,160,290,450,1.8125,130,170,300,1.3077,120,120,240,1.0,100,90,190,0.9,135,77
920,230,670,180,680,860,3.7778,170,370,540,2.1765,150,300,450,2.0,140,170,310,1.2143,110,120,230,1.0909,100,100,200,1.0,133,79
900,250,680,190,450,640,2.3684,170,330,500,1.9412,160,290,450,1.8125,140,160,300,1.1429,120,120,240,1.0,110,100,210,0.90909,134,78
910,220,650,240,440,680,1.8333,200,330,530,1.65,180,290,470,1.6111,150,190,340,1.2667,130,130,260,1.0,110,110,220,1.0,134,77
910,260,620,180,420,600,2.3333,160,300,460,1.875,150,240,390,1.6,130,150,280,1.1538,110,110,220,1.0,100,90,190,0.9,134,77
920,290,540,180,550,730,3.0556,160,410,570,2.5625,140,340,480,2.4286,130,190,320,1.4615,110,130,240,1.1818,100,100,200,1.0,134,77
890,230,680,190,500,690,2.6316,170,350,520,2.0588,160,290,450,1.8125,140,190,330,1.3571,120,130,250,1.0833,110,100,210,0.90909,135,77
920,210,580,230,430,660,1.8696,200,320,520,1.6,170,260,430,1.5294,150,180,330,1.2,120,140,260,1.1667,110,110,220,1.0,135,77
930,340,610,180,460,640,2.5556,160,330,490,2.0625,140,260,400,1.8571,120,150,270,1.25,110,110,220,1.0,90,100,190,1.1111,134,77
940,320,620,170,520,690,3.0588,160,360,520,2.25,140,300,440,2.1429,130,170,300,1.3077,110,120,230,1.0909,90,100,190,1.1111,134,77
970,320,580,180,460,640,2.5556,150,340,490,2.2667,150,280,430,1.8667,130,160,290,1.2308,110,120,230,1.0909,100,100,200,1.0,134,75
910,390,540,210,400,610,1.9048,180,290,470,1.6111,170,230,400,1.3529,160,130,290,0.8125,130,100,230,0.76923,120,80,200,0.66667,134,76
910,370,700,190,480,670,2.5263,160,360,520,2.25,150,300,450,2.0,130,180,310,1.3846,110,130,240,1.1818,100,110,210,1.1,134,76
910,210,710,230,480,710,2.087,190,360,550,1.8947,170,310,480,1.8235,150,220,370,1.4667,120,150,270,1.25,100,120,220,1.2,134,76
910,200,570,210,420,630,2.0,160,310,470,1.9375,150,240,390,1.6,130,160,290,1.2308,100,130,230,1.3,90,110,200,1.2222,133,76
910,340,430,180,440,620,2.4444,160,340,500,2.125,150,290,440,1.9333,120,160,280,1.3333,110,110,220,1.0,90,100,190,1.1111,133,76
920,260,700,180,460,640,2.5556,160,330,490,2.0625,150,280,430,1.8667,130,160,290,1.2308,110,120,230,1.0909,100,100,200,1.0,132,75
910,220,670,180,680,860,3.7778,160,370,530,2.3125,150,310,460,2.0667,140,180,320,1.2857,120,120,240,1.0,100,100,200,1.0,132,75
880,240,680,190,460,650,2.4211,170,320,490,1.8824,160,280,440,1.75,140,170,310,1.2143,120,120,240,1.0,110,100,210,0.90909,133,76
920,200,700,220,450,670,2.0455,220,320,540,1.4545,170,270,440,1.5882,140,170,310,1.2143,110,130,240,1.1818,90,100,190,1.1111,132,76
910,250,650,180,440,620,2.4444,150,330,480,2.2,150,270,420,1.8,130,150,280,1.1538,110,110,220,1.0,100,100,200,1.0,132,75
900,260,680,190,690,880,3.6316,170,350,520,2.0588,150,290,440,1.9333,140,170,310,1.2143,110,120,230,1.0909,110,100,210,0.90909,133,76
890,220,700,240,610,850,2.5417,180,380,560,2.1111,160,310,470,1.9375,140,190,330,1.3571,120,130,250,1.0833,110,110,220,1.0,133,76
900,190,600,210,430,640,2.0476,170,320,490,1.8824,160,260,420,1.625,140,170,310,1.2143,110,130,240,1.1818,100,110,210,1.1,133,76
940,300,690,160,490,650,3.0625,140,340,480,2.4286,130,290,420,2.2308,110,160,270,1.4545,100,110,210,1.1,90,110,200,1.2222,132,76
880,250,650,210,660,870,3.1429,180,430,610,2.3889,180,350,530,1.9444,150,190,340,1.2667,130,100,230,0.76923,100,80,180,0.8,131,75
910,230,680,180,440,620,2.4444,160,320,480,2.0,150,270,420,1.8,130,160,290,1.2308,110,120,230,1.0909,90,90,180,1.0,132,75
920,230,650,180,420,600,2.3333,160,290,450,1.8125,150,250,400,1.6667,130,170,300,1.3077,110,120,230,1.0909,100,100,200,1.0,132,76
900,270,680,200,490,690,2.45,170,340,510,2.0,170,280,450,1.6471,140,170,310,1.2143,120,120,240,1.0,110,100,210,0.90909,133,76
910,220,700,240,470,710,1.9583,220,400,620,1.8182,180,340,520,1.8889,150,230,380,1.5333,130,140,270,1.0769,110,120,230,1.0909,132,76
910,210,550,180,420,600,2.3333,160,310,470,1.9375,150,250,400,1.6667,130,150,280,1.1538,110,120,230,1.0909,100,100,200,1.0,132,76
910,360,630,180,460,640,2.5556,160,330,490,2.0625,150,270,420,1.8,130,150,280,1.1538,110,110,220,1.0,100,100,200,1.0,132,76
910,280,620,230,630,860,2.7391,170,420,590,2.4706,150,350,500,2.3333,130,190,320,1.4615,110,130,240,1.1818,100,110,210,1.1,132,76
910,230,700,180,500,680,2.7778,160,330,490,2.0625,150,280,430,1.8667,130,160,290,1.2308,120,120,240,1.0,100,90,190,0.9,133,76
900,210,690,190,480,670,2.5263,160,340,500,2.125,160,290,450,1.8125,140,170,310,1.2143,120,120,240,1.0,110,100,210,0.90909,133,76
900,210,690,230,500,730,2.1739,180,390,570,2.1667,170,330,500,1.9412,140,210,350,1.5,120,140,260,1.1667,100,110,210,1.1,133,77
920,240,650,170,490,660,2.8824,140,360,500,2.5714,140,290,430,2.0714,120,160,280,1.3333,100,120,220,1.2,90,100,190,1.1111,133,76
900,270,670,180,680,860,3.7778,170,420,590,2.4706,150,360,510,2.4,140,150,290,1.0714,110,110,220,1.0,100,90,190,0.9,133,76
920,230,660,180,460,640,2.5556,160,330,490,2.0625,150,280,430,1.8667,130,170,300,1.3077,110,120,230,1.0909,100,100,200,1.0,133,76
910,260,680,200,470,670,2.35,170,350,520,2.0588,160,290,450,1.8125,140,180,320,1.2857,120,120,240,1.0,110,90,200,0.81818,132,76
900,230,630,190,470,660,2.4737,170,330,500,1.9412,160,280,440,1.75,120,170,290,1.4167,120,120,240,1.0,110,100,210,0.90909,133,76
910,270,690,290,440,730,1.5172,200,320,520,1.6,170,280,450,1.6471,150,180,330,1.2,130,120,250,0.92308,120,110,230,0.91667,133,76
900,220,610,200,550,750,2.75,160,360,520,2.25,160,300,460,1.875,140,170,310,1.2143,120,110,230,0.91667,110,100,210,0.90909,133,76
960,290,610,180,470,650,2.6111,150,350,500,2.3333,150,280,430,1.8667,120,160,280,1.3333,100,120,220,1.2,90,100,190,1.1111,132,76
900,340,680,180,390,570,2.1667,160,240,400,1.5,150,170,320,1.1333,140,150,290,1.0714,110,140,250,1.2727,100,120,220,1.2,133,75
900,290,670,180,470,650,2.6111,150,340,490,2.2667,150,270,420,1.8,120,150,270,1.25,110,110,220,1.0,90,100,190,1.1111,132,75
900,230,610,180,450,630,2.5,160,330,490,2.0625,150,270,420,1.8,130,160,290,1.2308,110,110,220,1.0,100,90,190,0.9,132,75
920,290,660,200,670,870,3.35,160,380,540,2.375,150,310,460,2.0667,140,190,330,1.3571,110,130,240,1.1818,100,100,200,1.0,131,75
860,260,660,180,670,850,3.7222,160,380,540,2.375,150,310,460,2.0667,130,180,310,1.3846,110,130,240,1.1818,100,110,210,1.1,130,73
970,200,760,160,430,590,2.6875,130,320,450,2.4615,120,250,370,2.0833,100,180,280,1.8,80,140,220,1.75,70,120,190,1.7143,131,74
920,210,640,230,440,670,1.913,190,320,510,1.6842,180,280,460,1.5556,140,180,320,1.2857,120,130,250,1.0833,100,120,220,1.2,131,74
910,280,620,180,630,810,3.5,150,380,530,2.5333,140,310,450,2.2143,130,160,290,1.2308,100,120,220,1.2,100,90,190,0.9,130,74
900,290,560,180,470,650,2.6111,160,340,500,2.125,150,280,430,1.8667,140,160,300,1.1429,110,110,220,1.0,100,90,190,0.9,130,74
910,340,680,180,470,650,2.6111,160,340,500,2.125,150,270,420,1.8,120,160,280,1.3333,110,120,230,1.0909,90,100,190,1.1111,130,74
930,200,620,220,440,660,2.0,190,320,510,1.6842,170,270,440,1.5882,140,180,320,1.2857,120,130,250,1.0833,100,120,220,1.2,131,75
910,290,670,180,460,640,2.5556,150,340,490,2.2667,150,270,420,1.8,130,160,290,1.2308,120,110,230,0.91667,100,100,200,1.0,130,75
920,240,690,180,470,650,2.6111,150,380,530,2.5333,140,340,480,2.4286,120,180,300,1.5,110,130,240,1.1818,90,110,200,1.2222,130,75
910,230,670,190,630,820,3.3158,160,360,520,2.25,150,300,450,2.0,130,200,330,1.5385,100,120,220,1.2,100,110,210,1.1,130,75
910,240,670,190,470,660,2.4737,170,340,510,2.0,160,280,440,1.75,130,170,300,1.3077,110,130,240,1.1818,100,100,200,1.0,130,74
900,240,690,260,460,720,1.7692,190,350,540,1.8421,170,300,470,1.7647,150,190,340,1.2667,120,130,250,1.0833,120,110,230,0.91667,131,74
910,210,640,190,410,600,2.1579,160,300,460,1.875,150,230,380,1.5333,130,150,280,1.1538,110,110,220,1.0,100,90,190,0.9,130,74
900,270,630,200,640,840,3.2,170,370,540,2.1765,160,310,470,1.9375,130,160,290,1.2308,120,110,230,0.91667,100,90,190,0.9,129,74
950,270,630,190,450,640,2.3684,160,320,480,2.0,150,270,420,1.8,130,150,280,1.1538,110,110,220,1.0,100,100,200,1.0,129,74
920,280,690,180,700,880,3.8889,160,380,540,2.375,150,310,460,2.0667,130,180,310,1.3846,110,130,240,1.1818,100,110,210,1.1,130,74
890,230,690,200,390,590,1.95,170,280,450,1.6471,160,260,420,1.625,140,170,310,1.2143,120,120,240,1.0,110,90,200,0.81818,131,75
910,200,700,220,450,670,2.0455,190,330,520,1.7368,170,280,450,1.6471,140,170,310,1.2143,120,130,250,1.0833,100,120,220,1.2,131,75
900,210,490,170,450,620,2.6471,150,330,480,2.2,140,260,400,1.8571,120,140,260,1.1667,100,110,210,1.1,90,90,180,1.0,130,75
910,330,660,190,440,630,2.3158,160,320,480,2.0,150,260,410,1.7333,130,150,280,1.1538,110,120,230,1.0909,100,100,200,1.0,130,75
920,250,650,170,440,610,2.5882,150,330,480,2.2,140,260,400,1.8571,130,160,290,1.2308,110,120,230,1.0909,90,100,190,1.1111,130,75
910,270,630,190,490,680,2.5789,170,350,520,2.0588,160,290,450,1.8125,130,170,300,1.3077,120,120,240,1.0,100,100,200,1.0,131,75
910,280,700,300,460,760,1.5333,190,320,510,1.6842,170,260,430,1.5294,150,140,290,0.93333,120,100,220,0.8333299999999999,120,80,200,0.66667,131,76
910,210,680,230,430,660,1.8696,180,310,490,1.7222,160,260,420,1.625,140,160,300,1.1429,120,120,240,1.0,110,110,220,1.0,131,76
920,260,670,180,460,640,2.5556,150,330,480,2.2,140,280,420,2.0,130,160,290,1.2308,110,120,230,1.0909,100,100,200,1.0,130,75
920,250,670,190,480,670,2.5263,170,340,510,2.0,150,280,430,1.8667,140,160,300,1.1429,110,120,230,1.0909,100,100,200,1.0,130,75
920,250,680,190,690,880,3.6316,170,360,530,2.1176,150,300,450,2.0,140,160,300,1.1429,120,110,230,0.91667,100,100,200,1.0,129,75
900,240,710,200,450,650,2.25,180,320,500,1.7778,160,270,430,1.6875,150,160,310,1.0667,130,110,240,0.84615,110,100,210,0.90909,130,75
910,190,700,210,460,670,2.1905,190,350,540,1.8421,170,290,460,1.7059,140,190,330,1.3571,130,140,270,1.0769,110,120,230,1.0909,130,75
940,210,650,170,430,600,2.5294,160,310,470,1.9375,140,260,400,1.8571,120,150,270,1.25,110,120,230,1.0909,90,100,190,1.1111,130,75
890,290,640,200,650,850,3.25,170,380,550,2.2353,170,310,480,1.8235,150,160,310,1.0667,130,100,230,0.76923,120,80,200,0.66667,130,75
910,250,640,180,450,630,2.5,150,330,480,2.2,140,270,410,1.9286,130,160,290,1.2308,100,120,220,1.2,100,100,200,1.0,130,75
850,270,650,170,440,610,2.5882,150,330,480,2.2,140,290,430,2.0714,130,160,290,1.2308,100,130,230,1.3,90,100,190,1.1111,130,75
890,230,690,220,460,680,2.0909,170,360,530,2.1176,170,290,460,1.7059,150,170,320,1.1333,130,120,250,0.92308,110,100,210,0.90909,131,75
910,200,610,220,430,650,1.9545,180,320,500,1.7778,160,260,420,1.625,140,170,310,1.2143,120,130,250,1.0833,100,110,210,1.1,131,76
900,300,580,170,490,660,2.8824,150,350,500,2.3333,140,290,430,2.0714,130,170,300,1.3077,100,120,220,1.2,90,90,180,1.0,131,76
920,320,690,210,700,910,3.3333,160,430,590,2.6875,150,360,510,2.4,130,190,320,1.4615,110,130,240,1.1818,90,100,190,1.1111,131,76
910,230,680,180,450,630,2.5,160,330,490,2.0625,150,270,420,1.8,130,160,290,1.2308,120,110,230,0.91667,100,100,200,1.0,131,75
910,230,680,190,430,620,2.2632,160,320,480,2.0,150,250,400,1.6667,130,150,280,1.1538,110,110,220,1.0,100,90,190,0.9,131,75
900,230,680,190,470,660,2.4737,170,330,500,1.9412,160,280,440,1.75,140,170,310,1.2143,120,120,240,1.0,100,100,200,1.0,131,76
910,220,700,240,470,710,1.9583,240,350,590,1.4583,190,290,480,1.5263,160,240,400,1.5,130,140,270,1.0769,120,120,240,1.0,132,76
910,210,630,180,420,600,2.3333,160,310,470,1.9375,140,240,380,1.7143,130,160,290,1.2308,110,120,230,1.0909,100,100,200,1.0,131,76
910,280,470,180,480,660,2.6667,160,350,510,2.1875,140,290,430,2.0714,130,170,300,1.3077,110,120,230,1.0909,90,90,180,1.0,131,76
910,220,720,180,440,620,2.4444,150,320,470,2.1333,150,260,410,1.7333,130,150,280,1.1538,110,110,220,1.0,100,100,200,1.0,130,75
900,190,690,180,540,720,3.0,150,350,500,2.3333,140,290,430,2.0714,130,170,300,1.3077,110,120,230,1.0909,100,100,200,1.0,130,75
900,210,700,180,460,640,2.5556,160,330,490,2.0625,150,270,420,1.8,130,170,300,1.3077,110,130,240,1.1818,90,110,200,1.2222,132,76
910,200,670,220,440,660,2.0,220,310,530,1.4091,180,250,430,1.3889,150,160,310,1.0667,120,110,230,0.91667,100,90,190,0.9,132,76
920,240,650,170,460,630,2.7059,140,340,480,2.4286,130,280,410,2.1538,120,170,290,1.4167,100,130,230,1.3,90,100,190,1.1111,131,76
910,260,660,190,450,640,2.3684,170,330,500,1.9412,150,260,410,1.7333,130,150,280,1.1538,120,110,230,0.91667,100,90,190,0.9,131,76
920,250,630,190,480,670,2.5263,160,340,500,2.125,150,270,420,1.8,130,160,290,1.2308,110,120,230,1.0909,100,100,200,1.0,131,76
910,290,680,190,690,880,3.6316,170,360,530,2.1176,160,310,470,1.9375,140,180,320,1.2857,120,120,240,1.0,110,100,210,0.90909,132,76
900,230,720,250,510,760,2.04,180,370,550,2.0556,170,320,490,1.8824,150,190,340,1.2667,130,120,250,0.92308,120,100,220,0.8333299999999999,132,77
900,180,610,200,420,620,2.1,180,310,490,1.7222,170,250,420,1.4706,140,160,300,1.1429,120,120,240,1.0,110,100,210,0.90909,132,77
980,290,600,170,500,670,2.9412,140,360,500,2.5714,140,280,420,2.0,120,160,280,1.3333,100,120,220,1.2,90,100,190,1.1111,131,76
950,220,730,180,480,660,2.6667,160,350,510,2.1875,150,300,450,2.0,130,180,310,1.3846,110,140,250,1.2727,90,120,210,1.3333,132,76
930,220,710,240,520,760,2.1667,220,390,610,1.7727,190,320,510,1.6842,150,210,360,1.4,130,140,270,1.0769,120,110,230,0.91667,132,76
930,250,650,190,420,610,2.2105,170,320,490,1.8824,160,260,420,1.625,130,160,290,1.2308,120,120,240,1.0,100,90,190,0.9,130,74
920,280,690,200,400,600,2.0,170,290,460,1.7059,160,230,390,1.4375,140,140,280,1.0,120,110,230,0.91667,110,90,200,0.81818,130,74
900,230,690,190,450,640,2.3684,170,330,500,1.9412,160,280,440,1.75,140,170,310,1.2143,120,120,240,1.0,90,100,190,1.1111,130,74
910,210,670,230,450,680,1.9565,230,340,570,1.4783,230,330,560,1.4348,160,220,380,1.375,130,140,270,1.0769,110,120,230,1.0909,131,74
920,240,570,170,480,650,2.8235,150,350,500,2.3333,140,280,420,2.0,120,160,280,1.3333,100,120,220,1.2,90,100,190,1.1111,131,74
910,350,530,190,450,640,2.3684,160,330,490,2.0625,150,270,420,1.8,130,150,280,1.1538,110,110,220,1.0,100,90,190,0.9,130,74
920,220,640,180,470,650,2.6111,160,320,480,2.0,150,260,410,1.7333,130,160,290,1.2308,110,120,230,1.0909,100,100,200,1.0,129,73
910,280,690,200,420,620,2.1,170,300,470,1.7647,160,250,410,1.5625,130,150,280,1.1538,120,110,230,0.91667,110,100,210,0.90909,130,73
900,220,690,240,470,710,1.9583,190,360,550,1.8947,170,310,480,1.8235,150,180,330,1.2,130,120,250,0.92308,110,100,210,0.90909,130,74
910,210,580,190,400,590,2.1053,160,280,440,1.75,150,210,360,1.4,130,140,270,1.0769,110,100,210,0.90909,90,90,180,1.0,129,74
900,330,690,170,490,660,2.8824,160,340,500,2.125,140,280,420,2.0,120,160,280,1.3333,100,110,210,1.1,90,100,190,1.1111,129,74
930,210,460,170,470,640,2.7647,150,440,590,2.9333,140,320,460,2.2857,120,160,280,1.3333,100,120,220,1.2,90,110,200,1.2222,128,74
920,260,700,190,540,730,2.8421,160,380,540,2.375,140,310,450,2.2143,130,180,310,1.3846,110,120,230,1.0909,100,110,210,1.1,128,74
910,220,690,190,450,640,2.3684,170,310,480,1.8235,160,270,430,1.6875,140,160,300,1.1429,120,120,240,1.0,100,100,200,1.0,129,74
920,220,690,240,440,680,1.8333,200,320,520,1.6,170,280,450,1.6471,140,180,320,1.2857,120,130,250,1.0833,110,120,230,1.0909,129,74
900,230,600,180,590,770,3.2778,170,360,530,2.1176,150,290,440,1.9333,130,160,290,1.2308,110,120,230,1.0909,100,90,190,0.9,129,75
930,300,700,170,470,640,2.7647,150,350,500,2.3333,140,280,420,2.0,120,160,280,1.3333,100,120,220,1.2,80,110,190,1.375,129,74
920,230,650,180,450,630,2.5,160,340,500,2.125,150,300,450,2.0,130,180,310,1.3846,110,130,240,1.1818,100,110,210,1.1,129,74
910,270,620,190,450,640,2.3684,160,310,470,1.9375,160,260,420,1.625,140,140,280,1.0,120,110,230,0.91667,110,90,200,0.81818,129,74
920,290,690,190,420,610,2.2105,160,300,460,1.875,160,280,440,1.75,140,170,310,1.2143,110,120,230,1.0909,110,110,220,1.0,130,75
900,230,700,210,470,680,2.2381,180,340,520,1.8889,170,290,460,1.7059,150,170,320,1.1333,130,120,250,0.92308,110,100,210,0.90909,130,75
920,200,490,220,400,620,1.8182,170,290,460,1.7059,160,240,400,1.5,130,170,300,1.3077,110,130,240,1.1818,100,100,200,1.0,130,76
920,240,670,180,460,640,2.5556,160,330,490,2.0625,150,270,420,1.8,120,150,270,1.25,110,120,230,1.0909,80,100,180,1.25,130,75
920,250,700,190,500,690,2.6316,160,340,500,2.125,150,290,440,1.9333,130,160,290,1.2308,110,120,230,1.0909,100,100,200,1.0,130,75
910,220,620,190,590,780,3.1053,170,340,510,2.0,160,280,440,1.75,140,160,300,1.1429,120,110,230,0.91667,110,100,210,0.90909,130,75
900,240,690,260,450,710,1.7308,190,340,530,1.7895,180,280,460,1.5556,150,180,330,1.2,130,130,260,1.0,120,110,230,0.91667,131,76
930,380,580,190,460,650,2.4211,170,330,500,1.9412,150,270,420,1.8,140,160,300,1.1429,110,110,220,1.0,110,100,210,0.90909,129,75
930,350,690,190,700,890,3.6842,170,370,540,2.1765,160,300,460,1.875,130,170,300,1.3077,120,130,250,1.0833,100,100,200,1.0,130,75
920,240,710,210,440,650,2.0952,170,320,490,1.8824,170,270,440,1.5882,140,170,310,1.2143,120,120,240,1.0,110,100,210,0.90909,131,76
900,210,640,230,430,660,1.8696,200,310,510,1.55,180,260,440,1.4444,150,160,310,1.0667,130,130,260,1.0,120,100,220,0.8333299999999999,131,76
910,260,640,180,650,830,3.6111,150,420,570,2.8,150,340,490,2.2667,120,190,310,1.5833,110,120,230,1.0909,100,100,200,1.0,131,76
920,270,700,180,470,650,2.6111,150,340,490,2.2667,140,280,420,2.0,130,160,290,1.2308,100,120,220,1.2,100,100,200,1.0,130,74
910,220,680,180,440,620,2.4444,160,330,490,2.0625,150,270,420,1.8,140,160,300,1.1429,110,110,220,1.0,100,90,190,0.9,130,74
900,230,680,180,510,690,2.8333,170,330,500,1.9412,160,270,430,1.6875,130,160,290,1.2308,120,110,230,0.91667,100,90,190,0.9,130,74
900,220,690,190,480,670,2.5263,160,340,500,2.125,150,280,430,1.8667,130,170,300,1.3077,110,130,240,1.1818,100,100,200,1.0,131,74
910,210,700,230,490,720,2.1304,170,370,540,2.1765,160,330,490,2.0625,140,210,350,1.5,110,150,260,1.3636,100,130,230,1.3,131,75
910,210,580,190,420,610,2.2105,160,300,460,1.875,150,250,400,1.6667,130,160,290,1.2308,100,120,220,1.2,90,100,190,1.1111,130,75
920,330,570,180,580,760,3.2222,160,420,580,2.625,150,340,490,2.2667,130,180,310,1.3846,110,120,230,1.0909,100,110,210,1.1,130,75
910,350,640,190,440,630,2.3158,160,310,470,1.9375,150,270,420,1.8,130,150,280,1.1538,120,110,230,0.91667,100,90,190,0.9,130,75
920,270,620,180,430,610,2.3889,170,330,500,1.9412,150,280,430,1.8667,140,180,320,1.2857,120,130,250,1.0833,100,110,210,1.1,130,75
900,300,680,190,690,880,3.6316,170,360,530,2.1176,160,290,450,1.8125,140,160,300,1.1429,120,120,240,1.0,100,90,190,0.9,130,75
900,220,690,190,390,580,2.0526,160,300,460,1.875,160,270,430,1.6875,130,170,300,1.3077,120,130,250,1.0833,100,100,200,1.0,130,75
920,210,700,230,450,680,1.9565,180,340,520,1.8889,160,280,440,1.75,140,190,330,1.3571,110,150,260,1.3636,100,120,220,1.2,131,76
910,220,500,180,460,640,2.5556,150,330,480,2.2,140,270,410,1.9286,120,160,280,1.3333,100,120,220,1.2,90,100,190,1.1111,131,76
920,210,690,170,440,610,2.5882,150,330,480,2.2,140,270,410,1.9286,130,160,290,1.2308,110,120,230,1.0909,90,100,190,1.1111,130,76
910,230,620,170,420,590,2.4706,160,310,470,1.9375,150,250,400,1.6667,130,150,280,1.1538,110,110,220,1.0,100,90,190,0.9,130,76
930,290,690,180,460,640,2.5556,160,340,500,2.125,150,290,440,1.9333,130,180,310,1.3846,110,130,240,1.1818,100,110,210,1.1,131,76
910,240,690,260,460,720,1.7692,190,320,510,1.6842,180,250,430,1.3889,160,150,310,0.9375,130,100,230,0.76923,110,80,190,0.72727,131,76
920,290,630,190,480,670,2.5263,160,360,520,2.25,150,290,440,1.9333,130,170,300,1.3077,110,120,230,1.0909,100,100,200,1.0,130,76
910,290,690,180,700,880,3.8889,160,360,520,2.25,150,290,440,1.9333,140,170,310,1.2143,110,120,230,1.0909,110,100,210,0.90909,130,76
930,220,710,170,490,660,2.8824,160,350,510,2.1875,150,290,440,1.9333,130,180,310,1.3846,100,130,230,1.3,90,130,220,1.4444,131,76
910,220,700,240,430,670,1.7917,190,320,510,1.6842,180,270,450,1.5,150,170,320,1.1333,130,120,250,0.92308,110,110,220,1.0,131,76
920,210,640,180,420,600,2.3333,160,310,470,1.9375,150,250,400,1.6667,130,150,280,1.1538,110,110,220,1.0,100,90,190,0.9,131,76
910,280,540,190,500,690,2.6316,170,370,540,2.1765,150,290,440,1.9333,130,160,290,1.2308,120,110,230,0.91667,100,80,180,0.8,131,76
920,370,700,180,460,640,2.5556,160,320,480,2.0,150,260,410,1.7333,120,160,280,1.3333,110,110,220,1.0,100,100,200,1.0,131,76
920,220,600,180,440,620,2.4444,160,340,500,2.125,150,280,430,1.8667,130,160,290,1.2308,110,120,230,1.0909,100,100,200,1.0,131,76
920,320,680,190,690,880,3.6316,170,370,540,2.1765,160,300,460,1.875,140,170,310,1.2143,120,130,250,1.0833,100,100,200,1.0,131,76
900,240,700,230,440,670,1.913,180,370,550,2.0556,170,300,470,1.7647,150,180,330,1.2,120,130,250,1.0833,110,100,210,0.90909,132,76
920,200,590,220,430,650,1.9545,180,320,500,1.7778,160,250,410,1.5625,140,160,300,1.1429,110,130,240,1.1818,100,110,210,1.1,131,76
910,330,540,180,480,660,2.6667,150,330,480,2.2,140,270,410,1.9286,130,160,290,1.2308,110,110,220,1.0,100,90,190,0.9,131,76
920,370,680,280,690,970,2.4643,170,400,570,2.3529,160,330,490,2.0625,130,190,320,1.4615,110,120,230,1.0909,100,100,200,1.0,131,76
910,240,680,180,440,620,2.4444,160,320,480,2.0,150,260,410,1.7333,140,160,300,1.1429,110,110,220,1.0,100,90,190,0.9,130,75
920,230,680,180,440,620,2.4444,160,320,480,2.0,150,260,410,1.7333,130,160,290,1.2308,120,120,240,1.0,100,100,200,1.0,130,75
910,240,690,200,460,660,2.3,170,320,490,1.8824,160,260,420,1.625,140,160,300,1.1429,130,120,250,0.92308,110,90,200,0.81818,131,76
910,220,700,240,450,690,1.875,240,330,570,1.375,190,270,460,1.4211,160,180,340,1.125,130,150,280,1.1538,110,120,230,1.0909,131,76
910,210,640,190,410,600,2.1579,160,300,460,1.875,150,230,380,1.5333,140,140,280,1.0,110,110,220,1.0,100,90,190,0.9,130,76
900,270,380,180,390,570,2.1667,160,320,480,2.0,150,250,400,1.6667,140,140,280,1.0,120,100,220,0.8333299999999999,100,80,180,0.8,130,75
900,230,680,200,460,660,2.3,170,320,490,1.8824,160,270,430,1.6875,140,160,300,1.1429,120,110,230,0.91667,110,90,200,0.81818,129,75
910,220,680,190,650,840,3.4211,170,340,510,2.0,160,290,450,1.8125,130,160,290,1.2308,120,120,240,1.0,100,90,190,0.9,130,76
860,230,690,190,440,630,2.3158,170,310,480,1.8235,150,260,410,1.7333,140,160,300,1.1429,120,110,230,0.91667,110,100,210,0.90909,130,76
940,170,720,190,460,650,2.4211,170,340,510,2.0,140,290,430,2.0714,110,200,310,1.8182,90,160,250,1.7778,80,140,220,1.75,130,76
910,220,680,170,470,640,2.7647,150,340,490,2.2667,140,270,410,1.9286,120,150,270,1.25,100,110,210,1.1,90,100,190,1.1111,130,75
910,230,680,180,690,870,3.8333,150,410,560,2.7333,150,350,500,2.3333,130,150,280,1.1538,100,120,220,1.2,90,90,180,1.0,129,75
920,230,680,180,460,640,2.5556,160,330,490,2.0625,150,280,430,1.8667,130,170,300,1.3077,100,120,220,1.2,100,100,200,1.0,129,75
910,240,650,190,430,620,2.2632,170,330,500,1.9412,160,250,410,1.5625,140,150,290,1.0714,100,110,210,1.1,100,90,190,0.9,129,75
910,260,680,190,490,680,2.5789,170,340,510,2.0,160,280,440,1.75,130,170,300,1.3077,120,120,240,1.0,100,100,200,1.0,130,75
910,230,700,250,580,830,2.32,190,390,580,2.0526,170,330,500,1.9412,150,200,350,1.3333,120,130,250,1.0833,110,100,210,0.90909,131,76
910,210,560,230,400,630,1.7391,170,300,470,1.7647,150,240,390,1.6,140,150,290,1.0714,110,120,230,1.0909,100,100,200,1.0,130,76
910,350,680,180,460,640,2.5556,160,330,490,2.0625,150,270,420,1.8,130,150,280,1.1538,110,100,210,0.90909,100,90,190,0.9,130,75
900,230,680,180,690,870,3.8333,160,390,550,2.4375,140,330,470,2.3571,130,170,300,1.3077,90,120,210,1.3333,70,100,170,1.4286,130,75
910,220,680,170,440,610,2.5882,140,320,460,2.2857,140,270,410,1.9286,120,160,280,1.3333,100,120,220,1.2,90,110,200,1.2222,130,75
930,230,690,180,430,610,2.3889,160,310,470,1.9375,150,240,390,1.6,130,170,300,1.3077,110,130,240,1.1818,100,110,210,1.1,130,75
900,240,640,200,450,650,2.25,190,320,510,1.6842,180,260,440,1.4444,150,160,310,1.0667,130,120,250,0.92308,120,100,220,0.8333299999999999,131,76
900,260,650,280,440,720,1.5714,210,340,550,1.619,190,300,490,1.5789,160,190,350,1.1875,130,130,260,1.0,120,110,230,0.91667,131,76
910,250,640,180,430,610,2.3889,150,310,460,2.0667,140,250,390,1.7857,120,150,270,1.25,100,110,210,1.1,100,100,200,1.0,131,76
910,270,630,180,470,650,2.6111,160,330,490,2.0625,150,280,430,1.8667,130,160,290,1.2308,110,110,220,1.0,90,90,180,1.0,130,76
910,280,690,240,700,940,2.9167,170,390,560,2.2941,160,320,480,2.0,140,190,330,1.3571,120,120,240,1.0,100,100,200,1.0,130,76
880,220,680,180,430,610,2.3889,160,310,470,1.9375,150,250,400,1.6667,130,150,280,1.1538,110,110,220,1.0,100,100,200,1.0,129,75
930,200,700,150,430,580,2.8667,140,310,450,2.2143,120,230,350,1.9167,110,160,270,1.4545,90,110,200,1.2222,70,90,160,1.2857,130,75
910,200,690,220,430,650,1.9545,220,310,530,1.4091,190,250,440,1.3158,140,200,340,1.4286,120,140,260,1.1667,100,120,220,1.2,131,76
910,220,680,170,480,650,2.8235,150,340,490,2.2667,130,280,410,2.1538,130,160,290,1.2308,100,110,210,1.1,100,90,190,0.9,130,76
900,230,450,180,460,640,2.5556,160,330,490,2.0625,150,260,410,1.7333,130,150,280,1.1538,110,110,220,1.0,100,100,200,1.0,130,76
910,240,710,180,510,690,2.8333,170,330,500,1.9412,150,270,420,1.8,130,160,290,1.2308,110,120,230,1.0909,100,100,200,1.0,130,76
890,200,670,190,420,610,2.2105,170,300,470,1.7647,160,250,410,1.5625,140,150,290,1.0714,120,110,230,0.91667,110,100,210,0.90909,130,76
890,220,690,240,470,710,1.9583,180,370,550,2.0556,170,310,480,1.8235,140,200,340,1.4286,120,130,250,1.0833,110,110,220,1.0,131,76
880,200,600,170,390,560,2.2941,140,270,410,1.9286,140,210,350,1.5,120,140,260,1.1667,100,100,200,1.0,90,80,170,0.88889,130,76
910,280,680,170,480,650,2.8235,140,340,480,2.4286,140,270,410,1.9286,120,160,280,1.3333,100,120,220,1.2,100,100,200,1.0,130,76
900,230,690,180,600,780,3.3333,160,380,540,2.375,150,300,450,2.0,130,150,280,1.1538,120,110,230,0.91667,100,90,190,0.9,130,76
910,210,630,180,430,610,2.3889,160,310,470,1.9375,150,260,410,1.7333,130,150,280,1.1538,110,110,220,1.0,100,100,200,1.0,130,76
910,280,680,180,510,690,2.8333,160,350,510,2.1875,150,280,430,1.8667,140,160,300,1.1429,110,120,230,1.0909,110,100,210,0.90909,130,76
890,230,680,190,450,640,2.3684,170,320,490,1.8824,160,260,420,1.625,130,160,290,1.2308,120,120,240,1.0,100,100,200,1.0,130,76
910,210,690,230,440,670,1.913,180,320,500,1.7778,170,270,440,1.5882,150,180,330,1.2,120,130,250,1.0833,100,110,210,1.1,131,76
900,220,610,180,620,800,3.4444,160,370,530,2.3125,150,300,450,2.0,130,170,300,1.3077,110,120,230,1.0909,100,100,200,1.0,131,76
910,290,690,180,470,650,2.6111,150,330,480,2.2,150,270,420,1.8,120,160,280,1.3333,110,110,220,1.0,90,100,190,1.1111,131,76
900,220,680,180,440,620,2.4444,160,330,490,2.0625,150,280,430,1.8667,130,170,300,1.3077,110,130,240,1.1818,100,90,190,0.9,131,76
900,220,680,180,450,630,2.5,160,320,480,2.0,150,260,410,1.7333,130,160,290,1.2308,110,120,230,1.0909,90,100,190,1.1111,131,76
930,220,690,180,440,620,2.4444,150,350,500,2.3333,150,290,440,1.9333,120,180,300,1.5,100,130,230,1.3,90,120,210,1.3333,131,76
890,240,680,200,440,640,2.2,180,320,500,1.7778,170,250,420,1.4706,150,150,300,1.0,120,100,220,0.8333299999999999,110,90,200,0.81818,132,77
900,210,570,230,410,640,1.7826,180,300,480,1.6667,160,240,400,1.5,140,150,290,1.0714,120,120,240,1.0,100,100,200,1.0,132,77
910,240,650,180,480,660,2.6667,160,330,490,2.0625,140,270,410,1.9286,130,160,290,1.2308,110,120,230,1.0909,90,90,180,1.0,131,76
910,260,640,180,460,640,2.5556,160,330,490,2.0625,140,260,400,1.8571,120,160,280,1.3333,110,110,220,1.0,100,100,200,1.0,131,76
900,270,670,190,590,780,3.1053,160,340,500,2.125,150,270,420,1.8,140,160,300,1.1429,120,110,230,0.91667,110,110,220,1.0,131,76
910,230,680,210,390,600,1.8571,170,260,430,1.5294,160,210,370,1.3125,140,150,290,1.0714,120,120,240,1.0,100,100,200,1.0,131,76
900,230,690,250,470,720,1.88,190,360,550,1.8947,170,300,470,1.7647,150,190,340,1.2667,130,130,260,1.0,120,100,220,0.8333299999999999,132,76
900,210,610,180,380,560,2.1111,150,270,420,1.8,140,210,350,1.5,130,150,280,1.1538,110,110,220,1.0,100,90,190,0.9,131,76
910,290,610,170,470,640,2.7647,150,340,490,2.2667,140,280,420,2.0,130,160,290,1.2308,110,110,220,1.0,90,90,180,1.0,131,76
900,300,610,180,450,630,2.5,160,330,490,2.0625,150,270,420,1.8,130,160,290,1.2308,110,110,220,1.0,100,100,200,1.0,130,76
920,290,650,180,490,670,2.7222,160,350,510,2.1875,140,290,430,2.0714,130,170,300,1.3077,110,130,240,1.1818,90,110,200,1.2222,131,76
850,270,680,190,690,880,3.6316,170,360,530,2.1176,160,290,450,1.8125,140,170,310,1.2143,120,120,240,1.0,100,100,200,1.0,132,76
910,220,670,240,430,670,1.7917,200,310,510,1.55,180,260,440,1.4444,150,170,320,1.1333,130,120,250,0.92308,110,110,220,1.0,131,76
900,240,620,180,630,810,3.5,160,360,520,2.25,150,290,440,1.9333,130,140,270,1.0769,110,110,220,1.0,100,90,190,0.9,131,76
910,280,630,180,460,640,2.5556,150,330,480,2.2,150,270,420,1.8,130,150,280,1.1538,110,110,220,1.0,100,100,200,1.0,130,76
910,280,690,180,440,620,2.4444,160,320,480,2.0,150,270,420,1.8,140,160,300,1.1429,110,110,220,1.0,110,90,200,0.81818,130,76
930,210,570,230,430,660,1.8696,190,320,510,1.6842,170,260,430,1.5294,140,160,300,1.1429,120,120,240,1.0,100,110,210,1.1,131,76
910,300,690,180,460,640,2.5556,160,330,490,2.0625,150,270,420,1.8,130,160,290,1.2308,120,110,230,0.91667,100,100,200,1.0,130,76
880,220,700,190,480,670,2.5263,160,380,540,2.375,150,340,490,2.2667,110,190,300,1.7273,110,130,240,1.1818,90,110,200,1.2222,130,76
910,250,690,200,430,630,2.15,170,320,490,1.8824,170,260,430,1.5294,140,160,300,1.1429,120,110,230,0.91667,110,100,210,0.90909,130,75
900,220,680,240,440,680,1.8333,200,320,520,1.6,190,270,460,1.4211,160,180,340,1.125,130,120,250,0.92308,120,110,230,0.91667,130,74
900,220,610,180,410,590,2.2778,160,290,450,1.8125,150,230,380,1.5333,130,140,270,1.0769,110,110,220,1.0,100,90,190,0.9,130,74
910,290,620,190,630,820,3.3158,160,380,540,2.375,150,310,460,2.0667,130,170,300,1.3077,120,120,240,1.0,100,100,200,1.0,130,74
930,290,690,180,450,630,2.5,150,310,460,2.0667,140,260,400,1.8571,130,150,280,1.1538,110,110,220,1.0,100,100,200,1.0,129,74
900,240,640,190,440,630,2.3158,170,310,480,1.8235,160,250,410,1.5625,140,140,280,1.0,120,110,230,0.91667,90,80,170,0.88889,129,74
920,260,680,190,690,880,3.6316,170,360,530,2.1176,160,310,470,1.9375,140,180,320,1.2857,120,130,250,1.0833,100,110,210,1.1,130,74
890,240,700,220,410,630,1.8636,180,280,460,1.5556,170,230,400,1.3529,150,180,330,1.2,130,130,260,1.0,120,100,220,0.8333299999999999,131,75
920,190,570,210,430,640,2.0476,180,320,500,1.7778,160,260,420,1.625,140,170,310,1.2143,110,130,240,1.1818,100,120,220,1.2,130,75
910,350,430,190,440,630,2.3158,160,330,490,2.0625,150,270,420,1.8,130,150,280,1.1538,110,110,220,1.0,100,90,190,0.9,130,75
920,270,700,190,470,660,2.4737,160,340,500,2.125,150,280,430,1.8667,130,160,290,1.2308,120,110,230,0.91667,100,90,190,0.9,130,75
900,220,680,190,540,730,2.8421,160,330,490,2.0625,160,260,420,1.625,130,150,280,1.1538,120,110,230,0.91667,100,90,190,0.9,130,75
890,220,700,180,500,680,2.7778,160,350,510,2.1875,150,290,440,1.9333,130,180,310,1.3846,110,130,240,1.1818,100,110,210,1.1,131,75
930,190,710,210,490,700,2.3333,160,370,530,2.3125,150,310,460,2.0667,120,190,310,1.5833,110,140,250,1.2727,90,110,200,1.2222,131,76
920,220,640,190,420,610,2.2105,160,300,460,1.875,150,240,390,1.6,120,160,280,1.3333,110,120,230,1.0909,90,100,190,1.1111,131,76
910,280,650,180,660,840,3.6667,160,400,560,2.5,150,330,480,2.2,130,150,280,1.1538,110,110,220,1.0,100,100,200,1.0,130,76
920,260,640,180,430,610,2.3889,150,320,470,2.1333,150,270,420,1.8,130,150,280,1.1538,110,110,220,1.0,100,100,200,1.0,130,76
910,280,620,190,440,630,2.3158,160,320,480,2.0,160,260,420,1.625,140,150,290,1.0714,110,110,220,1.0,110,100,210,0.90909,130,76
910,290,680,180,680,860,3.7778,160,350,510,2.1875,150,280,430,1.8667,140,170,310,1.2143,110,120,230,1.0909,110,100,210,0.90909,131,76
890,230,690,190,440,630,2.3158,170,320,490,1.8824,160,260,420,1.625,140,160,300,1.1429,120,120,240,1.0,100,100,200,1.0,132,76
920,200,650,220,440,660,2.0,180,330,510,1.8333,160,270,430,1.6875,140,180,320,1.2857,110,140,250,1.2727,100,120,220,1.2,132,76
920,210,700,230,440,670,1.913,190,320,510,1.6842,170,270,440,1.5882,140,180,320,1.2857,120,130,250,1.0833,100,120,220,1.2,131,77
920,220,650,180,470,650,2.6111,150,330,480,2.2,150,270,420,1.8,120,160,280,1.3333,110,120,230,1.0909,90,100,190,1.1111,131,75
910,270,640,180,650,830,3.6111,150,410,560,2.7333,140,330,470,2.3571,100,190,290,1.9,100,120,220,1.2,90,100,190,1.1111,131,75
910,270,640,180,450,630,2.5,170,320,490,1.8824,150,270,420,1.8,130,160,290,1.2308,110,120,230,1.0909,100,90,190,0.9,131,75
910,270,680,190,410,600,2.1579,160,300,460,1.875,160,250,410,1.5625,130,150,280,1.1538,120,110,230,0.91667,100,100,200,1.0,130,75
910,230,680,190,460,650,2.4211,170,330,500,1.9412,150,270,420,1.8,140,160,300,1.1429,120,110,230,0.91667,110,100,210,0.90909,131,73
900,230,680,250,460,710,1.84,210,380,590,1.8095,180,340,520,1.8889,160,210,370,1.3125,140,130,270,0.92857,120,110,230,0.91667,131,74
900,220,610,200,400,600,2.0,170,290,460,1.7059,160,230,390,1.4375,140,150,290,1.0714,120,110,230,0.91667,110,90,200,0.81818,130,74
910,290,600,180,480,660,2.6667,150,350,500,2.3333,150,280,430,1.8667,120,160,280,1.3333,100,120,220,1.2,90,100,190,1.1111,130,74
920,230,670,180,430,610,2.3889,170,320,490,1.8824,150,250,400,1.6667,130,160,290,1.2308,110,110,220,1.0,100,90,190,0.9,130,74
900,250,640,200,440,640,2.2,180,310,490,1.7222,170,250,420,1.4706,150,150,300,1.0,130,110,240,0.84615,120,90,210,0.75,131,75
900,260,680,190,430,620,2.2632,170,300,470,1.7647,160,260,420,1.625,140,150,290,1.0714,110,110,220,1.0,110,100,210,0.90909,131,75
910,220,640,240,410,650,1.7083,240,290,530,1.2083,200,240,440,1.2,160,170,330,1.0625,130,130,260,1.0,120,110,230,0.91667,131,75
900,270,620,180,440,620,2.4444,160,310,470,1.9375,150,250,400,1.6667,130,140,270,1.0769,110,100,210,0.90909,100,90,190,0.9,131,75
930,240,690,170,470,640,2.7647,130,330,460,2.5385,130,260,390,2.0,120,170,290,1.4167,100,130,230,1.3,90,100,190,1.1111,130,75
910,240,670,190,600,790,3.1579,170,350,520,2.0588,160,290,450,1.8125,140,170,310,1.2143,120,120,240,1.0,100,100,200,1.0,130,75
850,240,700,200,460,660,2.3,180,340,520,1.8889,170,270,440,1.5882,150,160,310,1.0667,120,120,240,1.0,110,100,210,0.90909,131,76
900,270,620,180,490,670,2.7222,160,340,500,2.125,150,290,440,1.9333,130,150,280,1.1538,110,110,220,1.0,100,90,190,0.9,130,76
910,220,640,180,440,620,2.4444,150,320,470,2.1333,150,270,420,1.8,130,160,290,1.2308,100,120,220,1.2,100,100,200,1.0,130,75
920,270,680,180,430,610,2.3889,160,360,520,2.25,150,290,440,1.9333,130,170,300,1.3077,110,120,230,1.0909,90,100,190,1.1111,130,75
900,240,680,200,440,640,2.2,170,310,480,1.8235,170,260,430,1.5294,140,160,300,1.1429,130,110,240,0.84615,110,90,200,0.81818,130,75
900,220,630,240,450,690,1.875,190,340,530,1.7895,170,280,450,1.6471,150,190,340,1.2667,130,130,260,1.0,110,110,220,1.0,131,76
920,270,600,180,430,610,2.3889,160,310,470,1.9375,140,250,390,1.7857,130,150,280,1.1538,110,120,230,1.0909,90,100,190,1.1111,131,76
920,320,570,180,490,670,2.7222,160,340,500,2.125,150,290,440,1.9333,130,160,290,1.2308,110,110,220,1.0,100,90,190,0.9,130,76
900,350,650,190,490,680,2.5789,170,340,510,2.0,160,280,440,1.75,130,160,290,1.2308,100,110,210,1.1,90,90,180,1.0,130,76
910,250,650,190,430,620,2.2632,160,310,470,1.9375,150,250,400,1.6667,130,140,270,1.0769,110,110,220,1.0,100,100,200,1.0,130,76
910,260,680,180,410,590,2.2778,160,280,440,1.75,150,220,370,1.4667,140,180,320,1.2857,110,120,230,1.0909,100,110,210,1.1,131,76
910,230,700,190,430,620,2.2632,170,310,480,1.8235,150,250,400,1.6667,130,160,290,1.2308,120,120,240,1.0,100,100,200,1.0,132,76
910,210,620,230,420,650,1.8261,190,310,500,1.6316,170,260,430,1.5294,150,170,320,1.1333,130,120,250,0.92308,110,100,210,0.90909,132,77
910,290,600,180,470,650,2.6111,160,330,490,2.0625,150,270,420,1.8,130,150,280,1.1538,110,110,220,1.0,100,90,190,0.9,131,76
910,310,630,180,460,640,2.5556,150,330,480,2.2,150,270,420,1.8,130,150,280,1.1538,100,120,220,1.2,100,90,190,0.9,131,76
920,280,680,210,690,900,3.2857,170,380,550,2.2353,150,320,470,2.1333,140,170,310,1.2143,110,130,240,1.1818,100,100,200,1.0,131,76
860,240,650,190,490,680,2.5789,170,330,500,1.9412,150,280,430,1.8667,140,160,300,1.1429,110,130,240,1.1818,100,100,200,1.0,131,76
900,230,630,250,470,720,1.88,190,360,550,1.8947,170,310,480,1.8235,150,180,330,1.2,120,130,250,1.0833,110,100,210,0.90909,132,77
920,270,610,190,410,600,2.1579,150,300,450,2.0,150,240,390,1.6,130,160,290,1.2308,100,120,220,1.2,100,110,210,1.1,132,77
900,310,600,180,500,680,2.7778,160,350,510,2.1875,150,280,430,1.8667,130,150,280,1.1538,110,110,220,1.0,110,90,200,0.81818,131,76
910,300,690,170,700,870,4.1176,150,330,480,2.2,140,270,410,1.9286,120,160,280,1.3333,100,120,220,1.2,90,100,190,1.1111,131,76
940,220,640,170,430,600,2.5294,150,310,460,2.0667,140,260,400,1.8571,120,160,280,1.3333,100,120,220,1.2,90,100,190,1.1111,131,76
900,300,650,200,530,730,2.65,180,340,520,1.8889,170,280,450,1.6471,140,160,300,1.1429,130,110,240,0.84615,110,90,200,0.81818,131,76
900,250,680,190,410,600,2.1579,170,310,480,1.8235,160,250,410,1.5625,150,150,300,1.0,120,110,230,0.91667,110,100,210,0.90909,132,76
890,220,630,240,420,660,1.75,200,310,510,1.55,180,250,430,1.3889,150,160,310,1.0667,130,120,250,0.92308,110,100,210,0.90909,131,76
940,380,710,190,480,670,2.5263,170,380,550,2.2353,160,310,470,1.9375,140,180,320,1.2857,110,120,230,1.0909,100,110,210,1.1,132,76
910,230,710,200,470,670,2.35,180,330,510,1.8333,170,270,440,1.5882,140,160,300,1.1429,130,120,250,0.92308,110,90,200,0.81818,132,77
920,200,590,220,420,640,1.9091,190,310,500,1.6316,170,250,420,1.4706,140,170,310,1.2143,120,130,250,1.0833,100,110,210,1.1,132,77
930,330,570,180,510,690,2.8333,160,350,510,2.1875,150,300,450,2.0,130,160,290,1.2308,110,120,230,1.0909,90,100,190,1.1111,132,77
910,360,640,190,450,640,2.3684,170,320,490,1.8824,160,260,420,1.625,130,150,280,1.1538,120,110,230,0.91667,110,80,190,0.72727,132,75
920,270,690,180,450,630,2.5,160,330,490,2.0625,140,270,410,1.9286,120,160,280,1.3333,90,110,200,1.2222,70,100,170,1.4286,132,75
910,230,680,190,500,690,2.6316,160,340,500,2.125,160,270,430,1.6875,140,160,300,1.1429,120,110,230,0.91667,110,90,200,0.81818,132,75
900,230,680,200,380,580,1.9,170,260,430,1.5294,160,210,370,1.3125,140,180,320,1.2857,120,130,250,1.0833,110,100,210,0.90909,132,75
900,220,690,240,470,710,1.9583,190,360,550,1.8947,170,310,480,1.8235,140,200,340,1.4286,130,140,270,1.0769,100,120,220,1.2,132,75
930,220,620,190,430,620,2.2632,160,320,480,2.0,150,260,410,1.7333,130,160,290,1.2308,110,120,230,1.0909,100,100,200,1.0,131,75
940,310,680,190,690,880,3.6316,160,380,540,2.375,150,320,470,2.1333,140,190,330,1.3571,110,130,240,1.1818,100,110,210,1.1,131,75
900,260,690,210,400,610,1.9048,190,300,490,1.5789,170,240,410,1.4118,150,150,300,1.0,120,110,230,0.91667,110,100,210,0.90909,132,76
910,210,540,230,410,640,1.7826,190,310,500,1.6316,180,250,430,1.3889,140,160,300,1.1429,130,120,250,0.92308,110,100,210,0.90909,132,76
940,320,560,170,450,620,2.6471,150,320,470,2.1333,140,250,390,1.7857,130,160,290,1.2308,100,120,220,1.2,90,110,200,1.2222,131,74
930,380,700,190,500,690,2.6316,160,350,510,2.1875,150,290,440,1.9333,130,170,300,1.3077,120,120,240,1.0,100,110,210,1.1,131,74
910,230,710,250,480,730,1.92,180,360,540,2.0,160,300,460,1.875,140,170,310,1.2143,130,130,260,1.0,110,100,210,0.90909,132,75
920,200,600,220,430,650,1.9545,160,310,470,1.9375,150,240,390,1.6,130,160,290,1.2308,110,120,230,1.0909,100,100,200,1.0,132,75
920,310,640,190,450,640,2.3684,160,320,480,2.0,150,260,410,1.7333,130,150,280,1.1538,120,110,230,0.91667,100,90,190,0.9,131,74
930,220,710,240,450,690,1.875,200,340,540,1.7,180,290,470,1.6111,160,180,340,1.125,130,130,260,1.0,110,110,220,1.0,131,74
920,220,620,180,410,590,2.2778,160,300,460,1.875,150,240,390,1.6,130,150,280,1.1538,110,110,220,1.0,100,90,190,0.9,131,74
910,300,580,200,590,790,2.95,160,380,540,2.375,150,300,450,2.0,130,170,300,1.3077,120,120,240,1.0,100,100,200,1.0,129,74
960,330,690,170,460,630,2.7059,150,330,480,2.2,140,260,400,1.8571,120,160,280,1.3333,100,130,230,1.3,90,110,200,1.2222,129,74
920,370,690,200,700,900,3.5,170,370,540,2.1765,160,300,460,1.875,140,170,310,1.2143,120,120,240,1.0,110,100,210,0.90909,129,73
900,230,690,210,420,630,2.0,180,280,460,1.5556,160,240,400,1.5,150,170,320,1.1333,130,120,250,0.92308,120,100,220,0.8333299999999999,130,73
910,210,590,230,420,650,1.8261,190,310,500,1.6316,170,250,420,1.4706,140,160,300,1.1429,120,120,240,1.0,110,110,220,1.0,130,73
910,320,450,170,460,630,2.7059,150,340,490,2.2667,140,270,410,1.9286,130,160,290,1.2308,100,120,220,1.2,90,90,180,1.0,129,73
930,290,710,190,470,660,2.4737,160,340,500,2.125,150,270,420,1.8,140,170,310,1.2143,120,120,240,1.0,110,100,210,0.90909,130,74
930,230,670,200,460,660,2.3,170,340,510,2.0,160,280,440,1.75,140,160,300,1.1429,110,120,230,1.0909,100,100,200,1.0,129,73
920,260,650,190,660,850,3.4737,170,350,520,2.0588,160,290,450,1.8125,140,160,300,1.1429,120,110,230,0.91667,110,100,210,0.90909,129,73
910,270,700,210,480,690,2.2857,180,330,510,1.8333,160,270,430,1.6875,150,170,320,1.1333,120,120,240,1.0,110,100,210,0.90909,130,74
910,210,680,230,420,650,1.8261,200,310,510,1.55,180,250,430,1.3889,150,160,310,1.0667,130,120,250,0.92308,110,100,210,0.90909,129,74
930,230,600,170,470,640,2.7647,150,330,480,2.2,140,270,410,1.9286,130,160,290,1.2308,100,120,220,1.2,90,100,190,1.1111,129,74
920,330,570,190,580,770,3.0526,160,430,590,2.6875,140,360,500,2.5714,120,200,320,1.6667,100,120,220,1.2,80,100,180,1.25,129,74
920,350,640,180,440,620,2.4444,160,320,480,2.0,140,260,400,1.8571,130,160,290,1.2308,100,120,220,1.2,100,100,200,1.0,129,74
920,280,630,180,410,590,2.2778,160,300,460,1.875,150,240,390,1.6,130,160,290,1.2308,110,120,230,1.0909,100,100,200,1.0,129,74
930,290,450,180,460,640,2.5556,160,360,520,2.25,150,290,440,1.9333,130,180,310,1.3846,110,130,240,1.1818,100,110,210,1.1,130,74
910,220,590,200,400,600,2.0,170,290,460,1.7059,150,230,380,1.5333,140,140,280,1.0,120,110,230,0.91667,110,100,210,0.90909,130,75
920,320,540,190,470,660,2.4737,160,340,500,2.125,140,280,420,2.0,130,150,280,1.1538,110,110,220,1.0,100,90,190,0.9,130,75
940,230,680,180,460,640,2.5556,150,340,490,2.2667,140,280,420,2.0,120,160,280,1.3333,110,120,230,1.0909,90,110,200,1.2222,130,75
920,260,640,200,480,680,2.4,160,330,490,2.0625,160,270,430,1.6875,130,150,280,1.1538,120,110,230,0.91667,110,90,200,0.81818,130,75
910,280,700,200,450,650,2.25,170,320,490,1.8824,160,260,420,1.625,140,160,300,1.1429,120,120,240,1.0,110,100,210,0.90909,131,75
910,210,680,230,420,650,1.8261,230,290,520,1.2609,230,230,460,1.0,150,150,300,1.0,130,100,230,0.76923,110,90,200,0.81818,131,75
930,230,670,170,470,640,2.7647,140,340,480,2.4286,140,280,420,2.0,120,160,280,1.3333,100,120,220,1.2,80,110,190,1.375,130,75
930,280,650,190,440,630,2.3158,160,320,480,2.0,150,270,420,1.8,130,160,290,1.2308,110,120,230,1.0909,100,110,210,1.1,130,75
920,280,670,200,470,670,2.35,160,340,500,2.125,160,270,430,1.6875,140,160,300,1.1429,120,110,230,0.91667,110,100,210,0.90909,130,75
900,250,690,190,470,660,2.4737,170,330,500,1.9412,160,270,430,1.6875,140,160,300,1.1429,130,120,250,0.92308,110,100,210,0.90909,130,75
930,210,700,230,490,720,2.1304,170,370,540,2.1765,160,320,480,2.0,140,200,340,1.4286,110,150,260,1.3636,100,120,220,1.2,131,75
920,230,620,250,420,670,1.68,170,300,470,1.7647,160,240,400,1.5,130,150,280,1.1538,110,120,230,1.0909,100,100,200,1.0,131,76
920,300,620,190,500,690,2.6316,150,350,500,2.3333,150,280,430,1.8667,130,160,290,1.2308,110,110,220,1.0,100,100,200,1.0,131,76
920,210,590,180,440,620,2.4444,150,320,470,2.1333,150,270,420,1.8,130,160,290,1.2308,110,120,230,1.0909,100,100,200,1.0,131,76
920,330,680,180,420,600,2.3333,160,280,440,1.75,150,220,370,1.4667,140,170,310,1.2143,110,120,230,1.0909,100,110,210,1.1,131,76
910,240,540,190,430,620,2.2632,170,310,480,1.8235,160,260,420,1.625,140,150,290,1.0714,120,120,240,1.0,100,100,200,1.0,132,76
920,270,630,170,430,600,2.5294,160,310,470,1.9375,150,240,390,1.6,130,140,270,1.0769,110,110,220,1.0,100,90,190,0.9,132,76
910,290,580,180,460,640,2.5556,160,330,490,2.0625,150,270,420,1.8,130,160,290,1.2308,110,110,220,1.0,100,90,190,0.9,132,76
930,330,660,290,670,960,2.3103,160,420,580,2.625,150,340,490,2.2667,120,190,310,1.5833,110,140,250,1.2727,90,120,210,1.3333,131,76
930,270,650,180,450,630,2.5,160,320,480,2.0,150,260,410,1.7333,130,160,290,1.2308,110,120,230,1.0909,100,100,200,1.0,131,76
910,280,680,200,410,610,2.05,180,300,480,1.6667,170,240,410,1.4118,150,160,310,1.0667,130,110,240,0.84615,110,90,200,0.81818,132,76
910,230,710,220,490,710,2.2273,180,370,550,2.0556,170,300,470,1.7647,140,190,330,1.3571,120,130,250,1.0833,110,110,220,1.0,133,77
920,200,610,220,400,620,1.8182,170,290,460,1.7059,160,220,380,1.375,130,150,280,1.1538,120,120,240,1.0,100,100,200,1.0,132,77
920,310,680,170,470,640,2.7647,160,330,490,2.0625,140,280,420,2.0,130,160,290,1.2308,100,120,220,1.2,90,100,190,1.1111,132,76
920,260,640,180,440,620,2.4444,160,320,480,2.0,150,260,410,1.7333,130,160,290,1.2308,110,120,230,1.0909,100,100,200,1.0,131,76
920,280,680,180,520,700,2.8889,160,350,510,2.1875,150,290,440,1.9333,140,160,300,1.1429,110,120,230,1.0909,100,100,200,1.0,132,76
900,240,680,190,430,620,2.2632,170,310,480,1.8235,160,250,410,1.5625,140,150,290,1.0714,120,120,240,1.0,100,90,190,0.9,132,76
930,220,690,240,450,690,1.875,180,330,510,1.8333,160,280,440,1.75,140,190,330,1.3571,110,140,250,1.2727,100,120,220,1.2,132,76
910,240,560,180,570,750,3.1667,170,360,530,2.1176,160,290,450,1.8125,120,160,280,1.3333,120,120,240,1.0,100,90,190,0.9,132,76
920,350,650,180,480,660,2.6667,160,340,500,2.125,150,280,430,1.8667,130,160,290,1.2308,110,110,220,1.0,100,100,200,1.0,131,76
920,270,690,190,450,640,2.3684,160,340,500,2.125,150,290,440,1.9333,130,190,320,1.4615,120,140,260,1.1667,100,110,210,1.1,131,76
910,230,510,190,450,640,2.3684,160,310,470,1.9375,150,250,400,1.6667,140,150,290,1.0714,120,110,230,0.91667,110,90,200,0.81818,131,76
920,400,690,180,440,620,2.4444,160,300,460,1.875,150,280,430,1.8667,130,170,300,1.3077,110,120,230,1.0909,100,110,210,1.1,131,76
910,230,710,190,470,660,2.4737,170,340,510,2.0,160,280,440,1.75,140,170,310,1.2143,120,120,240,1.0,100,110,210,1.1,132,76
910,200,660,220,390,610,1.7727,170,280,450,1.6471,160,230,390,1.4375,130,160,290,1.2308,110,130,240,1.1818,100,100,200,1.0,131,76
930,250,650,180,470,650,2.6111,150,330,480,2.2,140,270,410,1.9286,120,150,270,1.25,110,110,220,1.0,90,100,190,1.1111,130,76
910,280,680,190,460,650,2.4211,170,320,490,1.8824,150,260,410,1.7333,140,150,290,1.0714,120,110,230,0.91667,100,90,190,0.9,130,76
580,230,500,190,500,690,2.6316,160,350,510,2.1875,150,290,440,1.9333,130,170,300,1.3077,120,120,240,1.0,100,100,200,1.0,131,76
930,220,710,180,400,580,2.2222,160,280,440,1.75,150,210,360,1.4,120,150,270,1.25,100,110,210,1.1,90,80,170,0.88889,131,76
910,220,700,240,450,690,1.875,200,340,540,1.7,180,300,480,1.6667,150,190,340,1.2667,130,130,260,1.0,110,110,220,1.0,131,76
910,210,590,180,470,650,2.6111,150,320,470,2.1333,140,270,410,1.9286,130,150,280,1.1538,100,110,210,1.1,100,100,200,1.0,131,76
920,320,580,180,470,650,2.6111,150,340,490,2.2667,140,270,410,1.9286,130,150,280,1.1538,100,110,210,1.1,90,90,180,1.0,130,76
920,340,700,190,490,680,2.5789,170,330,500,1.9412,160,270,430,1.6875,140,170,310,1.2143,110,120,230,1.0909,90,90,180,1.0,130,76
920,220,580,180,450,630,2.5,160,320,480,2.0,150,250,400,1.6667,140,160,300,1.1429,110,120,230,1.0909,90,100,190,1.1111,130,75
910,340,690,190,490,680,2.5789,170,340,510,2.0,160,290,450,1.8125,130,170,300,1.3077,120,110,230,0.91667,100,90,190,0.9,130,75
900,220,700,200,430,630,2.15,170,320,490,1.8824,160,250,410,1.5625,140,160,300,1.1429,120,120,240,1.0,110,100,210,0.90909,132,76
920,200,630,220,420,640,1.9091,180,310,490,1.7222,170,260,430,1.5294,140,180,320,1.2857,120,130,250,1.0833,100,110,210,1.1,132,76
910,290,610,190,620,810,3.2632,160,440,600,2.75,150,360,510,2.4,130,190,320,1.4615,110,110,220,1.0,100,100,200,1.0,131,76
900,300,670,180,470,650,2.6111,160,340,500,2.125,150,270,420,1.8,130,160,290,1.2308,110,110,220,1.0,100,90,190,0.9,131,76
910,230,590,180,440,620,2.4444,150,340,490,2.2667,150,290,440,1.9333,130,160,290,1.2308,110,120,230,1.0909,100,100,200,1.0,131,76
900,320,650,180,510,690,2.8333,150,330,480,2.2,150,270,420,1.8,130,160,290,1.2308,110,110,220,1.0,90,100,190,1.1111,131,76
920,250,680,190,420,610,2.2105,160,340,500,2.125,160,300,460,1.875,130,180,310,1.3846,120,120,240,1.0,100,100,200,1.0,131,76
900,240,690,260,470,730,1.8077,210,360,570,1.7143,190,300,490,1.5789,160,190,350,1.1875,130,130,260,1.0,120,100,220,0.8333299999999999,132,76
910,210,540,190,410,600,2.1579,160,300,460,1.875,150,240,390,1.6,130,160,290,1.2308,110,120,230,1.0909,100,100,200,1.0,132,76
920,370,620,230,630,860,2.7391,170,400,570,2.3529,160,330,490,2.0625,130,180,310,1.3846,120,120,240,1.0,100,100,200,1.0,131,76
900,300,580,180,440,620,2.4444,170,330,500,1.9412,150,260,410,1.7333,140,150,290,1.0714,120,100,220,0.8333299999999999,100,80,180,0.8,131,76
930,320,700,170,440,610,2.5882,150,320,470,2.1333,140,270,410,1.9286,110,160,270,1.4545,80,120,200,1.5,70,110,180,1.5714,131,76
910,230,660,190,670,860,3.5263,170,340,510,2.0,160,280,440,1.75,140,160,300,1.1429,120,110,230,0.91667,110,100,210,0.90909,132,76
910,250,700,210,390,600,1.8571,180,260,440,1.4444,170,200,370,1.1765,150,160,310,1.0667,120,120,240,1.0,110,110,220,1.0,132,76
910,210,640,230,420,650,1.8261,200,310,510,1.55,180,250,430,1.3889,140,160,300,1.1429,130,120,250,0.92308,110,110,220,1.0,132,76
920,270,630,170,640,810,3.7647,150,350,500,2.3333,140,270,410,1.9286,130,160,290,1.2308,100,120,220,1.2,100,90,190,0.9,132,76
920,290,680,170,460,630,2.7059,160,330,490,2.0625,150,270,420,1.8,130,150,280,1.1538,110,110,220,1.0,100,90,190,0.9,131,76
930,240,690,180,460,640,2.5556,160,330,490,2.0625,150,270,420,1.8,130,160,290,1.2308,110,120,230,1.0909,90,100,190,1.1111,131,76
910,240,550,190,450,640,2.3684,170,320,490,1.8824,160,250,410,1.5625,140,160,300,1.1429,110,110,220,1.0,110,90,200,0.81818,131,76
920,360,690,190,480,670,2.5263,170,320,490,1.8824,160,260,420,1.625,130,160,290,1.2308,120,120,240,1.0,100,100,200,1.0,131,76
900,230,700,250,480,730,1.92,210,350,560,1.6667,190,290,480,1.5263,170,180,350,1.0588,140,120,260,0.85714,140,100,240,0.71429,132,76
910,200,620,210,410,620,1.9524,160,290,450,1.8125,150,230,380,1.5333,130,150,280,1.1538,110,120,230,1.0909,100,110,210,1.1,131,76
920,290,570,180,580,760,3.2222,150,420,570,2.8,140,360,500,2.5714,120,180,300,1.5,100,120,220,1.2,90,100,190,1.1111,131,76
900,350,690,180,450,630,2.5,160,320,480,2.0,150,250,400,1.6667,130,150,280,1.1538,110,110,220,1.0,100,90,190,0.9,130,76
930,210,680,180,450,630,2.5,160,360,520,2.25,150,300,450,2.0,130,180,310,1.3846,100,130,230,1.3,90,100,190,1.1111,130,76
920,250,660,190,670,860,3.5263,170,350,520,2.0588,160,290,450,1.8125,140,170,310,1.2143,120,120,240,1.0,100,90,190,0.9,130,76
900,260,670,200,440,640,2.2,170,320,490,1.8824,170,260,430,1.5294,140,160,300,1.1429,130,110,240,0.84615,110,90,200,0.81818,131,76
910,230,630,250,430,680,1.72,200,310,510,1.55,180,260,440,1.4444,150,170,320,1.1333,130,120,250,0.92308,110,110,220,1.0,130,76
910,280,610,180,420,600,2.3333,150,310,460,2.0667,140,240,380,1.7143,130,150,280,1.1538,110,110,220,1.0,100,90,190,0.9,129,75
910,300,670,180,680,860,3.7778,160,390,550,2.4375,150,320,470,2.1333,130,170,300,1.3077,120,120,240,1.0,100,90,190,0.9,129,75
900,240,690,180,440,620,2.4444,160,320,480,2.0,150,260,410,1.7333,130,150,280,1.1538,110,110,220,1.0,100,90,190,0.9,129,75
920,210,590,180,420,600,2.3333,150,320,470,2.1333,140,270,410,1.9286,120,180,300,1.5,110,130,240,1.1818,90,110,200,1.2222,129,75
920,330,680,180,640,820,3.5556,160,360,520,2.25,150,300,450,2.0,140,180,320,1.2857,110,120,230,1.0909,100,110,210,1.1,130,75
900,240,690,230,430,660,1.8696,180,340,520,1.8889,180,290,470,1.6111,150,180,330,1.2,130,120,250,0.92308,110,100,210,0.90909,130,76
910,210,620,230,420,650,1.8261,190,300,490,1.5789,170,240,410,1.4118,150,160,310,1.0667,130,120,250,0.92308,110,100,210,0.90909,130,76
930,270,680,180,450,630,2.5,160,320,480,2.0,150,270,420,1.8,130,160,290,1.2308,110,110,220,1.0,100,100,200,1.0,129,75
910,250,690,190,700,890,3.6842,170,360,530,2.1176,160,300,460,1.875,140,180,320,1.2857,120,120,240,1.0,110,100,210,0.90909,129,75
910,220,710,180,440,620,2.4444,160,320,480,2.0,150,270,420,1.8,140,170,310,1.2143,110,130,240,1.1818,100,110,210,1.1,130,74
920,200,680,220,430,650,1.9545,220,320,540,1.4545,180,260,440,1.4444,150,170,320,1.1333,120,130,250,1.0833,100,110,210,1.1,130,74
910,240,550,180,460,640,2.5556,160,330,490,2.0625,150,250,400,1.6667,130,140,270,1.0769,110,110,220,1.0,100,90,190,0.9,129,74
920,300,690,180,450,630,2.5,160,330,490,2.0625,150,260,410,1.7333,130,160,290,1.2308,110,120,230,1.0909,100,90,190,0.9,128,74
930,230,690,180,410,590,2.2778,160,300,460,1.875,150,270,420,1.8,120,160,280,1.3333,110,120,230,1.0909,90,100,190,1.1111,128,74
910,240,670,200,480,680,2.4,170,330,500,1.9412,170,270,440,1.5882,150,160,310,1.0667,130,110,240,0.84615,110,90,200,0.81818,128,74
910,240,700,260,510,770,1.9615,210,390,600,1.8571,180,330,510,1.8333,160,220,380,1.375,130,140,270,1.0769,120,110,230,0.91667,129,74
910,210,620,190,410,600,2.1579,160,300,460,1.875,150,230,380,1.5333,130,150,280,1.1538,110,110,220,1.0,100,100,200,1.0,129,74
930,290,600,180,500,680,2.7778,150,360,510,2.4,140,290,430,2.0714,120,160,280,1.3333,100,110,210,1.1,90,100,190,1.1111,128,74
910,330,690,200,700,900,3.5,170,430,600,2.5294,160,350,510,2.1875,140,190,330,1.3571,110,130,240,1.1818,100,110,210,1.1,128,74
930,220,650,180,430,610,2.3889,150,320,470,2.1333,140,260,400,1.8571,120,160,280,1.3333,110,120,230,1.0909,90,110,200,1.2222,128,74
900,260,690,200,430,630,2.15,170,310,480,1.8235,160,260,420,1.625,140,150,290,1.0714,120,110,230,0.91667,110,100,210,0.90909,129,75
920,210,630,230,420,650,1.8261,230,300,530,1.3043,200,260,460,1.3,150,200,350,1.3333,130,140,270,1.0769,110,120,230,1.0909,129,75
910,290,600,180,450,630,2.5,160,300,460,1.875,150,250,400,1.6667,130,140,270,1.0769,110,100,210,0.90909,100,90,190,0.9,129,75
910,310,450,180,460,640,2.5556,160,330,490,2.0625,150,260,410,1.7333,130,140,270,1.0769,120,100,220,0.8333299999999999,100,90,190,0.9,128,75
920,230,700,190,460,650,2.4211,160,320,480,2.0,150,260,410,1.7333,130,150,280,1.1538,110,110,220,1.0,100,100,200,1.0,128,74
910,220,680,200,460,660,2.3,170,330,500,1.9412,160,270,430,1.6875,140,150,290,1.0714,120,110,230,0.91667,110,100,210,0.90909,129,75
890,230,700,240,480,720,2.0,180,350,530,1.9444,170,300,470,1.7647,150,170,320,1.1333,130,120,250,0.92308,110,100,210,0.90909,129,75
930,190,600,210,420,630,2.0,160,290,450,1.8125,150,220,370,1.4667,120,150,270,1.25,110,120,230,1.0909,90,100,190,1.1111,129,75
910,330,570,180,490,670,2.7222,160,340,500,2.125,150,280,430,1.8667,130,150,280,1.1538,110,110,220,1.0,100,90,190,0.9,128,75
920,340,690,180,700,880,3.8889,150,450,600,3.0,150,380,530,2.5333,130,150,280,1.1538,110,110,220,1.0,90,100,190,1.1111,128,75
920,230,670,180,420,600,2.3333,160,310,470,1.9375,150,260,410,1.7333,130,160,290,1.2308,110,120,230,1.0909,100,100,200,1.0,128,75
910,250,660,190,440,630,2.3158,170,350,520,2.0588,150,290,440,1.9333,140,160,300,1.1429,110,110,220,1.0,110,100,210,0.90909,129,75
920,250,700,190,440,630,2.3158,170,320,490,1.8824,160,270,430,1.6875,110,160,270,1.4545,110,120,230,1.0909,110,100,210,0.90909,130,75
910,220,620,240,430,670,1.7917,200,320,520,1.6,180,270,450,1.5,150,170,320,1.1333,130,120,250,0.92308,120,100,220,0.8333299999999999,129,75
900,290,600,210,570,780,2.7143,170,350,520,2.0588,160,280,440,1.75,130,160,290,1.2308,120,110,230,0.91667,110,90,200,0.81818,129,75
930,300,610,170,470,640,2.7647,160,340,500,2.125,140,270,410,1.9286,120,160,280,1.3333,110,110,220,1.0,90,100,190,1.1111,129,75
920,320,680,170,460,630,2.7059,150,330,480,2.2,140,270,410,1.9286,120,160,280,1.3333,80,120,200,1.5,60,90,150,1.5,129,75
900,240,660,190,450,640,2.3684,170,320,490,1.8824,160,260,420,1.625,140,150,290,1.0714,120,110,230,0.91667,110,90,200,0.81818,129,75
920,240,680,180,430,610,2.3889,160,290,450,1.8125,150,220,370,1.4667,130,170,300,1.3077,110,120,230,1.0909,100,110,210,1.1,129,75
900,240,700,200,440,640,2.2,180,320,500,1.7778,160,260,420,1.625,140,160,300,1.1429,120,110,230,0.91667,110,100,210,0.90909,130,76
910,360,630,180,510,690,2.8333,150,360,510,2.4,140,290,430,2.0714,120,160,280,1.3333,100,120,220,1.2,90,100,190,1.1111,129,76
920,280,620,170,480,650,2.8235,150,350,500,2.3333,140,280,420,2.0,120,160,280,1.3333,100,120,220,1.2,100,100,200,1.0,129,75
910,300,680,220,690,910,3.1364,170,380,550,2.2353,160,330,490,2.0625,140,180,320,1.2857,120,120,240,1.0,100,100,200,1.0,129,75
860,230,680,180,690,870,3.8333,160,360,520,2.25,150,300,450,2.0,130,180,310,1.3846,110,130,240,1.1818,90,100,190,1.1111,130,76
900,230,700,250,470,720,1.88,190,360,550,1.8947,180,310,490,1.7222,150,200,350,1.3333,120,140,260,1.1667,100,120,220,1.2,131,76
920,200,560,170,420,590,2.4706,150,310,460,2.0667,140,240,380,1.7143,120,140,260,1.1667,100,120,220,1.2,90,90,180,1.0,130,76
910,360,640,180,500,680,2.7778,160,350,510,2.1875,150,290,440,1.9333,130,150,280,1.1538,110,110,220,1.0,100,100,200,1.0,130,76
910,270,690,190,700,890,3.6842,160,330,490,2.0625,150,270,420,1.8,130,150,280,1.1538,120,110,230,0.91667,100,100,200,1.0,130,76
910,220,650,180,450,630,2.5,160,320,480,2.0,150,270,420,1.8,130,160,290,1.2308,110,110,220,1.0,100,90,190,0.9,130,76
900,260,680,190,640,830,3.3684,170,400,570,2.3529,160,330,490,2.0625,140,190,330,1.3571,120,120,240,1.0,100,100,200,1.0,130,75
910,220,700,180,470,650,2.6111,160,340,500,2.125,150,280,430,1.8667,130,170,300,1.3077,120,130,250,1.0833,100,110,210,1.1,131,76
870,210,650,230,430,660,1.8696,210,320,530,1.5238,180,270,450,1.5,140,170,310,1.2143,120,130,250,1.0833,100,120,220,1.2,131,76
920,270,640,180,460,640,2.5556,160,330,490,2.0625,140,270,410,1.9286,130,160,290,1.2308,110,110,220,1.0,100,90,190,0.9,130,76
900,280,630,200,430,630,2.15,170,330,500,1.9412,160,290,450,1.8125,140,150,290,1.0714,120,110,230,0.91667,110,90,200,0.81818,130,76
920,270,630,180,500,680,2.7778,150,350,500,2.3333,150,280,430,1.8667,110,170,280,1.5455,110,120,230,1.0909,90,110,200,1.2222,130,76
900,290,680,190,430,620,2.2632,160,350,510,2.1875,150,290,440,1.9333,140,170,310,1.2143,110,120,230,1.0909,110,110,220,1.0,130,76
920,220,710,240,490,730,2.0417,170,370,540,2.1765,160,310,470,1.9375,140,190,330,1.3571,120,130,250,1.0833,100,120,220,1.2,131,76
910,210,580,230,400,630,1.7391,170,280,450,1.6471,160,230,390,1.4375,130,150,280,1.1538,120,120,240,1.0,100,100,200,1.0,131,76
910,330,580,230,590,820,2.5652,170,420,590,2.4706,160,330,490,2.0625,130,180,310,1.3846,110,120,230,1.0909,100,100,200,1.0,130,76
910,330,630,180,450,630,2.5,160,320,480,2.0,150,260,410,1.7333,130,150,280,1.1538,110,110,220,1.0,100,100,200,1.0,130,76
920,280,640,180,440,620,2.4444,150,320,470,2.1333,140,260,400,1.8571,110,160,270,1.4545,90,110,200,1.2222,70,100,170,1.4286,129,75
910,280,680,190,690,880,3.6316,160,360,520,2.25,150,290,440,1.9333,140,160,300,1.1429,110,120,230,1.0909,100,100,200,1.0,130,75
910,230,690,210,390,600,1.8571,170,260,430,1.5294,160,210,370,1.3125,140,170,310,1.2143,120,120,240,1.0,100,110,210,1.1,130,76
910,220,690,240,440,680,1.8333,200,320,520,1.6,150,270,420,1.8,150,180,330,1.2,130,130,260,1.0,120,110,230,0.91667,130,76
910,220,570,180,580,760,3.2222,150,300,450,2.0,150,240,390,1.6,120,150,270,1.25,110,110,220,1.0,90,100,190,1.1111,130,76
920,340,580,180,460,640,2.5556,140,330,470,2.3571,140,270,410,1.9286,130,160,290,1.2308,110,120,230,1.0909,100,100,200,1.0,129,75
920,340,660,180,430,610,2.3889,160,310,470,1.9375,150,240,390,1.6,130,150,280,1.1538,110,110,220,1.0,100,90,190,0.9,129,75
910,260,530,190,430,620,2.2632,170,310,480,1.8235,150,240,390,1.6,140,150,290,1.0714,120,110,230,0.91667,100,90,190,0.9,129,75
910,380,680,190,680,870,3.5789,170,350,520,2.0588,160,280,440,1.75,140,170,310,1.2143,120,130,250,1.0833,100,100,200,1.0,130,75
900,230,700,220,450,670,2.0455,180,320,500,1.7778,160,260,420,1.625,150,170,320,1.1333,130,120,250,0.92308,120,100,220,0.8333299999999999,130,76
910,200,610,220,420,640,1.9091,180,320,500,1.7778,160,250,410,1.5625,140,160,300,1.1429,110,130,240,1.1818,100,110,210,1.1,130,76
900,300,590,170,600,770,3.5294,150,400,550,2.6667,140,330,470,2.3571,130,140,270,1.0769,110,100,210,0.90909,90,80,170,0.88889,129,75
910,310,570,170,450,620,2.6471,150,320,470,2.1333,140,260,400,1.8571,120,150,270,1.25,100,110,210,1.1,90,100,190,1.1111,129,75
910,340,660,180,440,620,2.4444,150,330,480,2.2,140,270,410,1.9286,120,160,280,1.3333,100,110,210,1.1,100,100,200,1.0,129,75
920,210,580,230,430,660,1.8696,170,300,470,1.7647,160,250,410,1.5625,130,160,290,1.2308,120,120,240,1.0,100,100,200,1.0,129,75
920,350,700,190,450,640,2.3684,160,320,480,2.0,150,260,410,1.7333,130,150,280,1.1538,110,110,220,1.0,100,100,200,1.0,128,75
920,220,620,190,460,650,2.4211,160,370,530,2.3125,150,330,480,2.2,130,210,340,1.6154,110,120,230,1.0909,110,100,210,0.90909,128,75
570,300,540,190,550,740,2.8947,160,380,540,2.375,150,300,450,2.0,140,180,320,1.2857,120,120,240,1.0,100,100,200,1.0,128,75
920,220,670,240,440,680,1.8333,220,330,550,1.5,180,270,450,1.5,150,170,320,1.1333,130,130,260,1.0,110,110,220,1.0,128,74
910,250,620,180,450,630,2.5,160,330,490,2.0625,150,250,400,1.6667,130,140,270,1.0769,110,110,220,1.0,100,90,190,0.9,128,74
920,290,630,280,640,920,2.2857,170,420,590,2.4706,160,340,500,2.125,140,190,330,1.3571,120,120,240,1.0,110,100,210,0.90909,128,74
910,290,690,190,450,640,2.3684,160,320,480,2.0,160,260,420,1.625,130,150,280,1.1538,120,110,230,0.91667,110,90,200,0.81818,128,74
920,220,690,180,460,640,2.5556,150,310,460,2.0667,150,260,410,1.7333,120,150,270,1.25,100,110,210,1.1,80,100,180,1.25,129,74
910,230,690,190,510,700,2.6842,170,350,520,2.0588,150,290,440,1.9333,140,170,310,1.2143,120,120,240,1.0,110,100,210,0.90909,129,74
920,220,710,240,470,710,1.9583,200,340,540,1.7,180,270,450,1.5,150,170,320,1.1333,130,140,270,1.0769,110,120,230,1.0909,130,75
920,210,550,230,410,640,1.7826,180,290,470,1.6111,170,230,400,1.3529,150,140,290,0.93333,120,120,240,1.0,110,90,200,0.81818,129,75
910,370,360,190,370,560,1.9474,160,340,500,2.125,150,280,430,1.8667,140,150,290,1.0714,110,110,220,1.0,100,90,190,0.9,129,75
900,300,680,200,490,690,2.45,170,340,510,2.0,160,280,440,1.75,140,160,300,1.1429,120,110,230,0.91667,110,90,200,0.81818,129,75
910,220,550,180,560,740,3.1111,160,360,520,2.25,150,300,450,2.0,120,170,290,1.4167,110,120,230,1.0909,90,100,190,1.1111,129,75
910,360,700,180,440,620,2.4444,160,320,480,2.0,150,260,410,1.7333,140,160,300,1.1429,110,120,230,1.0909,100,110,210,1.1,130,75
910,210,660,230,440,670,1.913,230,330,560,1.4348,200,280,480,1.4,170,170,340,1.0,140,130,270,0.92857,130,110,240,0.84615,130,75
910,250,620,180,430,610,2.3889,160,300,460,1.875,140,240,380,1.7143,130,140,270,1.0769,110,110,220,1.0,90,100,190,1.1111,130,75
920,290,620,190,630,820,3.3158,160,440,600,2.75,150,370,520,2.4667,130,220,350,1.6923,110,110,220,1.0,100,100,200,1.0,129,75
910,300,670,190,450,640,2.3684,160,320,480,2.0,150,260,410,1.7333,130,150,280,1.1538,110,110,220,1.0,110,90,200,0.81818,129,75
910,240,600,190,420,610,2.2105,160,330,490,2.0625,150,270,420,1.8,140,160,300,1.1429,110,120,230,1.0909,100,100,200,1.0,129,75
910,310,690,180,700,880,3.8889,130,380,510,2.9231,130,310,440,2.3846,130,180,310,1.3846,110,130,240,1.1818,90,110,200,1.2222,129,75
910,220,710,240,580,820,2.4167,170,380,550,2.2353,160,320,480,2.0,140,180,320,1.2857,120,130,250,1.0833,100,110,210,1.1,130,75
910,200,570,220,420,640,1.9091,190,300,490,1.5789,170,250,420,1.4706,150,160,310,1.0667,120,120,240,1.0,110,110,220,1.0,131,76
920,340,560,180,500,680,2.7778,150,360,510,2.4,140,280,420,2.0,120,160,280,1.3333,100,110,210,1.1,90,100,190,1.1111,131,76
910,360,630,180,640,820,3.5556,150,420,570,2.8,150,350,500,2.3333,130,190,320,1.4615,110,120,230,1.0909,100,100,200,1.0,130,76
920,280,570,180,460,640,2.5556,160,330,490,2.0625,150,280,430,1.8667,130,160,290,1.2308,110,120,230,1.0909,100,90,190,0.9,130,76
910,350,690,180,410,590,2.2778,160,280,440,1.75,150,200,350,1.3333,130,130,260,1.0,110,110,220,1.0,90,90,180,1.0,131,76
930,220,700,180,480,660,2.6667,160,340,500,2.125,150,280,430,1.8667,130,170,300,1.3077,110,130,240,1.1818,90,110,200,1.2222,132,76
900,230,700,250,450,700,1.8,250,340,590,1.36,200,330,530,1.65,170,220,390,1.2941,130,130,260,1.0,120,110,230,0.91667,132,76
930,200,640,180,430,610,2.3889,150,300,450,2.0,140,230,370,1.6429,120,150,270,1.25,110,110,220,1.0,90,100,190,1.1111,132,76
910,290,530,190,480,670,2.5263,160,340,500,2.125,150,280,430,1.8667,130,150,280,1.1538,120,110,230,0.91667,100,90,190,0.9,132,76
920,290,580,180,440,620,2.4444,150,320,470,2.1333,140,260,400,1.8571,130,160,290,1.2308,100,120,220,1.2,90,100,190,1.1111,131,76
920,340,680,190,460,650,2.4211,170,320,490,1.8824,150,270,420,1.8,140,150,290,1.0714,110,120,230,1.0909,100,100,200,1.0,131,76
910,240,700,190,450,640,2.3684,170,320,490,1.8824,160,260,420,1.625,140,160,300,1.1429,120,110,230,0.91667,110,100,210,0.90909,132,76
900,210,630,230,410,640,1.7826,230,290,520,1.2609,220,220,440,1.0,170,140,310,0.8235299999999999,140,100,240,0.71429,130,80,210,0.61538,131,76
910,270,550,180,450,630,2.5,150,330,480,2.2,150,270,420,1.8,120,150,270,1.25,110,110,220,1.0,100,100,200,1.0,131,76
910,230,680,190,510,700,2.6842,170,330,500,1.9412,160,270,430,1.6875,130,160,290,1.2308,120,110,230,0.91667,100,90,190,0.9,131,76
900,230,670,190,450,640,2.3684,170,330,500,1.9412,160,260,420,1.625,140,160,300,1.1429,120,120,240,1.0,100,100,200,1.0,131,76
900,230,700,250,480,730,1.92,180,370,550,2.0556,160,320,480,2.0,140,190,330,1.3571,120,140,260,1.1667,100,120,220,1.2,131,76
930,200,580,210,420,630,2.0,160,300,460,1.875,140,250,390,1.7857,120,160,280,1.3333,100,130,230,1.3,90,110,200,1.2222,131,76
910,350,560,180,500,680,2.7778,170,340,510,2.0,150,280,430,1.8667,140,150,290,1.0714,110,110,220,1.0,100,90,190,0.9,131,76
910,220,690,180,480,660,2.6667,170,340,510,2.0,150,280,430,1.8667,130,170,300,1.3077,120,130,250,1.0833,100,110,210,1.1,132,76
910,220,690,240,420,660,1.75,190,300,490,1.5789,170,250,420,1.4706,150,170,320,1.1333,130,130,260,1.0,110,110,220,1.0,131,76
920,220,690,180,450,630,2.5,160,330,490,2.0625,150,260,410,1.7333,130,160,290,1.2308,110,120,230,1.0909,100,100,200,1.0,131,76
910,230,660,190,470,660,2.4737,160,340,500,2.125,150,280,430,1.8667,130,150,280,1.1538,120,110,230,0.91667,100,100,200,1.0,131,76
920,250,660,180,490,670,2.7222,160,350,510,2.1875,150,290,440,1.9333,130,160,290,1.2308,110,120,230,1.0909,100,100,200,1.0,131,76
910,260,600,190,440,630,2.3158,170,310,480,1.8235,150,260,410,1.7333,140,150,290,1.0714,120,110,230,0.91667,110,90,200,0.81818,132,76
920,310,690,190,400,590,2.1053,170,260,430,1.5294,150,200,350,1.3333,140,130,270,0.92857,110,90,200,0.81818,100,80,180,0.8,132,76
910,230,700,210,470,680,2.2381,180,350,530,1.9444,170,290,460,1.7059,140,180,320,1.2857,130,120,250,0.92308,110,100,210,0.90909,132,76
910,210,590,230,410,640,1.7826,200,300,500,1.5,170,260,430,1.5294,150,160,310,1.0667,130,120,250,0.92308,110,100,210,0.90909,132,76
920,320,650,180,500,680,2.7778,160,340,500,2.125,150,280,430,1.8667,130,160,290,1.2308,110,110,220,1.0,90,100,190,1.1111,132,76
920,270,490,190,460,650,2.4211,160,330,490,2.0625,150,270,420,1.8,130,150,280,1.1538,120,110,230,0.91667,100,100,200,1.0,132,76
910,190,700,170,410,580,2.4118,150,300,450,2.0,140,250,390,1.7857,130,160,290,1.2308,110,120,230,1.0909,100,100,200,1.0,133,76
930,210,690,230,460,690,2.0,190,350,540,1.8421,170,290,460,1.7059,140,190,330,1.3571,120,140,260,1.1667,100,120,220,1.2,133,77
900,240,630,190,490,680,2.5789,170,320,490,1.8824,160,240,400,1.5,140,140,280,1.0,120,100,220,0.8333299999999999,100,80,180,0.8,133,77
920,270,660,180,460,640,2.5556,150,330,480,2.2,150,270,420,1.8,120,150,270,1.25,110,110,220,1.0,100,100,200,1.0,132,76
910,260,630,180,480,660,2.6667,150,370,520,2.4667,150,320,470,2.1333,130,160,290,1.2308,110,110,220,1.0,100,100,200,1.0,132,76
910,280,620,180,460,640,2.5556,160,320,480,2.0,150,270,420,1.8,130,160,290,1.2308,110,120,230,1.0909,100,100,200,1.0,132,76
910,290,690,180,490,670,2.7222,160,380,540,2.375,150,320,470,2.1333,130,180,310,1.3846,110,130,240,1.1818,100,110,210,1.1,132,76
900,220,710,180,450,630,2.5,160,330,490,2.0625,150,270,420,1.8,130,170,300,1.3077,110,130,240,1.1818,90,110,200,1.2222,132,76
940,190,700,210,450,660,2.1429,180,340,520,1.8889,150,280,430,1.8667,130,180,310,1.3846,110,140,250,1.2727,90,120,210,1.3333,133,76
910,240,610,220,620,840,2.8182,170,410,580,2.4118,160,330,490,2.0625,130,170,300,1.3077,120,120,240,1.0,100,90,190,0.9,132,76
930,300,630,190,460,650,2.4211,160,330,490,2.0625,150,270,420,1.8,130,150,280,1.1538,110,110,220,1.0,100,90,190,0.9,132,76
900,300,610,200,450,650,2.25,170,320,490,1.8824,160,260,420,1.625,140,140,280,1.0,120,100,220,0.8333299999999999,90,80,170,0.88889,132,76
910,290,600,180,610,790,3.3889,160,360,520,2.25,150,280,430,1.8667,140,160,300,1.1429,110,120,230,1.0909,110,100,210,0.90909,132,76
900,310,670,200,390,590,1.95,180,270,450,1.5,160,230,390,1.4375,140,170,310,1.2143,120,130,250,1.0833,110,100,210,0.90909,133,76
900,230,690,250,480,730,1.92,190,370,560,1.9474,170,320,490,1.8824,150,200,350,1.3333,120,140,260,1.1667,110,110,220,1.0,133,76
920,210,600,180,390,570,2.1667,150,280,430,1.8667,130,210,340,1.6154,120,150,270,1.25,100,120,220,1.2,90,100,190,1.1111,133,76
920,320,650,180,530,710,2.9444,160,360,520,2.25,140,300,440,2.1429,130,160,290,1.2308,100,120,220,1.2,90,100,190,1.1111,133,76
920,270,650,180,480,660,2.6667,170,340,510,2.0,150,280,430,1.8667,130,160,290,1.2308,110,120,230,1.0909,100,90,190,0.9,132,76
910,270,680,210,610,820,2.9048,170,360,530,2.1176,170,300,470,1.7647,140,160,300,1.1429,130,110,240,0.84615,110,90,200,0.81818,132,76
880,230,680,190,690,880,3.6316,160,400,560,2.5,160,330,490,2.0625,140,180,320,1.2857,120,120,240,1.0,110,100,210,0.90909,133,76
940,200,730,200,450,650,2.25,150,300,450,2.0,130,230,360,1.7692,120,160,280,1.3333,90,120,210,1.3333,80,90,170,1.125,133,77
910,210,600,230,440,670,1.913,190,330,520,1.7368,180,270,450,1.5,140,170,310,1.2143,130,120,250,0.92308,110,110,220,1.0,133,77
900,310,680,180,490,670,2.7222,160,340,500,2.125,150,280,430,1.8667,130,150,280,1.1538,110,110,220,1.0,90,90,180,1.0,133,77
920,220,660,170,470,640,2.7647,150,340,490,2.2667,140,280,420,2.0,120,160,280,1.3333,100,120,220,1.2,90,110,200,1.2222,133,76
920,260,650,180,450,630,2.5,160,330,490,2.0625,150,270,420,1.8,130,150,280,1.1538,110,110,220,1.0,100,100,200,1.0,132,76
900,270,640,190,500,690,2.6316,170,330,500,1.9412,160,270,430,1.6875,140,150,290,1.0714,120,110,230,0.91667,110,90,200,0.81818,133,76
910,260,690,190,660,850,3.4737,170,370,540,2.1765,160,300,460,1.875,130,170,300,1.3077,120,130,250,1.0833,100,100,200,1.0,134,77
900,220,690,220,480,700,2.1818,180,360,540,2.0,160,300,460,1.875,150,180,330,1.2,120,120,240,1.0,120,120,240,1.0,134,77
910,210,620,230,430,660,1.8696,180,310,490,1.7222,160,250,410,1.5625,140,160,300,1.1429,120,120,240,1.0,110,110,220,1.0,133,77
910,290,690,170,700,870,4.1176,150,420,570,2.8,140,360,500,2.5714,130,190,320,1.4615,100,130,230,1.3,100,100,200,1.0,133,77
910,220,610,170,480,650,2.8235,150,350,500,2.3333,140,290,430,2.0714,120,170,290,1.4167,110,120,230,1.0909,90,100,190,1.1111,133,77
920,300,690,170,470,640,2.7647,160,370,530,2.3125,140,330,470,2.3571,120,170,290,1.4167,110,120,230,1.0909,90,110,200,1.2222,133,76
920,230,670,180,680,860,3.7778,160,400,560,2.5,150,330,480,2.2,130,190,320,1.4615,110,130,240,1.1818,100,110,210,1.1,133,77
910,250,680,200,440,640,2.2,180,350,530,1.9444,160,290,450,1.8125,150,170,320,1.1333,120,120,240,1.0,110,100,210,0.90909,134,77
900,230,690,250,460,710,1.84,210,340,550,1.619,180,280,460,1.5556,160,190,350,1.1875,140,130,270,0.92857,120,110,230,0.91667,134,77
920,210,640,180,420,600,2.3333,160,290,450,1.8125,150,230,380,1.5333,130,140,270,1.0769,110,110,220,1.0,100,90,190,0.9,134,77
910,280,620,210,630,840,3.0,170,410,580,2.4118,160,340,500,2.125,140,180,320,1.2857,120,120,240,1.0,110,100,210,0.90909,133,77
930,290,660,180,470,650,2.6111,160,350,510,2.1875,150,280,430,1.8667,130,160,290,1.2308,120,120,240,1.0,100,100,200,1.0,133,76
910,230,690,190,480,670,2.5263,170,350,520,2.0588,150,280,430,1.8667,130,160,290,1.2308,110,120,230,1.0909,100,90,190,0.9,133,76
910,220,680,180,690,870,3.8333,160,370,530,2.3125,150,300,450,2.0,130,170,300,1.3077,110,120,230,1.0909,90,100,190,1.1111,134,77
840,230,690,190,500,690,2.6316,160,350,510,2.1875,150,290,440,1.9333,130,160,290,1.2308,110,120,230,1.0909,100,100,200,1.0,134,77
910,210,640,200,420,620,2.1,160,300,460,1.875,160,240,400,1.5,130,140,270,1.0769,120,110,230,0.91667,100,100,200,1.0,134,77
910,270,580,190,590,780,3.1053,160,420,580,2.625,150,350,500,2.3333,130,160,290,1.2308,110,110,220,1.0,100,90,190,0.9,134,77
910,330,610,180,460,640,2.5556,160,340,500,2.125,150,270,420,1.8,130,150,280,1.1538,110,120,230,1.0909,100,90,190,0.9,133,77
900,300,680,190,440,630,2.3158,170,330,500,1.9412,160,280,440,1.75,130,160,290,1.2308,120,120,240,1.0,100,90,190,0.9,133,76
920,220,690,180,700,880,3.8889,150,390,540,2.6,150,310,460,2.0667,130,190,320,1.4615,110,130,240,1.1818,90,100,190,1.1111,133,76
890,230,690,200,470,670,2.35,170,340,510,2.0,150,270,420,1.8,140,160,300,1.1429,120,120,240,1.0,110,110,220,1.0,134,77
920,200,680,220,450,670,2.0455,200,340,540,1.7,160,280,440,1.75,130,180,310,1.3846,110,140,250,1.2727,100,120,220,1.2,134,77
910,240,620,170,460,630,2.7059,160,320,480,2.0,140,250,390,1.7857,120,150,270,1.25,110,110,220,1.0,90,90,180,1.0,133,77
920,290,650,180,660,840,3.6667,150,420,570,2.8,150,340,490,2.2667,120,190,310,1.5833,100,120,220,1.2,90,100,190,1.1111,133,76
900,270,630,190,450,640,2.3684,160,320,480,2.0,150,260,410,1.7333,130,150,280,1.1538,120,110,230,0.91667,110,90,200,0.81818,132,76
920,270,530,180,410,590,2.2778,160,300,460,1.875,140,240,380,1.7143,130,160,290,1.2308,110,120,230,1.0909,90,100,190,1.1111,132,76
910,390,680,190,500,690,2.6316,180,340,520,1.8889,160,280,440,1.75,140,170,310,1.2143,130,120,250,0.92308,110,90,200,0.81818,133,76
900,230,700,250,470,720,1.88,200,410,610,2.05,180,350,530,1.9444,160,220,380,1.375,120,140,260,1.1667,120,110,230,0.91667,134,77
910,200,590,220,420,640,1.9091,170,300,470,1.7647,150,230,380,1.5333,140,160,300,1.1429,110,120,230,1.0909,100,100,200,1.0,134,77
920,320,580,170,530,700,3.1176,150,360,510,2.4,140,280,420,2.0,130,160,290,1.2308,100,120,220,1.2,90,100,190,1.1111,133,77
910,270,640,190,440,630,2.3158,170,320,490,1.8824,160,260,420,1.625,140,150,290,1.0714,120,110,230,0.91667,110,90,200,0.81818,132,76
910,270,680,200,460,660,2.3,170,320,490,1.8824,170,260,430,1.5294,150,150,300,1.0,120,110,230,0.91667,120,100,220,0.8333299999999999,133,76
900,230,680,200,460,660,2.3,170,330,500,1.9412,160,270,430,1.6875,150,170,320,1.1333,120,120,240,1.0,110,100,210,0.90909,134,77
920,220,690,240,450,690,1.875,240,320,560,1.3333,210,260,470,1.2381,160,200,360,1.25,130,160,290,1.2308,120,130,250,1.0833,134,77
900,230,600,180,400,580,2.2222,160,290,450,1.8125,150,230,380,1.5333,140,140,280,1.0,120,110,230,0.91667,100,90,190,0.9,133,77
910,300,410,180,420,600,2.3333,150,340,490,2.2667,150,270,420,1.8,130,160,290,1.2308,110,110,220,1.0,90,100,190,1.1111,133,77
920,240,670,190,460,650,2.4211,160,320,480,2.0,140,260,400,1.8571,140,160,300,1.1429,110,120,230,1.0909,100,100,200,1.0,134,77
900,250,670,200,680,880,3.4,180,360,540,2.0,170,300,470,1.7647,150,170,320,1.1333,120,120,240,1.0,110,90,200,0.81818,134,77
910,300,620,170,490,660,2.8824,150,340,490,2.2667,140,280,420,2.0,130,160,290,1.2308,110,110,220,1.0,90,90,180,1.0,134,77
910,250,670,190,440,630,2.3158,160,320,480,2.0,150,260,410,1.7333,130,150,280,1.1538,120,110,230,0.91667,100,90,190,0.9,134,77
910,240,680,180,440,620,2.4444,160,350,510,2.1875,150,280,430,1.8667,140,160,300,1.1429,110,120,230,1.0909,100,90,190,0.9,134,77
910,230,680,190,520,710,2.7368,170,340,510,2.0,160,280,440,1.75,140,170,310,1.2143,120,120,240,1.0,100,100,200,1.0,135,77
900,230,670,250,470,720,1.88,200,360,560,1.8,180,310,490,1.7222,160,190,350,1.1875,130,130,260,1.0,120,100,220,0.8333299999999999,134,77
910,230,660,190,420,610,2.2105,160,300,460,1.875,150,240,390,1.6,130,150,280,1.1538,110,110,220,1.0,100,100,200,1.0,134,77
920,250,650,180,470,650,2.6111,160,330,490,2.0625,150,270,420,1.8,130,150,280,1.1538,110,110,220,1.0,90,90,180,1.0,133,77
900,270,630,190,570,760,3.0,160,360,520,2.25,150,290,440,1.9333,130,160,290,1.2308,100,110,210,1.1,70,90,160,1.2857,133,77
910,270,620,180,460,640,2.5556,150,330,480,2.2,150,270,420,1.8,130,160,290,1.2308,110,110,220,1.0,100,100,200,1.0,133,77
910,290,680,180,470,650,2.6111,160,310,470,1.9375,150,240,390,1.6,130,180,310,1.3846,110,120,230,1.0909,100,100,200,1.0,134,77
910,230,690,190,440,630,2.3158,170,320,490,1.8824,160,260,420,1.625,130,160,290,1.2308,120,120,240,1.0,100,100,200,1.0,135,77
900,220,680,240,430,670,1.7917,210,310,520,1.4762,180,260,440,1.4444,150,170,320,1.1333,120,130,250,1.0833,120,100,220,0.8333299999999999,135,77
910,220,590,170,460,630,2.7059,150,330,480,2.2,150,260,410,1.7333,120,150,270,1.25,100,120,220,1.2,90,100,190,1.1111,133,77
910,320,670,170,500,670,2.9412,160,350,510,2.1875,140,290,430,2.0714,130,170,300,1.3077,110,120,230,1.0909,90,90,180,1.0,133,77
910,240,660,220,670,890,3.0455,170,420,590,2.4706,160,330,490,2.0625,130,180,310,1.3846,120,130,250,1.0833,100,100,200,1.0,133,77
890,250,650,180,630,810,3.5,160,360,520,2.25,150,300,450,2.0,130,160,290,1.2308,110,120,230,1.0909,100,110,210,1.1,134,77
930,240,700,170,420,590,2.4706,150,290,440,1.9333,140,220,360,1.5714,120,140,260,1.1667,100,100,200,1.0,80,80,160,1.0,135,77
890,230,690,210,490,700,2.3333,180,360,540,2.0,170,290,460,1.7059,130,170,300,1.3077,130,120,250,0.92308,110,100,210,0.90909,135,77
900,200,630,220,420,640,1.9091,220,310,530,1.4091,220,260,480,1.1818,150,210,360,1.4,120,130,250,1.0833,110,110,220,1.0,135,77
900,270,630,180,560,740,3.1111,160,380,540,2.375,140,300,440,2.1429,120,170,290,1.4167,110,110,220,1.0,100,100,200,1.0,134,77
920,270,470,180,480,660,2.6667,150,360,510,2.4,140,300,440,2.1429,120,170,290,1.4167,100,120,220,1.2,100,100,200,1.0,134,77
900,180,690,180,440,620,2.4444,160,330,490,2.0625,150,270,420,1.8,130,170,300,1.3077,110,130,240,1.1818,100,110,210,1.1,135,77
900,210,690,230,470,700,2.0435,190,370,560,1.9474,170,320,490,1.8824,140,210,350,1.5,130,140,270,1.0769,100,120,220,1.2,135,78
920,210,690,170,420,590,2.4706,150,290,440,1.9333,140,220,360,1.5714,120,140,260,1.1667,100,100,200,1.0,90,80,170,0.88889,134,78
910,230,670,190,490,680,2.5789,160,350,510,2.1875,150,280,430,1.8667,130,160,290,1.2308,120,110,230,0.91667,100,100,200,1.0,134,77
910,240,660,180,550,730,3.0556,170,390,560,2.2941,150,340,490,2.2667,140,150,290,1.0714,110,110,220,1.0,100,90,190,0.9,134,77
910,250,630,190,450,640,2.3684,170,320,490,1.8824,160,260,420,1.625,140,160,300,1.1429,120,110,230,0.91667,90,90,180,1.0,134,77
910,280,670,200,510,710,2.55,160,380,540,2.375,160,310,470,1.9375,140,180,320,1.2857,120,120,240,1.0,110,100,210,0.90909,134,77
900,240,700,200,460,660,2.3,170,330,500,1.9412,160,270,430,1.6875,150,160,310,1.0667,120,110,230,0.91667,110,110,220,1.0,136,78
910,200,630,220,440,660,2.0,220,320,540,1.4545,170,270,440,1.5882,140,170,310,1.2143,130,120,250,0.92308,110,110,220,1.0,135,78
980,300,670,180,510,690,2.8333,160,340,500,2.125,150,280,430,1.8667,130,160,290,1.2308,110,110,220,1.0,100,100,200,1.0,135,78
910,230,670,190,510,700,2.6842,160,330,490,2.0625,150,270,420,1.8,130,160,290,1.2308,110,110,220,1.0,100,100,200,1.0,135,78
910,240,660,190,400,590,2.1053,170,290,460,1.7059,160,280,440,1.75,130,170,300,1.3077,120,120,240,1.0,100,100,200,1.0,135,78
890,250,690,270,480,750,1.7778,190,370,560,1.9474,170,310,480,1.8235,150,190,340,1.2667,130,130,260,1.0,120,100,220,0.8333299999999999,136,78
920,200,520,220,420,640,1.9091,160,310,470,1.9375,150,240,390,1.6,130,160,290,1.2308,110,120,230,1.0909,100,100,200,1.0,135,78
910,400,630,210,640,850,3.0476,160,410,570,2.5625,150,330,480,2.2,140,190,330,1.3571,110,130,240,1.1818,90,100,190,1.1111,135,78
910,280,670,180,490,670,2.7222,160,350,510,2.1875,150,290,440,1.9333,130,170,300,1.3077,110,120,230,1.0909,100,100,200,1.0,134,78
920,200,690,220,470,690,2.1364,200,350,550,1.75,170,300,470,1.7647,140,200,340,1.4286,110,150,260,1.3636,100,130,230,1.3,136,78
910,230,630,180,640,820,3.5556,150,380,530,2.5333,140,250,390,1.7857,130,150,280,1.1538,100,120,220,1.2,100,100,200,1.0,135,78
910,280,650,180,480,660,2.6667,160,330,490,2.0625,150,260,410,1.7333,130,160,290,1.2308,110,110,220,1.0,100,90,190,0.9,135,78
900,260,680,190,460,650,2.4211,170,320,490,1.8824,160,260,420,1.625,130,150,280,1.1538,120,100,220,0.8333299999999999,110,90,200,0.81818,135,78
920,220,640,180,470,650,2.6111,150,320,470,2.1333,140,270,410,1.9286,130,160,290,1.2308,110,120,230,1.0909,100,100,200,1.0,135,78
910,280,670,200,680,880,3.4,180,360,540,2.0,160,290,450,1.8125,140,170,310,1.2143,130,120,250,0.92308,110,90,200,0.81818,136,78
890,240,690,260,460,720,1.7692,190,330,520,1.7368,180,270,450,1.5,150,170,320,1.1333,130,120,250,0.92308,120,100,220,0.8333299999999999,136,78
910,200,630,220,430,650,1.9545,180,320,500,1.7778,160,260,420,1.625,140,170,310,1.2143,120,120,240,1.0,110,110,220,1.0,136,78
910,280,610,170,620,790,3.6471,150,440,590,2.9333,140,350,490,2.5,130,180,310,1.3846,110,120,230,1.0909,100,90,190,0.9,135,78
910,300,690,180,470,650,2.6111,160,340,500,2.125,150,280,430,1.8667,130,160,290,1.2308,110,110,220,1.0,90,100,190,1.1111,135,78
900,220,680,190,450,640,2.3684,160,340,500,2.125,150,270,420,1.8,130,160,290,1.2308,110,110,220,1.0,100,100,200,1.0,135,78
930,220,690,170,700,870,4.1176,150,370,520,2.4667,140,300,440,2.1429,130,170,300,1.3077,100,130,230,1.3,90,110,200,1.2222,135,78
910,240,660,200,510,710,2.55,180,340,520,1.8889,170,280,450,1.6471,140,160,300,1.1429,130,110,240,0.84615,110,100,210,0.90909,136,78
890,250,680,270,460,730,1.7037,210,350,560,1.6667,190,300,490,1.5789,170,180,350,1.0588,140,120,260,0.85714,130,100,230,0.76923,135,78
910,210,640,180,390,570,2.1667,160,280,440,1.75,140,230,370,1.6429,130,150,280,1.1538,110,120,230,1.0909,100,100,200,1.0,134,78
910,270,680,180,690,870,3.8333,160,400,560,2.5,140,330,470,2.3571,130,190,320,1.4615,110,130,240,1.1818,100,100,200,1.0,134,77
900,230,670,190,440,630,2.3158,160,320,480,2.0,150,260,410,1.7333,130,150,280,1.1538,120,110,230,0.91667,100,100,200,1.0,134,77
910,230,680,190,440,630,2.3158,160,320,480,2.0,150,270,420,1.8,130,170,300,1.3077,110,120,230,1.0909,100,100,200,1.0,134,77
910,230,680,180,580,760,3.2222,160,360,520,2.25,150,290,440,1.9333,140,170,310,1.2143,110,130,240,1.1818,100,100,200,1.0,134,77
900,230,690,190,410,600,2.1579,160,330,490,2.0625,160,270,430,1.6875,140,170,310,1.2143,120,120,240,1.0,110,100,210,0.90909,135,78
910,210,680,230,440,670,1.913,190,320,510,1.6842,180,270,450,1.5,140,170,310,1.2143,130,120,250,0.92308,110,110,220,1.0,135,78
900,230,580,180,460,640,2.5556,160,320,480,2.0,150,260,410,1.7333,130,150,280,1.1538,110,110,220,1.0,90,90,180,1.0,134,78
910,240,670,180,450,630,2.5,160,320,480,2.0,150,270,420,1.8,130,150,280,1.1538,110,120,230,1.0909,100,90,190,0.9,134,77
920,240,650,180,440,620,2.4444,160,320,480,2.0,140,250,390,1.7857,130,160,290,1.2308,100,120,220,1.2,90,90,180,1.0,134,77
910,270,670,200,680,880,3.4,170,370,540,2.1765,170,290,460,1.7059,140,170,310,1.2143,130,120,250,0.92308,110,90,200,0.81818,135,78
900,240,690,260,470,730,1.8077,200,340,540,1.7,180,260,440,1.4444,150,160,310,1.0667,130,140,270,1.0769,120,110,230,0.91667,135,78
910,210,630,230,410,640,1.7826,170,300,470,1.7647,140,240,380,1.7143,140,160,300,1.1429,110,120,230,1.0909,110,110,220,1.0,135,78
910,280,360,170,370,540,2.1765,150,330,480,2.2,140,270,410,1.9286,120,160,280,1.3333,100,120,220,1.2,90,100,190,1.1111,135,78
910,230,690,190,480,670,2.5263,160,350,510,2.1875,160,280,440,1.75,130,160,290,1.2308,120,120,240,1.0,100,100,200,1.0,134,77
920,220,680,180,690,870,3.8333,160,370,530,2.3125,150,320,470,2.1333,140,180,320,1.2857,110,120,230,1.0909,100,100,200,1.0,134,77
900,240,680,200,470,670,2.35,180,320,500,1.7778,170,280,450,1.6471,150,160,310,1.0667,130,120,250,0.92308,110,100,210,0.90909,135,78
900,220,690,240,450,690,1.875,240,340,580,1.4167,200,290,490,1.45,160,190,350,1.1875,150,130,280,0.86667,130,110,240,0.84615,135,78
890,210,640,180,420,600,2.3333,150,300,450,2.0,140,230,370,1.6429,120,140,260,1.1667,110,110,220,1.0,100,90,190,0.9,135,78
910,250,640,170,650,820,3.8235,150,420,570,2.8,140,350,490,2.5,120,200,320,1.6667,110,120,230,1.0909,90,110,200,1.2222,134,77
910,270,690,180,450,630,2.5,150,320,470,2.1333,140,270,410,1.9286,130,150,280,1.1538,110,120,230,1.0909,100,90,190,0.9,134,77
900,220,610,180,420,600,2.3333,160,330,490,2.0625,160,270,430,1.6875,140,150,290,1.0714,120,110,230,0.91667,110,90,200,0.81818,134,77
920,290,690,190,700,890,3.6842,160,380,540,2.375,160,310,470,1.9375,130,190,320,1.4615,110,130,240,1.1818,100,110,210,1.1,135,78
890,230,690,210,600,810,2.8571,180,360,540,2.0,170,310,480,1.8235,150,180,330,1.2,130,120,250,0.92308,110,110,220,1.0,135,78
920,200,670,220,440,660,2.0,190,330,520,1.7368,170,260,430,1.5294,140,180,320,1.2857,120,130,250,1.0833,100,110,210,1.1,135,78
910,250,660,180,470,650,2.6111,160,330,490,2.0625,150,270,420,1.8,130,150,280,1.1538,110,110,220,1.0,100,90,190,0.9,135,78
910,250,430,180,440,620,2.4444,160,420,580,2.625,150,340,490,2.2667,120,190,310,1.5833,100,120,220,1.2,90,110,200,1.2222,134,78
910,220,680,180,430,610,2.3889,160,290,450,1.8125,150,240,390,1.6,130,160,290,1.2308,110,120,230,1.0909,100,90,190,0.9,134,77
920,230,690,190,500,690,2.6316,160,350,510,2.1875,160,300,460,1.875,140,170,310,1.2143,120,120,240,1.0,110,100,210,0.90909,135,77
900,230,690,250,470,720,1.88,220,390,610,1.7727,190,350,540,1.8421,160,220,380,1.375,140,140,280,1.0,130,110,240,0.84615,135,78
910,210,600,190,410,600,2.1579,160,300,460,1.875,150,240,390,1.6,130,150,280,1.1538,110,120,230,1.0909,100,100,200,1.0,134,77
910,310,600,180,490,670,2.7222,160,330,490,2.0625,150,280,430,1.8667,130,150,280,1.1538,110,110,220,1.0,90,90,180,1.0,134,77
920,310,670,290,680,970,2.3448,170,440,610,2.5882,170,360,530,2.1176,140,220,360,1.5714,120,130,250,1.0833,100,100,200,1.0,133,77
910,250,650,190,430,620,2.2632,160,310,470,1.9375,160,250,410,1.5625,140,150,290,1.0714,120,110,230,0.91667,110,90,200,0.81818,133,77
900,260,640,190,470,660,2.4737,180,320,500,1.7778,160,260,420,1.625,150,150,300,1.0,130,110,240,0.84615,120,90,210,0.75,134,77
900,260,680,200,450,650,2.25,170,320,490,1.8824,160,270,430,1.6875,140,170,310,1.2143,120,130,250,1.0833,110,100,210,0.90909,135,77
900,220,640,240,420,660,1.75,240,300,540,1.25,200,240,440,1.2,150,190,340,1.2667,130,140,270,1.0769,110,110,220,1.0,134,77
910,260,640,170,430,600,2.5294,150,310,460,2.0667,140,250,390,1.7857,130,160,290,1.2308,100,120,220,1.2,90,100,190,1.1111,134,77
910,270,410,180,420,600,2.3333,160,340,500,2.125,140,270,410,1.9286,120,160,280,1.3333,110,110,220,1.0,90,100,190,1.1111,133,77
910,220,680,180,460,640,2.5556,170,320,490,1.8824,150,260,410,1.7333,140,160,300,1.1429,120,120,240,1.0,110,90,200,0.81818,134,77
890,230,670,190,610,800,3.2105,170,350,520,2.0588,160,280,440,1.75,140,170,310,1.2143,120,120,240,1.0,100,90,190,0.9,135,78
880,220,710,180,490,670,2.7222,160,360,520,2.25,150,300,450,2.0,140,190,330,1.3571,110,140,250,1.2727,100,120,220,1.2,135,78
940,170,710,190,450,640,2.3684,150,320,470,2.1333,140,270,410,1.9286,110,180,290,1.6364,90,150,240,1.6667,60,120,180,2.0,135,78
920,230,660,170,500,670,2.9412,160,350,510,2.1875,140,290,430,2.0714,120,170,290,1.4167,100,120,220,1.2,90,100,190,1.1111,134,78
910,220,640,190,440,630,2.3158,160,320,480,2.0,150,270,420,1.8,130,160,290,1.2308,120,110,230,0.91667,100,100,200,1.0,134,77
920,270,690,180,440,620,2.4444,160,350,510,2.1875,150,290,440,1.9333,130,170,300,1.3077,110,120,230,1.0909,100,100,200,1.0,134,77
910,230,680,190,440,630,2.3158,170,320,490,1.8824,160,270,430,1.6875,140,160,300,1.1429,120,120,240,1.0,110,100,210,0.90909,135,78
900,230,640,250,450,700,1.8,190,330,520,1.7368,180,280,460,1.5556,150,170,320,1.1333,130,120,250,0.92308,120,100,220,0.8333299999999999,134,78
910,260,670,190,460,650,2.4211,160,330,490,2.0625,150,270,420,1.8,130,160,290,1.2308,110,120,230,1.0909,90,100,190,1.1111,134,78
920,240,680,180,480,660,2.6667,160,340,500,2.125,140,270,410,1.9286,130,160,290,1.2308,110,120,230,1.0909,100,90,190,0.9,134,77
900,240,660,190,450,640,2.3684,170,310,480,1.8235,160,260,420,1.625,140,150,290,1.0714,110,100,210,0.90909,100,80,180,0.8,133,77
900,240,660,180,440,620,2.4444,170,310,480,1.8235,160,260,420,1.625,140,150,290,1.0714,120,110,230,0.91667,110,90,200,0.81818,133,77
920,240,650,190,440,630,2.3158,170,310,480,1.8235,150,250,400,1.6667,140,180,320,1.2857,100,120,220,1.2,100,100,200,1.0,133,77
890,270,680,200,440,640,2.2,180,310,490,1.7222,170,260,430,1.5294,140,160,300,1.1429,130,110,240,0.84615,110,90,200,0.81818,134,77
910,210,690,230,410,640,1.7826,190,300,490,1.5789,170,240,410,1.4118,150,160,310,1.0667,120,120,240,1.0,120,110,230,0.91667,135,77
900,220,630,180,470,650,2.6111,160,320,480,2.0,150,270,420,1.8,140,150,290,1.0714,110,110,220,1.0,100,90,190,0.9,134,77
910,270,680,180,460,640,2.5556,160,320,480,2.0,150,260,410,1.7333,130,150,280,1.1538,120,110,230,0.91667,100,90,190,0.9,134,77
910,230,680,200,600,800,3.0,170,370,540,2.1765,160,300,460,1.875,140,170,310,1.2143,120,110,230,0.91667,110,100,210,0.90909,133,77
910,230,670,190,490,680,2.5789,170,330,500,1.9412,160,270,430,1.6875,140,150,290,1.0714,120,110,230,0.91667,100,90,190,0.9,134,77
910,230,680,250,490,740,1.96,190,360,550,1.8947,170,310,480,1.8235,150,190,340,1.2667,130,130,260,1.0,120,100,220,0.8333299999999999,135,78
900,230,660,200,410,610,2.05,170,300,470,1.7647,160,240,400,1.5,140,140,280,1.0,110,110,220,1.0,110,100,210,0.90909,134,78
920,240,660,170,520,690,3.0588,150,360,510,2.4,140,300,440,2.1429,120,170,290,1.4167,100,120,220,1.2,90,100,190,1.1111,134,77
920,260,690,180,620,800,3.4444,160,330,490,2.0625,150,280,430,1.8667,130,160,290,1.2308,110,120,230,1.0909,90,90,180,1.0,134,77
910,230,620,190,420,610,2.2105,170,310,480,1.8235,160,250,410,1.5625,140,150,290,1.0714,120,110,230,0.91667,110,80,190,0.72727,133,77
910,290,700,190,690,880,3.6316,160,380,540,2.375,160,300,460,1.875,140,170,310,1.2143,120,110,230,0.91667,110,100,210,0.90909,133,77
910,210,700,180,430,610,2.3889,160,320,480,2.0,160,270,430,1.6875,130,170,300,1.3077,110,120,230,1.0909,100,110,210,1.1,134,77
900,210,680,230,430,660,1.8696,190,320,510,1.6842,180,280,460,1.5556,150,170,320,1.1333,130,120,250,0.92308,110,110,220,1.0,134,77
910,230,660,180,460,640,2.5556,160,330,490,2.0625,150,260,410,1.7333,130,150,280,1.1538,110,110,220,1.0,100,100,200,1.0,133,77
900,250,650,190,440,630,2.3158,160,340,500,2.125,160,290,450,1.8125,130,150,280,1.1538,110,110,220,1.0,100,90,190,0.9,132,76
920,250,650,180,450,630,2.5,160,320,480,2.0,140,260,400,1.8571,130,160,290,1.2308,110,120,230,1.0909,90,100,190,1.1111,132,76
910,270,680,190,470,660,2.4737,170,350,520,2.0588,160,290,450,1.8125,130,170,300,1.3077,120,120,240,1.0,100,100,200,1.0,133,77
900,230,690,200,470,670,2.35,170,340,510,2.0,170,280,450,1.6471,140,170,310,1.2143,120,120,240,1.0,110,100,210,0.90909,133,77
900,210,660,230,440,670,1.913,180,320,500,1.7778,160,260,420,1.625,140,160,300,1.1429,120,120,240,1.0,100,110,210,1.1,133,77
920,240,590,200,600,800,3.0,160,450,610,2.8125,150,380,530,2.5333,130,200,330,1.5385,110,130,240,1.1818,90,100,190,1.1111,132,77
940,330,590,180,480,660,2.6667,160,340,500,2.125,150,280,430,1.8667,130,160,290,1.2308,110,120,230,1.0909,90,100,190,1.1111,132,77
910,230,570,180,580,760,3.2222,160,370,530,2.3125,150,300,450,2.0,130,160,290,1.2308,110,120,230,1.0909,100,100,200,1.0,132,76
910,340,690,210,410,620,1.9524,180,290,470,1.6111,160,260,420,1.625,140,190,330,1.3571,120,130,250,1.0833,100,110,210,1.1,133,77
920,220,700,240,460,700,1.9167,190,340,530,1.7895,170,290,460,1.7059,150,180,330,1.2,120,130,250,1.0833,110,110,220,1.0,133,77
910,220,450,180,410,590,2.2778,160,290,450,1.8125,150,220,370,1.4667,130,140,270,1.0769,110,110,220,1.0,100,90,190,0.9,133,77
920,260,680,180,470,650,2.6111,150,330,480,2.2,140,280,420,2.0,130,160,290,1.2308,100,120,220,1.2,90,100,190,1.1111,133,77
920,240,670,190,470,660,2.4737,160,330,490,2.0625,150,270,420,1.8,130,160,290,1.2308,110,120,230,1.0909,100,100,200,1.0,133,77
900,250,700,190,630,820,3.3158,170,370,540,2.1765,160,310,470,1.9375,140,180,320,1.2857,120,120,240,1.0,100,110,210,1.1,134,77
920,200,710,220,460,680,2.0909,160,330,490,2.0625,150,260,410,1.7333,130,160,290,1.2308,110,120,230,1.0909,90,100,190,1.1111,134,77
920,210,640,200,410,610,2.05,170,300,470,1.7647,150,250,400,1.6667,130,160,290,1.2308,110,120,230,1.0909,100,100,200,1.0,133,77
910,280,610,190,540,730,2.8421,160,340,500,2.125,160,280,440,1.75,130,150,280,1.1538,120,110,230,0.91667,100,100,200,1.0,133,77
910,300,690,190,700,890,3.6842,160,390,550,2.4375,150,320,470,2.1333,140,190,330,1.3571,110,120,230,1.0909,110,100,210,0.90909,132,77
900,220,690,200,450,650,2.25,170,330,500,1.9412,160,280,440,1.75,140,160,300,1.1429,120,120,240,1.0,100,100,200,1.0,132,76
930,210,710,180,420,600,2.3333,160,310,470,1.9375,150,260,410,1.7333,120,170,290,1.4167,110,130,240,1.1818,90,110,200,1.2222,132,76
920,220,710,210,480,690,2.2857,170,330,500,1.9412,160,280,440,1.75,140,160,300,1.1429,120,120,240,1.0,100,90,190,0.9,132,76
920,210,590,180,400,580,2.2222,160,280,440,1.75,150,220,370,1.4667,130,130,260,1.0,110,100,210,0.90909,100,90,190,0.9,132,76
920,330,610,170,440,610,2.5882,150,300,450,2.0,140,250,390,1.7857,120,150,270,1.25,100,110,210,1.1,90,90,180,1.0,132,76
940,310,590,160,460,620,2.875,130,320,450,2.4615,120,250,370,2.0833,100,150,250,1.5,70,120,190,1.7143,60,90,150,1.5,132,76
920,350,560,170,430,600,2.5294,150,310,460,2.0667,140,230,370,1.6429,110,140,250,1.2727,110,110,220,1.0,90,90,180,1.0,133,76
920,360,590,170,430,600,2.5294,140,300,440,2.1429,140,250,390,1.7857,120,150,270,1.25,100,100,200,1.0,90,90,180,1.0,133,77
930,330,600,150,430,580,2.8667,140,300,440,2.1429,130,230,360,1.7692,110,150,260,1.3636,90,110,200,1.2222,70,90,160,1.2857,133,77
930,330,660,170,430,600,2.5294,140,320,460,2.2857,130,260,390,2.0,110,150,260,1.3636,90,110,200,1.2222,90,100,190,1.1111,133,77
920,270,620,160,430,590,2.6875,130,310,440,2.3846,130,240,370,1.8462,110,140,250,1.2727,90,110,200,1.2222,90,90,180,1.0,133,77
930,300,610,160,450,610,2.8125,130,310,440,2.3846,130,250,380,1.9231,110,150,260,1.3636,90,110,200,1.2222,80,90,170,1.125,130,77
930,320,660,170,440,610,2.5882,140,320,460,2.2857,140,250,390,1.7857,110,150,260,1.3636,100,110,210,1.1,80,90,170,1.125,129,77
930,270,640,170,450,620,2.6471,120,330,450,2.75,120,270,390,2.25,110,150,260,1.3636,100,110,210,1.1,80,100,180,1.25,128,77
930,290,620,200,580,780,2.9,150,370,520,2.4667,140,290,430,2.0714,120,160,280,1.3333,100,110,210,1.1,90,90,180,1.0,126,76
930,310,590,170,460,630,2.7059,140,330,470,2.3571,130,260,390,2.0,120,150,270,1.25,100,110,210,1.1,90,80,170,0.88889,125,76
910,340,560,170,520,690,3.0588,140,360,500,2.5714,140,280,420,2.0,110,150,260,1.3636,100,120,220,1.2,90,90,180,1.0,124,76
930,350,620,170,450,620,2.6471,140,320,460,2.2857,130,250,380,1.9231,110,150,260,1.3636,100,120,220,1.2,90,100,190,1.1111,123,75
910,310,660,200,420,620,2.1,160,280,440,1.75,140,210,350,1.5,130,160,290,1.2308,110,120,230,1.0909,100,100,200,1.0,122,75
910,250,650,170,450,620,2.6471,140,320,460,2.2857,130,250,380,1.9231,120,160,280,1.3333,100,120,220,1.2,90,100,190,1.1111,121,75
930,260,640,160,440,600,2.75,140,320,460,2.2857,130,260,390,2.0,120,160,280,1.3333,90,120,210,1.3333,80,100,180,1.25,119,74
910,290,570,170,430,600,2.5294,150,310,460,2.0667,140,250,390,1.7857,130,150,280,1.1538,110,110,220,1.0,100,90,190,0.9,119,74
920,300,600,180,460,640,2.5556,150,320,470,2.1333,140,260,400,1.8571,120,150,270,1.25,110,110,220,1.0,90,110,200,1.2222,119,74
910,320,620,170,420,590,2.4706,150,310,460,2.0667,140,250,390,1.7857,120,150,270,1.25,110,110,220,1.0,100,100,200,1.0,119,74
910,290,600,170,440,610,2.5882,150,320,470,2.1333,140,280,420,2.0,120,160,280,1.3333,110,120,230,1.0909,90,100,190,1.1111,119,74
920,310,590,170,440,610,2.5882,140,320,460,2.2857,130,250,380,1.9231,120,160,280,1.3333,90,120,210,1.3333,90,100,190,1.1111,119,74
920,330,570,170,450,620,2.6471,150,320,470,2.1333,140,250,390,1.7857,120,150,270,1.25,100,120,220,1.2,100,100,200,1.0,119,74
910,350,640,170,420,590,2.4706,150,310,460,2.0667,140,240,380,1.7143,130,150,280,1.1538,100,110,210,1.1,100,90,190,0.9,119,74
910,270,570,170,420,590,2.4706,150,300,450,2.0,140,240,380,1.7143,120,150,270,1.25,110,110,220,1.0,90,90,180,1.0,119,74
910,340,660,180,440,620,2.4444,150,310,460,2.0667,140,260,400,1.8571,120,150,270,1.25,110,110,220,1.0,90,100,190,1.1111,119,74
910,250,580,270,430,700,1.5926,150,310,460,2.0667,140,240,380,1.7143,120,160,280,1.3333,110,120,230,1.0909,90,100,190,1.1111,119,74
920,270,690,180,700,880,3.8889,150,430,580,2.8667,140,350,490,2.5,130,170,300,1.3077,100,120,220,1.2,90,100,190,1.1111,119,74
910,230,690,180,480,660,2.6667,170,350,520,2.0588,150,290,440,1.9333,130,170,300,1.3077,110,120,230,1.0909,100,100,200,1.0,119,73
900,220,680,240,450,690,1.875,200,340,540,1.7,170,290,460,1.7059,150,180,330,1.2,120,140,260,1.1667,110,110,220,1.0,119,73
910,220,650,180,400,580,2.2222,150,270,420,1.8,140,190,330,1.3571,130,150,280,1.1538,100,120,220,1.2,100,100,200,1.0,119,73
900,260,640,180,430,610,2.3889,160,330,490,2.0625,150,270,420,1.8,130,150,280,1.1538,110,110,220,1.0,100,90,190,0.9,119,73
910,260,540,180,450,630,2.5,150,320,470,2.1333,140,270,410,1.9286,120,160,280,1.3333,110,120,230,1.0909,100,110,210,1.1,118,73
900,370,670,180,440,620,2.4444,160,300,460,1.875,150,250,400,1.6667,140,160,300,1.1429,120,110,230,0.91667,100,100,200,1.0,118,72
890,230,680,180,550,730,3.0556,170,340,510,2.0,160,290,450,1.8125,140,170,310,1.2143,120,120,240,1.0,110,100,210,0.90909,119,73
890,210,690,170,460,630,2.7059,160,330,490,2.0625,150,280,430,1.8667,140,180,320,1.2857,110,120,230,1.0909,100,110,210,1.1,119,73
910,200,690,220,430,650,1.9545,170,320,490,1.8824,150,270,420,1.8,140,180,320,1.2857,120,140,260,1.1667,110,120,230,1.0909,119,73
900,220,670,180,680,860,3.7778,160,390,550,2.4375,150,330,480,2.2,130,170,300,1.3077,120,120,240,1.0,100,90,190,0.9,119,73
910,230,670,180,470,650,2.6111,150,340,490,2.2667,150,270,420,1.8,130,150,280,1.1538,110,110,220,1.0,90,100,190,1.1111,119,72
910,240,680,180,470,650,2.6111,160,350,510,2.1875,150,310,460,2.0667,130,160,290,1.2308,100,120,220,1.2,100,100,200,1.0,119,72
910,230,670,190,570,760,3.0,170,350,520,2.0588,160,280,440,1.75,140,170,310,1.2143,120,120,240,1.0,100,90,190,0.9,119,72
900,240,680,200,420,620,2.1,170,330,500,1.9412,160,280,440,1.75,140,170,310,1.2143,120,120,240,1.0,110,90,200,0.81818,120,72
910,220,690,240,460,700,1.9167,190,360,550,1.8947,170,310,480,1.8235,140,190,330,1.3571,120,130,250,1.0833,110,120,230,1.0909,120,72
900,220,610,200,410,610,2.05,170,290,460,1.7059,160,230,390,1.4375,140,140,280,1.0,120,110,230,0.91667,100,90,190,0.9,120,72
910,290,640,200,630,830,3.15,160,390,550,2.4375,150,310,460,2.0667,130,180,310,1.3846,120,120,240,1.0,100,110,210,1.1,120,72
920,270,630,180,480,660,2.6667,160,340,500,2.125,140,280,420,2.0,130,170,300,1.3077,110,110,220,1.0,100,100,200,1.0,120,72
900,290,670,190,440,630,2.3158,170,310,480,1.8235,160,250,410,1.5625,140,150,290,1.0714,110,110,220,1.0,100,90,190,0.9,120,72
900,230,690,190,700,890,3.6842,170,370,540,2.1765,160,300,460,1.875,130,180,310,1.3846,120,120,240,1.0,100,100,200,1.0,120,72
910,210,690,190,400,590,2.1053,160,290,450,1.8125,150,240,390,1.6,140,190,330,1.3571,110,140,250,1.2727,100,120,220,1.2,120,72
910,220,680,240,440,680,1.8333,190,320,510,1.6842,170,270,440,1.5882,150,180,330,1.2,130,130,260,1.0,110,110,220,1.0,121,72
910,230,430,180,430,610,2.3889,160,310,470,1.9375,150,250,400,1.6667,130,150,280,1.1538,110,110,220,1.0,100,90,190,0.9,122,72
910,240,690,180,450,630,2.5,160,330,490,2.0625,150,260,410,1.7333,130,160,290,1.2308,110,120,230,1.0909,90,100,190,1.1111,121,72
910,220,640,180,450,630,2.5,160,310,470,1.9375,160,250,410,1.5625,130,150,280,1.1538,120,110,230,0.91667,100,90,190,0.9,122,72
890,270,670,190,620,810,3.2632,170,350,520,2.0588,150,290,440,1.9333,140,170,310,1.2143,110,120,230,1.0909,110,100,210,0.90909,122,72
910,220,700,200,460,660,2.3,170,320,490,1.8824,160,260,420,1.625,130,150,280,1.1538,120,110,230,0.91667,100,80,180,0.8,123,73
910,210,630,230,420,650,1.8261,180,300,480,1.6667,160,250,410,1.5625,140,160,300,1.1429,120,120,240,1.0,110,110,220,1.0,123,73
910,280,610,180,620,800,3.4444,150,410,560,2.7333,150,340,490,2.2667,130,160,290,1.2308,110,120,230,1.0909,100,100,200,1.0,123,73
900,300,680,190,460,650,2.4211,170,330,500,1.9412,150,270,420,1.8,130,160,290,1.2308,120,110,230,0.91667,100,90,190,0.9,123,73
910,220,680,190,480,670,2.5263,150,350,500,2.3333,150,280,430,1.8667,130,170,300,1.3077,110,120,230,1.0909,100,110,210,1.1,123,73
610,230,600,180,610,790,3.3889,150,350,500,2.3333,140,280,420,2.0,130,170,300,1.3077,100,120,220,1.2,100,100,200,1.0,123,72
910,190,670,210,460,670,2.1905,190,350,540,1.8421,170,300,470,1.7647,150,200,350,1.3333,120,130,250,1.0833,110,120,230,1.0909,124,73
920,240,560,180,400,580,2.2222,150,290,440,1.9333,150,230,380,1.5333,120,150,270,1.25,110,110,220,1.0,100,100,200,1.0,124,73
910,360,600,190,610,800,3.2105,160,390,550,2.4375,150,320,470,2.1333,130,180,310,1.3846,110,120,230,1.0909,100,100,200,1.0,124,73
910,310,690,180,450,630,2.5,160,320,480,2.0,150,270,420,1.8,130,160,290,1.2308,110,110,220,1.0,100,90,190,0.9,124,73
920,220,660,180,430,610,2.3889,160,320,480,2.0,150,270,420,1.8,130,170,300,1.3077,110,120,230,1.0909,100,100,200,1.0,124,73
910,260,690,190,700,890,3.6842,170,370,540,2.1765,160,300,460,1.875,140,170,310,1.2143,120,130,250,1.0833,100,100,200,1.0,125,73
910,220,700,190,480,670,2.5263,160,340,500,2.125,160,280,440,1.75,130,180,310,1.3846,110,130,240,1.1818,100,110,210,1.1,125,74
910,210,650,230,430,660,1.8696,190,310,500,1.6316,170,260,430,1.5294,150,170,320,1.1333,120,130,250,1.0833,110,110,220,1.0,125,74
910,260,640,180,460,640,2.5556,150,330,480,2.2,140,270,410,1.9286,130,160,290,1.2308,100,120,220,1.2,100,100,200,1.0,125,74
910,270,650,210,660,870,3.1429,170,390,560,2.2941,160,320,480,2.0,130,190,320,1.4615,110,130,240,1.1818,100,100,200,1.0,125,73
910,260,640,180,450,630,2.5,160,320,480,2.0,150,260,410,1.7333,130,160,290,1.2308,110,110,220,1.0,100,90,190,0.9,124,73
910,270,680,190,430,620,2.2632,160,300,460,1.875,150,260,410,1.7333,130,150,280,1.1538,110,110,220,1.0,100,100,200,1.0,125,73
910,230,680,190,480,670,2.5263,170,340,510,2.0,150,270,420,1.8,140,160,300,1.1429,120,120,240,1.0,100,100,200,1.0,125,73
900,230,690,250,460,710,1.84,200,330,530,1.65,180,280,460,1.5556,160,210,370,1.3125,130,130,260,1.0,120,110,230,0.91667,126,74
910,210,600,200,410,610,2.05,160,300,460,1.875,150,240,390,1.6,130,150,280,1.1538,110,110,220,1.0,100,100,200,1.0,125,74
910,310,470,180,480,660,2.6667,150,350,500,2.3333,140,280,420,2.0,130,160,290,1.2308,100,120,220,1.2,90,100,190,1.1111,125,73
920,250,710,190,440,630,2.3158,170,310,480,1.8235,160,250,410,1.5625,130,150,280,1.1538,120,110,230,0.91667,100,90,190,0.9,125,73
910,210,630,190,490,680,2.5789,170,330,500,1.9412,160,270,430,1.6875,140,160,300,1.1429,120,110,230,0.91667,100,90,190,0.9,126,73
900,280,680,200,440,640,2.2,170,310,480,1.8235,160,260,420,1.625,140,160,300,1.1429,120,120,240,1.0,110,90,200,0.81818,126,73
920,220,700,240,420,660,1.75,190,300,490,1.5789,170,230,400,1.3529,150,150,300,1.0,120,110,230,0.91667,100,80,180,0.8,126,74
920,220,590,180,430,610,2.3889,150,310,460,2.0667,140,250,390,1.7857,130,150,280,1.1538,100,120,220,1.2,90,100,190,1.1111,125,73
910,330,640,190,650,840,3.4211,160,420,580,2.625,150,350,500,2.3333,130,160,290,1.2308,110,110,220,1.0,100,90,190,0.9,125,73
920,270,660,180,450,630,2.5,160,320,480,2.0,150,270,420,1.8,130,160,290,1.2308,110,120,230,1.0909,90,100,190,1.1111,125,73
920,260,650,190,450,640,2.3684,170,320,490,1.8824,150,260,410,1.7333,140,160,300,1.1429,120,110,230,0.91667,100,90,190,0.9,125,73
920,270,690,190,610,800,3.2105,170,360,530,2.1176,160,290,450,1.8125,130,180,310,1.3846,120,120,240,1.0,100,100,200,1.0,126,74
900,230,690,250,550,800,2.2,190,370,560,1.9474,170,300,470,1.7647,150,180,330,1.2,140,130,270,0.92857,120,100,220,0.8333299999999999,126,74
910,210,600,230,420,650,1.8261,180,300,480,1.6667,160,250,410,1.5625,140,160,300,1.1429,120,120,240,1.0,110,100,210,0.90909,125,74
930,310,660,180,470,650,2.6111,160,320,480,2.0,150,260,410,1.7333,130,150,280,1.1538,110,110,220,1.0,100,90,190,0.9,125,73
900,270,630,190,640,830,3.3684,170,410,580,2.4118,160,330,490,2.0625,140,190,330,1.3571,110,110,220,1.0,90,90,180,1.0,125,73
910,270,660,180,450,630,2.5,170,330,500,1.9412,150,260,410,1.7333,130,160,290,1.2308,110,120,230,1.0909,100,90,190,0.9,125,73
920,250,640,190,500,690,2.6316,160,340,500,2.125,150,280,430,1.8667,130,180,310,1.3846,110,120,230,1.0909,100,100,200,1.0,125,73
910,280,680,200,460,660,2.3,170,330,500,1.9412,170,280,450,1.6471,140,170,310,1.2143,120,120,240,1.0,110,90,200,0.81818,126,73
890,230,690,250,450,700,1.8,250,390,640,1.56,200,340,540,1.7,160,210,370,1.3125,140,130,270,0.92857,120,110,230,0.91667,126,74
920,200,610,170,420,590,2.4706,150,300,450,2.0,140,250,390,1.7857,130,150,280,1.1538,100,120,220,1.2,90,100,190,1.1111,126,74
910,310,650,180,500,680,2.7778,160,350,510,2.1875,150,290,440,1.9333,130,160,290,1.2308,110,110,220,1.0,90,100,190,1.1111,125,73
920,260,680,260,690,950,2.6538,180,430,610,2.3889,160,340,500,2.125,140,200,340,1.4286,110,130,240,1.1818,100,110,210,1.1,125,73
860,240,660,190,450,640,2.3684,160,330,490,2.0625,150,270,420,1.8,130,160,290,1.2308,110,110,220,1.0,110,90,200,0.81818,125,73
890,240,680,200,450,650,2.25,180,320,500,1.7778,170,270,440,1.5882,140,170,310,1.2143,130,120,250,0.92308,110,100,210,0.90909,127,74
910,210,630,230,420,650,1.8261,230,300,530,1.3043,200,240,440,1.2,160,200,360,1.25,130,140,270,1.0769,110,110,220,1.0,126,74
910,280,620,180,480,660,2.6667,140,340,480,2.4286,140,270,410,1.9286,130,160,290,1.2308,110,110,220,1.0,100,90,190,0.9,126,73
910,290,420,180,430,610,2.3889,160,330,490,2.0625,150,270,420,1.8,130,160,290,1.2308,110,110,220,1.0,100,90,190,0.9,126,73
920,230,690,190,660,850,3.4737,170,350,520,2.0588,160,280,440,1.75,140,170,310,1.2143,120,140,260,1.1667,100,100,200,1.0,125,73
900,230,650,200,450,650,2.25,170,330,500,1.9412,160,270,430,1.6875,140,160,300,1.1429,120,110,230,0.91667,110,100,210,0.90909,126,73
880,250,690,270,480,750,1.7778,180,360,540,2.0,170,320,490,1.8824,150,200,350,1.3333,120,140,260,1.1667,110,120,230,1.0909,126,74
930,190,570,160,440,600,2.75,140,310,450,2.2143,130,240,370,1.8462,100,160,260,1.6,90,130,220,1.4444,80,110,190,1.375,125,74
910,360,620,180,510,690,2.8333,150,340,490,2.2667,150,290,440,1.9333,120,160,280,1.3333,110,110,220,1.0,100,100,200,1.0,125,73
910,240,670,180,460,640,2.5556,160,330,490,2.0625,150,270,420,1.8,130,160,290,1.2308,110,110,220,1.0,100,90,190,0.9,124,73
900,240,680,190,450,640,2.3684,160,380,540,2.375,160,310,470,1.9375,140,170,310,1.2143,120,120,240,1.0,110,100,210,0.90909,125,73
910,220,700,180,480,660,2.6667,160,350,510,2.1875,140,290,430,2.0714,130,180,310,1.3846,110,130,240,1.1818,100,110,210,1.1,125,73
900,210,670,230,450,680,1.9565,210,330,540,1.5714,180,280,460,1.5556,150,180,330,1.2,130,130,260,1.0,110,110,220,1.0,125,73
920,230,640,190,580,770,3.0526,150,360,510,2.4,150,320,470,2.1333,120,170,290,1.4167,110,130,240,1.1818,90,100,190,1.1111,125,73
930,280,650,190,480,670,2.5263,160,350,510,2.1875,150,290,440,1.9333,130,170,300,1.3077,110,110,220,1.0,100,100,200,1.0,125,73
900,280,650,200,440,640,2.2,170,310,480,1.8235,160,260,420,1.625,140,140,280,1.0,120,90,210,0.75,100,80,180,0.8,125,73
910,250,640,190,510,700,2.6842,170,350,520,2.0588,150,280,430,1.8667,140,160,300,1.1429,120,110,230,0.91667,110,90,200,0.81818,125,73
910,270,680,190,410,600,2.1579,170,290,460,1.7059,160,240,400,1.5,140,180,320,1.2857,120,120,240,1.0,100,100,200,1.0,126,73
900,230,700,220,450,670,2.0455,180,330,510,1.8333,170,280,450,1.6471,150,170,320,1.1333,120,120,240,1.0,110,100,210,0.90909,126,74
910,200,690,220,390,610,1.7727,170,290,460,1.7059,150,240,390,1.6,140,160,300,1.1429,110,120,230,1.0909,100,100,200,1.0,126,74
910,220,600,170,480,650,2.8235,150,340,490,2.2667,140,280,420,2.0,130,160,290,1.2308,100,120,220,1.2,90,90,180,1.0,125,74
920,310,660,180,450,630,2.5,160,320,480,2.0,150,260,410,1.7333,130,160,290,1.2308,110,120,230,1.0909,90,100,190,1.1111,125,73
930,260,660,200,510,710,2.55,160,340,500,2.125,160,290,450,1.8125,140,160,300,1.1429,120,110,230,0.91667,110,100,210,0.90909,126,73
870,270,640,190,600,790,3.1579,170,340,510,2.0,160,290,450,1.8125,130,170,300,1.3077,120,120,240,1.0,90,90,180,1.0,126,73
940,230,710,160,420,580,2.625,130,300,430,2.3077,130,230,360,1.7692,110,160,270,1.4545,80,130,210,1.625,80,100,180,1.25,126,74
910,230,680,250,460,710,1.84,200,340,540,1.7,180,280,460,1.5556,150,190,340,1.2667,130,130,260,1.0,110,120,230,1.0909,127,74
900,230,610,180,480,660,2.6667,160,330,490,2.0625,150,270,420,1.8,130,140,270,1.0769,120,100,220,0.8333299999999999,100,90,190,0.9,126,74
910,290,570,180,460,640,2.5556,150,330,480,2.2,150,270,420,1.8,130,150,280,1.1538,110,110,220,1.0,100,100,200,1.0,126,74
900,340,680,180,440,620,2.4444,160,320,480,2.0,150,260,410,1.7333,130,150,280,1.1538,110,110,220,1.0,100,90,190,0.9,125,73
910,220,660,180,440,620,2.4444,160,320,480,2.0,150,260,410,1.7333,120,170,290,1.4167,100,120,220,1.2,90,100,190,1.1111,126,73
910,250,710,190,520,710,2.7368,160,350,510,2.1875,150,290,440,1.9333,130,180,310,1.3846,110,120,230,1.0909,100,110,210,1.1,126,74
900,200,700,190,430,620,2.2632,170,320,490,1.8824,160,260,420,1.625,140,160,300,1.1429,110,120,230,1.0909,100,100,200,1.0,126,74
920,200,640,220,420,640,1.9091,190,320,510,1.6842,170,260,430,1.5294,140,170,310,1.2143,120,130,250,1.0833,110,110,220,1.0,125,73
900,280,650,190,660,850,3.4737,160,440,600,2.75,150,350,500,2.3333,130,210,340,1.6154,120,120,240,1.0,100,100,200,1.0,125,73
910,250,690,190,470,660,2.4737,160,330,490,2.0625,140,280,420,2.0,130,160,290,1.2308,110,110,220,1.0,100,90,190,0.9,125,73
920,220,680,190,450,640,2.3684,160,330,490,2.0625,150,290,440,1.9333,130,170,300,1.3077,110,120,230,1.0909,100,100,200,1.0,125,73
910,240,680,190,490,680,2.5789,170,330,500,1.9412,160,270,430,1.6875,130,160,290,1.2308,120,110,230,0.91667,100,90,190,0.9,126,73
900,230,680,200,460,660,2.3,170,340,510,2.0,160,280,440,1.75,140,170,310,1.2143,120,120,240,1.0,110,100,210,0.90909,126,73
910,220,700,240,480,720,2.0,180,360,540,2.0,170,320,490,1.8824,150,200,350,1.3333,120,130,250,1.0833,110,110,220,1.0,126,74
910,210,580,200,410,610,2.05,170,290,460,1.7059,160,240,400,1.5,130,150,280,1.1538,110,110,220,1.0,100,90,190,0.9,126,74
910,330,650,210,660,870,3.1429,170,400,570,2.3529,160,320,480,2.0,140,170,310,1.2143,120,120,240,1.0,100,100,200,1.0,125,74
930,260,660,190,440,630,2.3158,160,320,480,2.0,150,260,410,1.7333,130,150,280,1.1538,120,110,230,0.91667,100,90,190,0.9,125,73
890,290,530,190,540,730,2.8421,170,370,540,2.1765,150,300,450,2.0,140,170,310,1.2143,120,120,240,1.0,100,100,200,1.0,125,73
890,360,680,190,390,580,2.0526,140,280,420,2.0,140,250,390,1.7857,130,180,310,1.3846,110,120,230,1.0909,100,110,210,1.1,126,74
910,210,680,230,430,660,1.8696,190,320,510,1.6842,160,270,430,1.6875,140,180,320,1.2857,110,130,240,1.1818,100,100,200,1.0,126,74
910,320,680,180,460,640,2.5556,160,330,490,2.0625,150,270,420,1.8,130,160,290,1.2308,110,110,220,1.0,90,100,190,1.1111,125,73
920,230,680,180,470,650,2.6111,150,330,480,2.2,140,280,420,2.0,130,160,290,1.2308,110,120,230,1.0909,90,110,200,1.2222,125,73
910,240,660,190,670,860,3.5263,170,360,530,2.1176,160,300,460,1.875,140,170,310,1.2143,120,120,240,1.0,110,100,210,0.90909,125,73
900,210,550,230,420,650,1.8261,190,310,500,1.6316,170,250,420,1.4706,150,150,300,1.0,120,120,240,1.0,110,100,210,0.90909,126,74
910,350,630,170,640,810,3.7647,150,430,580,2.8667,140,360,500,2.5714,130,160,290,1.2308,100,120,220,1.2,90,90,180,1.0,125,74
910,280,690,180,480,660,2.6667,160,340,500,2.125,150,290,440,1.9333,120,170,290,1.4167,110,120,230,1.0909,100,100,200,1.0,125,73
910,220,610,190,460,650,2.4211,160,340,500,2.125,150,280,430,1.8667,130,160,290,1.2308,120,110,230,0.91667,100,100,200,1.0,125,73
910,300,610,180,590,770,3.2778,160,360,520,2.25,150,290,440,1.9333,130,170,300,1.3077,110,120,230,1.0909,100,100,200,1.0,125,73
900,300,680,190,460,650,2.4211,170,330,500,1.9412,160,280,440,1.75,130,170,300,1.3077,120,120,240,1.0,100,100,200,1.0,126,74
900,220,690,240,470,710,1.9583,220,360,580,1.6364,170,310,480,1.8235,150,190,340,1.2667,120,140,260,1.1667,110,110,220,1.0,127,74
900,210,570,180,410,590,2.2778,160,290,450,1.8125,140,240,380,1.7143,130,160,290,1.2308,100,120,220,1.2,90,100,190,1.1111,126,74
910,330,650,170,660,830,3.8824,150,420,570,2.8,140,340,480,2.4286,120,200,320,1.6667,100,140,240,1.4,80,110,190,1.375,126,74
910,260,680,180,430,610,2.3889,150,310,460,2.0667,140,260,400,1.8571,120,160,280,1.3333,100,120,220,1.2,90,100,190,1.1111,126,74
920,230,680,180,440,620,2.4444,160,330,490,2.0625,150,280,430,1.8667,130,170,300,1.3077,110,130,240,1.1818,90,110,200,1.2222,126,73
910,240,650,190,650,840,3.4211,170,360,530,2.1176,160,300,460,1.875,130,170,300,1.3077,120,120,240,1.0,100,100,200,1.0,127,74
900,260,680,200,440,640,2.2,170,310,480,1.8235,160,260,420,1.625,140,150,290,1.0714,130,110,240,0.84615,110,90,200,0.81818,127,74
900,220,640,240,420,660,1.75,200,310,510,1.55,180,240,420,1.3333,150,150,300,1.0,130,120,250,0.92308,110,100,210,0.90909,126,74
900,260,640,180,450,630,2.5,160,310,470,1.9375,140,250,390,1.7857,130,150,280,1.1538,110,110,220,1.0,80,90,170,1.125,126,74
910,260,610,170,620,790,3.6471,140,420,560,3.0,140,340,480,2.4286,120,180,300,1.5,110,120,230,1.0909,100,110,210,1.1,125,73
920,300,690,170,450,620,2.6471,150,320,470,2.1333,140,260,400,1.8571,130,160,290,1.2308,110,130,240,1.1818,90,100,190,1.1111,125,73
900,230,670,190,400,590,2.1053,170,290,460,1.7059,160,240,400,1.5,130,150,280,1.1538,120,110,230,0.91667,100,90,190,0.9,125,73
910,230,670,180,490,670,2.7222,160,350,510,2.1875,150,290,440,1.9333,130,170,300,1.3077,110,120,230,1.0909,100,110,210,1.1,126,73
900,240,690,260,470,730,1.8077,180,360,540,2.0,170,330,500,1.9412,140,190,330,1.3571,120,130,250,1.0833,110,110,220,1.0,126,73
910,210,580,230,420,650,1.8261,170,310,480,1.8235,150,250,400,1.6667,130,170,300,1.3077,110,130,240,1.1818,90,110,200,1.2222,125,73
900,330,570,180,460,640,2.5556,150,340,490,2.2667,150,260,410,1.7333,120,150,270,1.25,110,110,220,1.0,90,100,190,1.1111,124,73
910,250,650,180,450,630,2.5,170,320,490,1.8824,150,260,410,1.7333,140,160,300,1.1429,110,120,230,1.0909,100,90,190,0.9,124,73
900,260,660,200,440,640,2.2,170,310,480,1.8235,170,260,430,1.5294,140,150,290,1.0714,130,110,240,0.84615,110,90,200,0.81818,125,73
910,240,680,190,430,620,2.2632,170,320,490,1.8824,150,260,410,1.7333,140,160,300,1.1429,120,120,240,1.0,110,100,210,0.90909,125,73
900,230,690,250,430,680,1.72,250,300,550,1.2,200,250,450,1.25,170,160,330,0.94118,130,130,260,1.0,130,110,240,0.84615,125,73
910,210,590,180,420,600,2.3333,150,310,460,2.0667,150,230,380,1.5333,130,140,270,1.0769,110,110,220,1.0,100,90,190,0.9,125,73
900,320,360,180,370,550,2.0556,160,320,480,2.0,150,270,420,1.8,130,160,290,1.2308,110,110,220,1.0,100,90,190,0.9,123,72
900,220,680,190,460,650,2.4211,170,330,500,1.9412,160,260,420,1.625,130,160,290,1.2308,120,110,230,0.91667,100,100,200,1.0,124,72
910,220,680,180,690,870,3.8333,160,360,520,2.25,150,300,450,2.0,130,180,310,1.3846,100,130,230,1.3,90,110,200,1.2222,124,72
910,230,700,180,440,620,2.4444,170,320,490,1.8824,150,260,410,1.7333,140,170,310,1.2143,110,130,240,1.1818,90,110,200,1.2222,124,72
900,210,670,230,420,650,1.8261,230,310,540,1.3478,180,260,440,1.4444,160,170,330,1.0625,140,130,270,0.92857,120,100,220,0.8333299999999999,124,72
900,230,660,180,480,660,2.6667,150,340,490,2.2667,140,280,420,2.0,120,160,280,1.3333,110,120,230,1.0909,90,100,190,1.1111,123,72
910,260,640,180,430,610,2.3889,150,310,460,2.0667,150,260,410,1.7333,120,150,270,1.25,110,110,220,1.0,100,100,200,1.0,122,72
910,270,630,180,420,600,2.3333,160,340,500,2.125,140,280,420,2.0,130,160,290,1.2308,110,110,220,1.0,100,100,200,1.0,122,72
910,280,680,190,460,650,2.4211,170,320,490,1.8824,160,270,430,1.6875,130,170,300,1.3077,120,120,240,1.0,100,100,200,1.0,123,72
910,210,580,190,410,600,2.1579,160,290,450,1.8125,140,240,380,1.7143,130,160,290,1.2308,110,110,220,1.0,100,100,200,1.0,123,72
910,330,600,180,480,660,2.6667,160,330,490,2.0625,150,270,420,1.8,130,160,290,1.2308,110,110,220,1.0,100,90,190,0.9,122,72
910,310,660,180,620,800,3.4444,160,360,520,2.25,140,290,430,2.0714,120,170,290,1.4167,80,120,200,1.5,60,100,160,1.6667,122,72
910,250,570,190,420,610,2.2105,160,310,470,1.9375,150,250,400,1.6667,130,150,280,1.1538,110,110,220,1.0,100,100,200,1.0,122,72
910,340,660,190,400,590,2.1053,170,260,430,1.5294,160,210,370,1.3125,140,160,300,1.1429,110,110,220,1.0,110,100,210,0.90909,122,72
890,250,650,190,440,630,2.3158,170,310,480,1.8235,160,250,410,1.5625,140,160,300,1.1429,120,120,240,1.0,110,100,210,0.90909,123,72
920,240,640,260,430,690,1.6538,190,310,500,1.6316,170,260,430,1.5294,150,170,320,1.1333,120,130,250,1.0833,100,110,210,1.1,123,72
900,280,630,180,470,650,2.6111,160,310,470,1.9375,150,250,400,1.6667,130,150,280,1.1538,110,110,220,1.0,100,90,190,0.9,123,72
910,270,630,170,470,640,2.7647,150,340,490,2.2667,140,270,410,1.9286,120,160,280,1.3333,100,120,220,1.2,90,100,190,1.1111,122,72
920,280,690,220,700,920,3.1818,160,390,550,2.4375,150,310,460,2.0667,130,180,310,1.3846,120,120,240,1.0,100,110,210,1.1,122,72
880,230,570,190,450,640,2.3684,160,310,470,1.9375,150,270,420,1.8,130,150,280,1.1538,120,110,230,0.91667,100,90,190,0.9,122,72
930,310,710,160,420,580,2.625,140,290,430,2.0714,130,220,350,1.6923,110,160,270,1.4545,90,120,210,1.3333,80,100,180,1.25,122,72
890,220,700,190,460,650,2.4211,160,340,500,2.125,160,280,440,1.75,130,180,310,1.3846,120,130,250,1.0833,100,110,210,1.1,123,72
910,190,650,210,430,640,2.0476,210,300,510,1.4286,170,250,420,1.4706,140,190,330,1.3571,110,140,250,1.2727,90,130,220,1.4444,123,72
910,260,690,170,510,680,3.0,150,340,490,2.2667,140,270,410,1.9286,120,170,290,1.4167,100,120,220,1.2,80,100,180,1.25,122,72
910,220,450,180,460,640,2.5556,150,330,480,2.2,150,270,420,1.8,120,160,280,1.3333,110,110,220,1.0,90,100,190,1.1111,122,72
910,240,710,180,510,690,2.8333,170,330,500,1.9412,150,270,420,1.8,130,170,300,1.3077,110,120,230,1.0909,100,100,200,1.0,122,72
900,200,680,190,420,610,2.2105,170,300,470,1.7647,160,240,400,1.5,140,150,290,1.0714,120,110,230,0.91667,110,100,210,0.90909,123,72
910,220,690,240,460,700,1.9167,190,350,540,1.8421,180,300,480,1.6667,150,200,350,1.3333,130,130,260,1.0,110,120,230,1.0909,123,72
910,300,690,180,470,650,2.6111,150,340,490,2.2667,150,270,420,1.8,130,160,290,1.2308,120,110,230,0.91667,100,100,200,1.0,122,72
910,220,670,180,560,740,3.1111,150,380,530,2.5333,150,320,470,2.1333,130,160,290,1.2308,110,120,230,1.0909,100,100,200,1.0,122,72
910,240,660,180,430,610,2.3889,160,310,470,1.9375,150,250,400,1.6667,130,160,290,1.2308,110,120,230,1.0909,100,90,190,0.9,123,72
910,250,680,190,490,680,2.5789,160,360,520,2.25,160,290,450,1.8125,130,170,300,1.3077,110,130,240,1.1818,100,100,200,1.0,124,72
910,230,700,190,450,640,2.3684,160,320,480,2.0,160,260,420,1.625,140,170,310,1.2143,110,120,230,1.0909,100,110,210,1.1,124,72
910,210,650,230,430,660,1.8696,200,310,510,1.55,180,250,430,1.3889,150,160,310,1.0667,130,120,250,0.92308,110,100,210,0.90909,123,72
910,260,550,200,560,760,2.8,170,390,560,2.2941,160,320,480,2.0,130,180,310,1.3846,120,120,240,1.0,100,100,200,1.0,123,72
970,360,620,180,440,620,2.4444,160,310,470,1.9375,150,250,400,1.6667,130,150,280,1.1538,110,110,220,1.0,100,90,190,0.9,123,72
910,280,680,180,480,660,2.6667,150,330,480,2.2,140,270,410,1.9286,130,160,290,1.2308,100,120,220,1.2,100,100,200,1.0,122,72
910,230,680,180,410,590,2.2778,160,290,450,1.8125,150,270,420,1.8,130,160,290,1.2308,110,120,230,1.0909,100,100,200,1.0,123,72
900,230,690,250,480,730,1.92,180,360,540,2.0,160,300,460,1.875,150,180,330,1.2,120,130,250,1.0833,110,100,210,0.90909,123,72
900,210,500,220,400,620,1.8182,170,290,460,1.7059,150,230,380,1.5333,140,160,300,1.1429,110,120,230,1.0909,100,100,200,1.0,122,72
900,400,590,190,600,790,3.1579,160,380,540,2.375,150,300,450,2.0,120,170,290,1.4167,110,120,230,1.0909,90,100,190,1.1111,121,71
920,310,690,170,450,620,2.6471,140,320,460,2.2857,140,270,410,1.9286,120,160,280,1.3333,100,120,220,1.2,90,110,200,1.2222,121,71
910,230,650,180,470,650,2.6111,160,330,490,2.0625,150,270,420,1.8,140,160,300,1.1429,110,120,230,1.0909,100,100,200,1.0,122,71
910,260,660,190,670,860,3.5263,170,360,530,2.1176,160,290,450,1.8125,140,160,300,1.1429,120,120,240,1.0,100,100,200,1.0,122,71
900,250,680,210,380,590,1.8095,180,260,440,1.4444,160,190,350,1.1875,150,130,280,0.86667,130,90,220,0.69231,110,80,190,0.72727,122,71
900,220,640,240,440,680,1.8333,190,320,510,1.6842,180,270,450,1.5,150,180,330,1.2,130,120,250,0.92308,110,110,220,1.0,122,71
900,260,540,180,550,730,3.0556,160,330,490,2.0625,150,240,390,1.6,120,150,270,1.25,110,110,220,1.0,100,100,200,1.0,122,72
910,300,700,180,460,640,2.5556,150,360,510,2.4,150,280,430,1.8667,120,170,290,1.4167,100,120,220,1.2,90,110,200,1.2222,121,70
930,210,690,170,560,730,3.2941,150,360,510,2.4,140,290,430,2.0714,120,170,290,1.4167,90,130,220,1.4444,90,110,200,1.2222,121,70
910,240,670,190,470,660,2.4737,170,330,500,1.9412,160,270,430,1.6875,140,160,300,1.1429,120,120,240,1.0,110,100,210,0.90909,122,70
900,240,690,260,450,710,1.7308,200,350,550,1.75,180,300,480,1.6667,160,190,350,1.1875,130,130,260,1.0,120,110,230,0.91667,122,70
910,210,540,180,410,590,2.2778,150,300,450,2.0,150,230,380,1.5333,130,150,280,1.1538,110,110,220,1.0,100,100,200,1.0,121,70
910,370,690,190,700,890,3.6842,160,410,570,2.5625,150,330,480,2.2,130,190,320,1.4615,110,120,230,1.0909,100,110,210,1.1,120,70
970,220,680,170,450,620,2.6471,150,320,470,2.1333,140,260,400,1.8571,130,160,290,1.2308,100,120,220,1.2,100,100,200,1.0,120,70
920,230,690,180,700,880,3.8889,160,370,530,2.3125,150,300,450,2.0,130,180,310,1.3846,110,130,240,1.1818,90,100,190,1.1111,120,70
900,230,690,200,400,600,2.0,170,280,450,1.6471,170,250,420,1.4706,140,170,310,1.2143,130,120,250,0.92308,110,100,210,0.90909,121,71
910,210,670,230,430,660,1.8696,200,310,510,1.55,180,260,440,1.4444,150,160,310,1.0667,130,120,250,0.92308,110,110,220,1.0,121,71
900,240,480,180,490,670,2.7222,160,330,490,2.0625,150,260,410,1.7333,130,150,280,1.1538,110,110,220,1.0,100,90,190,0.9,120,71
910,270,690,190,430,620,2.2632,150,310,460,2.0667,150,250,400,1.6667,130,150,280,1.1538,120,110,230,0.91667,100,100,200,1.0,120,70
910,220,680,170,410,580,2.4118,150,290,440,1.9333,140,230,370,1.6429,130,150,280,1.1538,100,110,210,1.1,100,90,190,0.9,120,70
900,230,670,180,500,680,2.7778,160,340,500,2.125,150,280,430,1.8667,130,170,300,1.3077,110,130,240,1.1818,100,100,200,1.0,121,71
910,230,700,250,490,740,1.96,190,350,540,1.8421,170,300,470,1.7647,140,170,310,1.2143,120,120,240,1.0,110,90,200,0.81818,121,71
900,210,640,190,410,600,2.1579,160,280,440,1.75,140,230,370,1.6429,130,150,280,1.1538,100,120,220,1.2,90,100,190,1.1111,121,71
920,250,650,170,450,620,2.6471,150,320,470,2.1333,140,250,390,1.7857,130,150,280,1.1538,100,110,210,1.1,100,90,190,0.9,120,71
910,270,640,200,480,680,2.4,170,330,500,1.9412,160,270,430,1.6875,140,160,300,1.1429,120,120,240,1.0,100,90,190,0.9,120,71
910,270,680,190,530,720,2.7895,170,340,510,2.0,160,280,440,1.75,130,170,300,1.3077,120,120,240,1.0,100,90,190,0.9,121,71
900,230,680,190,440,630,2.3158,170,310,480,1.8235,160,260,420,1.625,140,160,300,1.1429,120,120,240,1.0,110,100,210,0.90909,121,71
920,220,700,240,440,680,1.8333,240,320,560,1.3333,170,270,440,1.5882,150,180,330,1.2,120,130,250,1.0833,100,120,220,1.2,121,71
910,220,560,190,430,620,2.2632,160,300,460,1.875,150,230,380,1.5333,130,150,280,1.1538,110,110,220,1.0,100,90,190,0.9,121,71
920,350,630,170,640,810,3.7647,160,420,580,2.625,140,350,490,2.5,130,210,340,1.6154,100,130,230,1.3,90,110,200,1.2222,121,71
910,290,660,190,440,630,2.3158,170,310,480,1.8235,160,240,400,1.5,130,150,280,1.1538,120,110,230,0.91667,100,90,190,0.9,121,71
920,250,540,190,420,610,2.2105,160,310,470,1.9375,160,250,410,1.5625,130,160,290,1.2308,120,120,240,1.0,100,90,190,0.9,121,71
900,380,670,200,680,880,3.4,170,360,530,2.1176,160,290,450,1.8125,140,170,310,1.2143,120,120,240,1.0,110,100,210,0.90909,122,72
910,230,700,230,490,720,2.1304,180,360,540,2.0,160,300,460,1.875,140,190,330,1.3571,120,130,250,1.0833,110,110,220,1.0,122,72
910,210,570,230,410,640,1.7826,180,290,470,1.6111,170,240,410,1.4118,140,160,300,1.1429,120,130,250,1.0833,110,100,210,0.90909,122,71
920,340,570,170,500,670,2.9412,150,350,500,2.3333,140,280,420,2.0,120,160,280,1.3333,100,120,220,1.2,80,100,180,1.25,121,71
920,350,650,210,660,870,3.1429,170,410,580,2.4118,160,340,500,2.125,140,180,320,1.2857,120,120,240,1.0,100,100,200,1.0,121,71
910,270,660,190,430,620,2.2632,160,310,470,1.9375,160,250,410,1.5625,130,150,280,1.1538,120,110,230,0.91667,100,90,190,0.9,121,71
920,250,690,190,430,620,2.2632,150,300,450,2.0,150,230,380,1.5333,130,150,280,1.1538,120,110,230,0.91667,100,90,190,0.9,122,71
910,230,690,190,470,660,2.4737,170,320,490,1.8824,160,270,430,1.6875,140,150,290,1.0714,120,110,230,0.91667,110,100,210,0.90909,122,71
910,220,690,240,440,680,1.8333,240,320,560,1.3333,190,270,460,1.4211,160,210,370,1.3125,140,150,290,1.0714,120,120,240,1.0,123,72
900,220,560,190,400,590,2.1053,170,290,460,1.7059,150,220,370,1.4667,130,140,270,1.0769,120,110,230,0.91667,100,90,190,0.9,123,72
930,340,450,170,460,630,2.7059,150,340,490,2.2667,140,270,410,1.9286,120,170,290,1.4167,100,120,220,1.2,90,110,200,1.2222,121,71
920,230,710,180,450,630,2.5,150,320,470,2.1333,150,260,410,1.7333,120,160,280,1.3333,100,120,220,1.2,100,100,200,1.0,121,71
910,210,680,190,670,860,3.5263,170,340,510,2.0,150,270,420,1.8,140,160,300,1.1429,120,120,240,1.0,100,100,200,1.0,121,71
890,230,690,200,440,640,2.2,170,320,490,1.8824,160,260,420,1.625,140,160,300,1.1429,130,120,250,0.92308,110,90,200,0.81818,122,71
920,200,640,220,430,650,1.9545,220,320,540,1.4545,180,250,430,1.3889,140,160,300,1.1429,120,110,230,0.91667,100,90,190,0.9,122,71
910,280,680,180,480,660,2.6667,160,330,490,2.0625,140,260,400,1.8571,130,160,290,1.2308,110,110,220,1.0,110,90,200,0.81818,121,71
910,220,700,170,450,620,2.6471,150,320,470,2.1333,140,260,400,1.8571,120,160,280,1.3333,100,120,220,1.2,90,110,200,1.2222,121,71
920,210,560,180,470,650,2.6111,150,350,500,2.3333,140,290,430,2.0714,130,170,300,1.3077,110,130,240,1.1818,90,110,200,1.2222,121,71
900,360,670,190,480,670,2.5263,170,330,500,1.9412,160,280,440,1.75,140,170,310,1.2143,120,120,240,1.0,100,100,200,1.0,122,71
900,230,710,250,500,750,2.0,180,380,560,2.1111,170,320,490,1.8824,140,200,340,1.4286,120,140,260,1.1667,110,110,220,1.0,122,71
920,190,560,210,420,630,2.0,160,320,480,2.0,140,240,380,1.7143,120,160,280,1.3333,100,120,220,1.2,100,110,210,1.1,122,71
940,360,610,190,460,650,2.4211,160,320,480,2.0,140,260,400,1.8571,130,160,290,1.2308,110,110,220,1.0,100,90,190,0.9,121,71
880,330,600,210,610,820,2.9048,180,360,540,2.0,170,290,460,1.7059,150,160,310,1.0667,130,90,220,0.69231,120,80,200,0.66667,120,71
910,280,670,180,430,610,2.3889,160,300,460,1.875,150,240,390,1.6,130,150,280,1.1538,110,110,220,1.0,100,90,190,0.9,120,71
900,240,570,190,420,610,2.2105,160,280,440,1.75,160,250,410,1.5625,140,160,300,1.1429,110,110,220,1.0,110,100,210,0.90909,120,71
900,330,690,180,440,620,2.4444,160,320,480,2.0,150,260,410,1.7333,130,170,300,1.3077,120,120,240,1.0,100,100,200,1.0,121,71
910,210,600,230,410,640,1.7826,180,300,480,1.6667,150,260,410,1.7333,140,170,310,1.2143,120,130,250,1.0833,110,110,220,1.0,120,71
910,310,590,180,420,600,2.3333,150,300,450,2.0,140,240,380,1.7143,130,160,290,1.2308,100,120,220,1.2,90,100,190,1.1111,120,71
920,320,680,180,470,650,2.6111,160,340,500,2.125,150,280,430,1.8667,130,170,300,1.3077,110,120,230,1.0909,90,100,190,1.1111,120,71
910,240,660,190,470,660,2.4737,170,330,500,1.9412,150,270,420,1.8,130,160,290,1.2308,110,130,240,1.1818,100,100,200,1.0,120,71
910,250,550,190,430,620,2.2632,170,300,470,1.7647,150,240,390,1.6,130,150,280,1.1538,120,110,230,0.91667,100,100,200,1.0,120,71
900,230,690,200,460,660,2.3,170,310,480,1.8235,160,250,410,1.5625,140,160,300,1.1429,120,110,230,0.91667,110,100,210,0.90909,121,71
900,210,610,230,410,640,1.7826,210,290,500,1.381,180,270,450,1.5,150,170,320,1.1333,120,120,240,1.0,110,100,210,0.90909,121,71
910,290,580,180,470,650,2.6111,150,320,470,2.1333,140,260,400,1.8571,130,160,290,1.2308,100,120,220,1.2,100,100,200,1.0,120,71
910,330,500,180,450,630,2.5,160,330,490,2.0625,150,260,410,1.7333,130,160,290,1.2308,110,110,220,1.0,100,90,190,0.9,120,71
900,220,680,180,510,690,2.8333,140,330,470,2.3571,140,270,410,1.9286,130,160,290,1.2308,110,120,230,1.0909,90,100,190,1.1111,121,71
900,220,690,190,410,600,2.1579,150,290,440,1.9333,140,230,370,1.6429,120,160,280,1.3333,100,130,230,1.3,90,100,190,1.1111,121,71
920,210,690,230,480,710,2.087,180,360,540,2.0,160,310,470,1.9375,140,200,340,1.4286,110,150,260,1.3636,100,120,220,1.2,122,71
900,230,570,180,410,590,2.2778,160,280,440,1.75,150,220,370,1.4667,130,140,270,1.0769,110,100,210,0.90909,100,80,180,0.8,121,71
910,330,660,170,470,640,2.7647,160,340,500,2.125,140,270,410,1.9286,120,160,280,1.3333,100,120,220,1.2,90,100,190,1.1111,121,71
920,250,660,170,520,690,3.0588,150,370,520,2.4667,140,250,390,1.7857,120,160,280,1.3333,110,120,230,1.0909,90,100,190,1.1111,120,71
900,260,630,190,460,650,2.4211,160,320,480,2.0,150,260,410,1.7333,130,160,290,1.2308,110,110,220,1.0,110,100,210,0.90909,121,71
910,270,680,180,540,720,3.0,160,360,520,2.25,150,280,430,1.8667,130,170,300,1.3077,110,130,240,1.1818,90,100,190,1.1111,121,71
900,230,690,190,410,600,2.1579,160,290,450,1.8125,160,240,400,1.5,130,160,290,1.2308,120,120,240,1.0,110,100,210,0.90909,121,71
910,210,690,230,420,650,1.8261,190,310,500,1.6316,170,250,420,1.4706,140,170,310,1.2143,120,120,240,1.0,110,110,220,1.0,121,71
910,220,660,180,580,760,3.2222,160,350,510,2.1875,150,280,430,1.8667,130,160,290,1.2308,120,110,230,0.91667,100,90,190,0.9,120,71
900,250,590,180,460,640,2.5556,160,320,480,2.0,150,260,410,1.7333,120,150,270,1.25,110,110,220,1.0,90,90,180,1.0,120,71
900,310,680,180,470,650,2.6111,150,360,510,2.4,150,290,440,1.9333,130,200,330,1.5385,100,140,240,1.4,90,100,190,1.1111,120,71
900,220,690,170,460,630,2.7059,160,310,470,1.9375,140,250,390,1.7857,120,160,280,1.3333,110,120,230,1.0909,90,100,190,1.1111,120,71
910,210,690,180,450,630,2.5,150,360,510,2.4,140,300,440,2.1429,120,200,320,1.6667,100,140,240,1.4,90,120,210,1.3333,121,71
890,220,680,200,470,670,2.35,170,340,510,2.0,160,290,450,1.8125,130,170,300,1.3077,120,130,250,1.0833,100,110,210,1.1,121,71
910,240,660,180,460,640,2.5556,150,330,480,2.2,140,270,410,1.9286,110,160,270,1.4545,90,120,210,1.3333,80,100,180,1.25,120,71
890,250,650,190,600,790,3.1579,170,340,510,2.0,160,270,430,1.6875,130,150,280,1.1538,110,110,220,1.0,100,90,190,0.9,120,71
910,240,690,200,390,590,1.95,170,250,420,1.4706,160,200,360,1.25,140,180,320,1.2857,120,130,250,1.0833,100,110,210,1.1,121,71
900,220,690,240,460,700,1.9167,200,340,540,1.7,170,290,460,1.7059,150,190,340,1.2667,130,130,260,1.0,110,110,220,1.0,121,71
900,210,620,180,420,600,2.3333,150,270,420,1.8,150,220,370,1.4667,130,140,270,1.0769,120,110,230,0.91667,100,90,190,0.9,121,71
910,280,640,180,470,650,2.6111,160,320,480,2.0,140,260,400,1.8571,130,150,280,1.1538,110,110,220,1.0,90,90,180,1.0,120,71
900,270,620,190,450,640,2.3684,160,310,470,1.9375,160,260,420,1.625,130,150,280,1.1538,120,110,230,0.91667,100,90,190,0.9,120,71
910,280,670,180,450,630,2.5,160,310,470,1.9375,150,250,400,1.6667,130,160,290,1.2308,110,120,230,1.0909,100,100,200,1.0,120,71
880,240,670,190,680,870,3.5789,170,350,520,2.0588,160,280,440,1.75,140,160,300,1.1429,120,120,240,1.0,100,100,200,1.0,121,71
920,210,710,180,410,590,2.2778,150,280,430,1.8667,140,210,350,1.5,120,150,270,1.25,100,110,210,1.1,90,80,170,0.88889,121,71
910,210,600,230,420,650,1.8261,190,310,500,1.6316,180,250,430,1.3889,140,170,310,1.2143,130,130,260,1.0,110,110,220,1.0,121,71
900,310,580,180,590,770,3.2778,160,400,560,2.5,150,320,470,2.1333,130,150,280,1.1538,110,110,220,1.0,90,90,180,1.0,121,71
920,320,600,170,470,640,2.7647,150,320,470,2.1333,140,250,390,1.7857,120,160,280,1.3333,100,120,220,1.2,90,100,190,1.1111,120,71
900,320,670,180,470,650,2.6111,160,320,480,2.0,150,270,420,1.8,140,150,290,1.0714,100,110,210,1.1,100,100,200,1.0,120,71
910,230,680,170,460,630,2.7059,160,320,480,2.0,140,260,400,1.8571,120,160,280,1.3333,100,120,220,1.2,90,100,190,1.1111,120,71
910,230,710,190,470,660,2.4737,160,320,480,2.0,150,270,420,1.8,130,170,300,1.3077,110,120,230,1.0909,100,110,210,1.1,121,71
900,200,690,220,480,700,2.1818,180,350,530,1.9444,170,300,470,1.7647,150,200,350,1.3333,120,130,250,1.0833,110,110,220,1.0,122,71
900,210,630,230,410,640,1.7826,170,300,470,1.7647,160,230,390,1.4375,130,150,280,1.1538,120,120,240,1.0,100,100,200,1.0,121,71
910,270,650,180,660,840,3.6667,150,440,590,2.9333,140,350,490,2.5,120,200,320,1.6667,100,130,230,1.3,90,110,200,1.2222,121,71
910,260,640,180,450,630,2.5,150,330,480,2.2,140,260,400,1.8571,130,160,290,1.2308,110,120,230,1.0909,90,90,180,1.0,120,71
900,270,690,200,430,630,2.15,160,320,480,2.0,160,270,430,1.6875,130,160,290,1.2308,120,110,230,0.91667,110,100,210,0.90909,120,71
910,210,680,180,510,690,2.8333,150,360,510,2.4,150,280,430,1.8667,130,170,300,1.3077,110,120,230,1.0909,100,110,210,1.1,121,71
900,230,680,190,460,650,2.4211,170,320,490,1.8824,160,260,420,1.625,140,160,300,1.1429,120,120,240,1.0,100,100,200,1.0,121,71
900,220,680,240,440,680,1.8333,190,330,520,1.7368,170,270,440,1.5882,150,180,330,1.2,120,130,250,1.0833,110,110,220,1.0,120,71
900,220,610,170,410,580,2.4118,150,290,440,1.9333,140,230,370,1.6429,130,150,280,1.1538,110,110,220,1.0,100,90,190,0.9,120,71
900,290,690,180,700,880,3.8889,150,370,520,2.4667,150,300,450,2.0,130,170,300,1.3077,110,120,230,1.0909,100,100,200,1.0,120,71
910,210,690,170,450,620,2.6471,150,330,480,2.2,140,260,400,1.8571,120,170,290,1.4167,100,130,230,1.3,90,100,190,1.1111,119,71
900,220,660,180,420,600,2.3333,160,300,460,1.875,150,260,410,1.7333,130,170,300,1.3077,110,130,240,1.1818,90,100,190,1.1111,119,70
900,240,680,180,690,870,3.8333,160,360,520,2.25,140,300,440,2.1429,130,180,310,1.3846,100,130,230,1.3,100,110,210,1.1,120,71
900,220,700,190,410,600,2.1579,160,340,500,2.125,150,280,430,1.8667,130,180,310,1.3846,110,140,250,1.2727,90,110,200,1.2222,120,71
910,200,680,220,420,640,1.9091,180,310,490,1.7222,160,250,410,1.5625,140,170,310,1.2143,110,130,240,1.1818,100,120,220,1.2,120,71
900,230,580,180,470,650,2.6111,160,320,480,2.0,150,250,400,1.6667,130,150,280,1.1538,110,110,220,1.0,90,90,180,1.0,119,71
900,240,670,180,440,620,2.4444,160,310,470,1.9375,150,240,390,1.6,130,150,280,1.1538,100,110,210,1.1,100,100,200,1.0,119,71
910,230,660,180,440,620,2.4444,160,300,460,1.875,140,250,390,1.7857,130,160,290,1.2308,100,120,220,1.2,80,100,180,1.25,119,71
900,250,660,200,480,680,2.4,170,330,500,1.9412,160,270,430,1.6875,140,160,300,1.1429,120,110,230,0.91667,90,100,190,1.1111,120,71
890,240,680,260,450,710,1.7308,200,320,520,1.6,180,260,440,1.4444,150,170,320,1.1333,130,130,260,1.0,120,110,230,0.91667,121,71
910,210,640,210,410,620,1.9524,160,300,460,1.875,150,240,390,1.6,130,160,290,1.2308,110,120,230,1.0909,100,100,200,1.0,119,71
890,270,400,180,410,590,2.2778,170,330,500,1.9412,150,270,420,1.8,130,150,280,1.1538,110,110,220,1.0,100,90,190,0.9,119,71
900,270,690,200,450,650,2.25,170,320,490,1.8824,160,250,410,1.5625,130,150,280,1.1538,120,110,230,0.91667,100,90,190,0.9,119,70
900,210,680,190,620,810,3.2632,160,340,500,2.125,160,270,430,1.6875,130,170,300,1.3077,110,120,230,1.0909,110,100,210,0.90909,120,71
890,220,480,180,450,630,2.5,170,330,500,1.9412,160,270,430,1.6875,140,160,300,1.1429,120,120,240,1.0,110,90,200,0.81818,120,71
890,260,630,170,430,600,2.5294,160,300,460,1.875,150,250,400,1.6667,130,150,280,1.1538,120,110,230,0.91667,100,100,200,1.0,120,71
900,260,630,170,640,810,3.7647,150,380,530,2.5333,140,310,450,2.2143,120,150,270,1.25,100,110,210,1.1,100,90,190,0.9,120,71
900,270,690,190,430,620,2.2632,150,310,460,2.0667,150,250,400,1.6667,130,150,280,1.1538,110,110,220,1.0,100,100,200,1.0,119,71
900,210,610,180,430,610,2.3889,160,300,460,1.875,150,250,400,1.6667,130,160,290,1.2308,110,120,230,1.0909,90,90,180,1.0,119,70
900,290,670,190,650,840,3.4211,160,350,510,2.1875,150,270,420,1.8,140,160,300,1.1429,120,110,230,0.91667,110,100,210,0.90909,120,71
890,230,680,200,430,630,2.15,170,290,460,1.7059,170,240,410,1.4118,140,160,300,1.1429,130,110,240,0.84615,110,90,200,0.81818,121,71
900,210,610,230,410,640,1.7826,230,300,530,1.3043,190,240,430,1.2632,140,160,300,1.1429,130,120,250,0.92308,110,100,210,0.90909,120,71
910,290,620,170,480,650,2.8235,160,330,490,2.0625,140,270,410,1.9286,130,170,300,1.3077,110,120,230,1.0909,90,100,190,1.1111,120,71
900,290,610,180,620,800,3.4444,150,450,600,3.0,150,380,530,2.5333,130,230,360,1.7692,110,150,260,1.3636,100,120,220,1.2,120,71
910,290,690,170,440,610,2.5882,150,310,460,2.0667,140,250,390,1.7857,130,160,290,1.2308,110,120,230,1.0909,90,100,190,1.1111,119,71
890,220,670,180,390,570,2.1667,160,320,480,2.0,150,260,410,1.7333,130,160,290,1.2308,110,120,230,1.0909,100,100,200,1.0,119,71
910,220,690,180,480,660,2.6667,150,330,480,2.2,140,280,420,2.0,130,170,300,1.3077,100,130,230,1.3,90,110,200,1.2222,120,71
900,220,690,240,510,750,2.125,180,380,560,2.1111,170,320,490,1.8824,140,190,330,1.3571,120,140,260,1.1667,110,110,220,1.0,121,71
910,210,580,190,410,600,2.1579,160,290,450,1.8125,150,240,390,1.6,130,160,290,1.2308,100,120,220,1.2,100,110,210,1.1,121,71
910,330,570,170,470,640,2.7647,150,330,480,2.2,140,260,400,1.8571,130,160,290,1.2308,100,120,220,1.2,100,100,200,1.0,120,71
900,340,640,170,650,820,3.8235,150,370,520,2.4667,140,300,440,2.1429,120,170,290,1.4167,110,120,230,1.0909,90,100,190,1.1111,120,71
920,260,660,180,420,600,2.3333,150,300,450,2.0,140,240,380,1.7143,120,150,270,1.25,100,120,220,1.2,90,100,190,1.1111,120,71
900,260,530,190,400,590,2.1053,170,270,440,1.5882,160,210,370,1.3125,140,140,280,1.0,120,120,240,1.0,100,90,190,0.9,120,71
900,370,680,190,430,620,2.2632,160,300,460,1.875,160,250,410,1.5625,130,160,290,1.2308,120,120,240,1.0,110,100,210,0.90909,121,71
890,220,670,240,420,660,1.75,220,360,580,1.6364,180,290,470,1.6111,150,190,340,1.2667,130,130,260,1.0,110,110,220,1.0,120,71
890,220,640,180,410,590,2.2778,150,290,440,1.9333,150,220,370,1.4667,120,140,260,1.1667,110,110,220,1.0,100,90,190,0.9,120,71
910,250,640,170,450,620,2.6471,150,320,470,2.1333,140,260,400,1.8571,120,160,280,1.3333,100,120,220,1.2,90,100,190,1.1111,120,71
900,270,680,270,690,960,2.5556,170,390,560,2.2941,160,320,480,2.0,140,180,320,1.2857,120,130,250,1.0833,100,110,210,1.1,119,71
870,220,540,170,440,610,2.5882,150,300,450,2.0,140,240,380,1.7143,130,160,290,1.2308,100,120,220,1.2,100,100,200,1.0,119,71
940,330,560,150,460,610,3.0667,120,320,440,2.6667,120,250,370,2.0833,100,170,270,1.7,80,130,210,1.625,70,110,180,1.5714,120,71
900,380,700,180,430,610,2.3889,160,320,480,2.0,150,260,410,1.7333,130,160,290,1.2308,110,120,230,1.0909,100,110,210,1.1,120,71
910,200,620,220,410,630,1.8636,220,290,510,1.3182,200,250,450,1.25,150,190,340,1.2667,120,140,260,1.1667,120,110,230,0.91667,120,71
900,290,670,190,470,660,2.4737,160,310,470,1.9375,150,260,410,1.7333,130,150,280,1.1538,110,110,220,1.0,110,90,200,0.81818,119,70
900,230,460,170,460,630,2.7059,160,320,480,2.0,140,260,400,1.8571,130,160,290,1.2308,110,130,240,1.1818,100,90,190,0.9,119,70
910,210,680,170,510,680,3.0,140,340,480,2.4286,140,280,420,2.0,130,160,290,1.2308,100,130,230,1.3,90,100,190,1.1111,119,70
900,230,680,170,420,590,2.4706,160,300,460,1.875,150,240,390,1.6,130,160,290,1.2308,110,120,230,1.0909,90,100,190,1.1111,119,70
900,220,700,240,490,730,2.0417,180,370,550,2.0556,170,310,480,1.8235,140,200,340,1.4286,120,140,260,1.1667,100,120,220,1.2,120,70
900,200,580,200,400,600,2.0,160,270,430,1.6875,150,210,360,1.4,130,140,270,1.0769,110,100,210,0.90909,90,80,170,0.88889,119,70
920,320,670,170,520,690,3.0588,140,350,490,2.5,140,280,420,2.0,120,170,290,1.4167,100,120,220,1.2,80,110,190,1.375,118,70
900,250,670,190,680,870,3.5789,160,420,580,2.625,150,330,480,2.2,130,150,280,1.1538,110,110,220,1.0,100,90,190,0.9,118,70
910,230,670,180,440,620,2.4444,160,310,470,1.9375,150,250,400,1.6667,130,160,290,1.2308,110,120,230,1.0909,100,100,200,1.0,118,70
900,240,670,190,530,720,2.7895,170,360,530,2.1176,150,300,450,2.0,140,170,310,1.2143,110,120,230,1.0909,110,100,210,0.90909,119,70
900,230,680,190,450,640,2.3684,170,330,500,1.9412,160,260,420,1.625,130,160,290,1.2308,110,130,240,1.1818,100,100,200,1.0,119,70
900,220,660,240,440,680,1.8333,190,320,510,1.6842,180,260,440,1.4444,150,180,330,1.2,120,130,250,1.0833,110,110,220,1.0,119,70
910,240,550,170,560,730,3.2941,160,360,520,2.25,140,290,430,2.0714,130,160,290,1.2308,110,130,240,1.1818,90,100,190,1.1111,118,70
900,360,630,180,490,670,2.7222,160,340,500,2.125,150,280,430,1.8667,130,160,290,1.2308,110,110,220,1.0,100,90,190,0.9,118,70
900,270,610,180,450,630,2.5,150,340,490,2.2667,150,290,440,1.9333,130,190,320,1.4615,110,140,250,1.2727,100,100,200,1.0,118,70
890,220,690,190,440,630,2.3158,170,320,490,1.8824,160,240,400,1.5,140,160,300,1.1429,120,110,230,0.91667,110,100,210,0.90909,119,71
910,200,590,220,420,640,1.9091,180,310,490,1.7222,160,250,410,1.5625,140,170,310,1.2143,110,130,240,1.1818,110,100,210,0.90909,119,70
910,320,590,290,600,890,2.069,160,410,570,2.5625,140,330,470,2.3571,130,180,310,1.3846,100,120,220,1.2,100,110,210,1.1,118,70
900,320,680,180,470,650,2.6111,160,330,490,2.0625,150,260,410,1.7333,130,160,290,1.2308,110,110,220,1.0,100,90,190,0.9,118,70
900,220,680,180,460,640,2.5556,150,320,470,2.1333,140,260,400,1.8571,120,160,280,1.3333,90,110,200,1.2222,80,100,180,1.25,118,70
900,220,670,180,490,670,2.7222,160,330,490,2.0625,150,260,410,1.7333,130,160,290,1.2308,110,120,230,1.0909,90,100,190,1.1111,119,70
900,230,670,190,390,580,2.0526,170,250,420,1.4706,160,200,360,1.25,140,180,320,1.2857,110,130,240,1.1818,100,110,210,1.1,119,70
890,230,680,250,460,710,1.84,180,340,520,1.8889,170,290,460,1.7059,140,180,320,1.2857,130,130,260,1.0,110,100,210,0.90909,119,70
900,210,580,180,380,560,2.1111,150,270,420,1.8,140,210,350,1.5,130,150,280,1.1538,110,110,220,1.0,90,100,190,1.1111,119,70
900,320,590,170,480,650,2.8235,150,340,490,2.2667,140,280,420,2.0,120,170,290,1.4167,100,120,220,1.2,90,100,190,1.1111,119,70
910,310,590,170,460,630,2.7059,150,320,470,2.1333,140,260,400,1.8571,120,160,280,1.3333,100,120,220,1.2,90,100,190,1.1111,118,70
910,320,680,190,510,700,2.6842,160,350,510,2.1875,150,290,440,1.9333,130,160,290,1.2308,110,130,240,1.1818,90,100,190,1.1111,118,70
890,230,670,190,680,870,3.5789,170,340,510,2.0,160,280,440,1.75,130,170,300,1.3077,120,120,240,1.0,100,100,200,1.0,119,70
900,230,660,250,420,670,1.68,200,310,510,1.55,170,260,430,1.5294,150,170,320,1.1333,130,130,260,1.0,110,110,220,1.0,119,70
900,240,660,180,600,780,3.3333,150,350,500,2.3333,150,260,410,1.7333,120,150,270,1.25,100,120,220,1.2,100,100,200,1.0,118,70
900,240,660,180,460,640,2.5556,160,320,480,2.0,150,250,400,1.6667,120,150,270,1.25,110,110,220,1.0,90,90,180,1.0,118,70
910,240,640,180,440,620,2.4444,160,310,470,1.9375,140,250,390,1.7857,130,160,290,1.2308,110,120,230,1.0909,100,100,200,1.0,118,70
910,270,640,180,440,620,2.4444,170,310,480,1.8235,150,240,390,1.6,140,160,300,1.1429,110,120,230,1.0909,100,90,190,0.9,118,70
900,270,670,200,660,860,3.3,170,340,510,2.0,170,280,450,1.6471,140,180,320,1.2857,120,120,240,1.0,110,90,200,0.81818,119,70
900,230,690,220,440,660,2.0,180,310,490,1.7222,160,260,420,1.625,140,160,300,1.1429,120,120,240,1.0,100,100,200,1.0,119,70
900,210,640,230,420,650,1.8261,190,300,490,1.5789,160,240,400,1.5,140,160,300,1.1429,120,120,240,1.0,110,100,210,0.90909,119,70
910,260,610,180,620,800,3.4444,140,400,540,2.8571,140,310,450,2.2143,120,180,300,1.5,100,120,220,1.2,90,100,190,1.1111,118,70
910,300,680,180,450,630,2.5,160,310,470,1.9375,150,250,400,1.6667,130,150,280,1.1538,110,110,220,1.0,100,90,190,0.9,118,70
890,230,670,200,440,640,2.2,160,330,490,2.0625,160,270,430,1.6875,140,160,300,1.1429,120,110,230,0.91667,110,100,210,0.90909,118,70
910,220,690,170,510,680,3.0,150,330,480,2.2,140,270,410,1.9286,130,160,290,1.2308,100,130,230,1.3,90,100,190,1.1111,119,70
900,220,670,180,470,650,2.6111,160,330,490,2.0625,150,270,420,1.8,130,180,310,1.3846,120,130,250,1.0833,100,100,200,1.0,119,70
900,230,680,250,470,720,1.88,180,360,540,2.0,170,300,470,1.7647,140,200,340,1.4286,120,130,250,1.0833,110,110,220,1.0,119,70
900,220,610,190,400,590,2.1053,170,280,450,1.6471,150,220,370,1.4667,130,140,270,1.0769,120,110,230,0.91667,100,90,190,0.9,119,70
900,290,680,180,690,870,3.8333,150,390,540,2.6,150,310,460,2.0667,130,170,300,1.3077,110,120,230,1.0909,100,100,200,1.0,118,70
900,220,670,180,460,640,2.5556,160,310,470,1.9375,150,260,410,1.7333,130,150,280,1.1538,110,110,220,1.0,90,100,190,1.1111,118,70
900,230,670,180,430,610,2.3889,160,320,480,2.0,150,270,420,1.8,130,170,300,1.3077,110,120,230,1.0909,100,100,200,1.0,118,70
900,230,680,180,690,870,3.8333,160,350,510,2.1875,150,290,440,1.9333,120,180,300,1.5,110,130,240,1.1818,90,100,190,1.1111,119,70
900,220,690,180,420,600,2.3333,150,330,480,2.2,150,280,430,1.8667,130,180,310,1.3846,100,130,230,1.3,90,110,200,1.2222,119,70
900,210,690,230,440,670,1.913,190,330,520,1.7368,170,270,440,1.5882,140,180,320,1.2857,130,130,260,1.0,100,120,220,1.2,119,70
900,210,580,170,430,600,2.5294,140,310,450,2.2143,140,240,380,1.7143,120,160,280,1.3333,100,120,220,1.2,90,100,190,1.1111,118,70
910,320,650,240,660,900,2.75,160,400,560,2.5,150,330,480,2.2,120,190,310,1.5833,100,140,240,1.4,90,110,200,1.2222,118,70
920,260,670,180,440,620,2.4444,150,320,470,2.1333,150,260,410,1.7333,130,160,290,1.2308,110,120,230,1.0909,90,100,190,1.1111,118,70
900,250,650,190,430,620,2.2632,170,300,470,1.7647,160,240,400,1.5,130,140,270,1.0769,110,110,220,1.0,90,90,180,1.0,118,70
900,250,650,200,660,860,3.3,180,360,540,2.0,170,290,460,1.7059,140,170,310,1.2143,120,130,250,1.0833,110,100,210,0.90909,119,70
890,250,690,270,420,690,1.5556,190,270,460,1.4211,170,230,400,1.3529,150,170,320,1.1333,130,120,250,0.92308,110,110,220,1.0,120,70
910,200,630,220,420,640,1.9091,190,310,500,1.6316,170,260,430,1.5294,140,170,310,1.2143,120,130,250,1.0833,110,100,210,0.90909,119,70
910,280,460,180,470,650,2.6111,150,340,490,2.2667,140,270,410,1.9286,120,150,270,1.25,110,110,220,1.0,90,100,190,1.1111,118,70
910,220,690,170,470,640,2.7647,150,320,470,2.1333,140,270,410,1.9286,120,170,290,1.4167,100,130,230,1.3,90,100,190,1.1111,118,70
910,220,610,180,470,650,2.6111,160,330,490,2.0625,150,270,420,1.8,130,170,300,1.3077,110,120,230,1.0909,100,100,200,1.0,118,70
900,300,670,190,680,870,3.5789,160,360,520,2.25,150,290,440,1.9333,140,170,310,1.2143,110,120,230,1.0909,100,100,200,1.0,118,70
890,230,680,190,450,640,2.3684,170,310,480,1.8235,160,250,410,1.5625,130,170,300,1.3077,120,120,240,1.0,100,100,200,1.0,119,70
890,210,680,230,440,670,1.913,230,310,540,1.3478,190,260,450,1.3684,160,170,330,1.0625,140,130,270,0.92857,110,110,220,1.0,119,70
900,210,600,170,460,630,2.7059,150,310,460,2.0667,140,250,390,1.7857,120,150,270,1.25,110,110,220,1.0,90,100,190,1.1111,118,70
890,300,680,180,450,630,2.5,150,320,470,2.1333,150,260,410,1.7333,130,160,290,1.2308,110,120,230,1.0909,90,100,190,1.1111,118,69
910,210,680,170,420,590,2.4706,150,340,490,2.2667,140,280,420,2.0,120,180,300,1.5,100,140,240,1.4,80,110,190,1.375,118,69
900,230,670,190,570,760,3.0,160,350,510,2.1875,150,290,440,1.9333,140,180,320,1.2857,120,120,240,1.0,100,110,210,1.1,118,69
900,230,690,210,580,790,2.7619,170,370,540,2.1765,160,290,450,1.8125,140,180,320,1.2857,120,120,240,1.0,100,110,210,1.1,119,70
900,210,660,230,430,660,1.8696,190,310,500,1.6316,160,250,410,1.5625,140,170,310,1.2143,120,130,250,1.0833,100,100,200,1.0,118,70
920,240,600,170,460,630,2.7059,150,330,480,2.2,140,250,390,1.7857,130,160,290,1.2308,100,120,220,1.2,90,90,180,1.0,118,70
890,320,640,190,650,840,3.4211,170,410,580,2.4118,150,320,470,2.1333,130,180,310,1.3846,100,120,220,1.2,90,90,180,1.0,118,69
910,250,680,180,440,620,2.4444,150,310,460,2.0667,150,240,390,1.6,130,160,290,1.2308,100,110,210,1.1,100,100,200,1.0,118,69
900,230,670,180,440,620,2.4444,160,290,450,1.8125,150,240,390,1.6,140,160,300,1.1429,110,120,230,1.0909,90,100,190,1.1111,118,69
910,230,670,190,470,660,2.4737,160,330,490,2.0625,160,270,430,1.6875,140,170,310,1.2143,110,130,240,1.1818,100,110,210,1.1,119,70
890,240,680,260,470,730,1.8077,210,400,610,1.9048,190,330,520,1.7368,160,210,370,1.3125,140,140,280,1.0,120,110,230,0.91667,119,70
910,210,560,190,420,610,2.2105,160,290,450,1.8125,150,230,380,1.5333,130,150,280,1.1538,110,120,230,1.0909,100,110,210,1.1,119,70
890,350,640,190,480,670,2.5263,160,320,480,2.0,140,250,390,1.7857,130,150,280,1.1538,110,110,220,1.0,100,80,180,0.8,118,70
900,250,650,210,660,870,3.1429,170,450,620,2.6471,160,350,510,2.1875,140,200,340,1.4286,120,130,250,1.0833,110,110,220,1.0,118,70
910,250,580,180,440,620,2.4444,160,310,470,1.9375,140,250,390,1.7857,130,150,280,1.1538,110,110,220,1.0,90,90,180,1.0,118,69
890,230,670,190,440,630,2.3158,170,310,480,1.8235,160,250,410,1.5625,130,170,300,1.3077,120,120,240,1.0,100,100,200,1.0,119,70
900,220,680,240,430,670,1.7917,240,310,550,1.2917,200,290,490,1.45,150,210,360,1.4,130,150,280,1.1538,110,120,230,1.0909,119,70
900,220,630,170,420,590,2.4706,150,300,450,2.0,140,240,380,1.7143,120,150,270,1.25,100,120,220,1.2,90,100,190,1.1111,118,70
910,270,520,180,490,670,2.7222,150,340,490,2.2667,140,270,410,1.9286,120,160,280,1.3333,100,120,220,1.2,90,100,190,1.1111,118,69
900,220,670,190,460,650,2.4211,160,310,470,1.9375,150,250,400,1.6667,130,150,280,1.1538,110,110,220,1.0,100,100,200,1.0,118,69
900,230,670,190,410,600,2.1579,170,290,460,1.7059,160,240,400,1.5,130,160,290,1.2308,110,120,230,1.0909,90,90,180,1.0,119,69
900,230,700,200,460,660,2.3,170,320,490,1.8824,150,260,410,1.7333,140,170,310,1.2143,120,120,240,1.0,110,100,210,0.90909,119,70
900,200,610,220,410,630,1.8636,220,270,490,1.2273,180,200,380,1.1111,150,150,300,1.0,130,130,260,1.0,110,110,220,1.0,119,70
900,290,610,170,500,670,2.9412,150,340,490,2.2667,140,270,410,1.9286,120,150,270,1.25,110,110,220,1.0,90,100,190,1.1111,118,69
910,290,360,170,370,540,2.1765,150,330,480,2.2,140,260,400,1.8571,130,160,290,1.2308,110,120,230,1.0909,100,90,190,0.9,117,69
910,220,680,170,620,790,3.6471,150,360,510,2.4,140,290,430,2.0714,120,170,290,1.4167,100,130,230,1.3,90,110,200,1.2222,118,70
900,230,670,190,460,650,2.4211,170,330,500,1.9412,160,260,420,1.625,140,170,310,1.2143,120,120,240,1.0,100,100,200,1.0,119,70
900,310,590,170,480,650,2.8235,150,330,480,2.2,140,260,400,1.8571,130,160,290,1.2308,100,120,220,1.2,90,90,180,1.0,118,70
900,310,590,170,600,770,3.5294,160,410,570,2.5625,140,340,480,2.4286,120,160,280,1.3333,110,120,230,1.0909,90,100,190,1.1111,117,69
920,310,690,170,450,620,2.6471,150,330,480,2.2,140,270,410,1.9286,120,170,290,1.4167,100,130,230,1.3,90,110,200,1.2222,118,69
900,230,680,190,470,660,2.4737,170,370,540,2.1765,160,280,440,1.75,130,170,300,1.3077,120,120,240,1.0,100,100,200,1.0,119,70
900,220,680,190,480,670,2.5263,170,330,500,1.9412,160,270,430,1.6875,140,170,310,1.2143,110,120,230,1.0909,110,100,210,0.90909,119,70
890,220,670,240,430,670,1.7917,200,320,520,1.6,170,260,430,1.5294,150,170,320,1.1333,130,120,250,0.92308,110,110,220,1.0,118,70
910,220,660,200,670,870,3.35,160,380,540,2.375,150,310,460,2.0667,130,170,300,1.3077,100,120,220,1.2,90,110,200,1.2222,118,70
950,250,660,180,480,660,2.6667,160,330,490,2.0625,150,280,430,1.8667,130,160,290,1.2308,110,120,230,1.0909,100,90,190,0.9,118,70
910,240,650,190,430,620,2.2632,170,300,470,1.7647,150,240,390,1.6,140,150,290,1.0714,110,120,230,1.0909,100,90,190,0.9,118,70
900,260,670,200,420,620,2.1,180,290,470,1.6111,170,270,440,1.5882,140,170,310,1.2143,130,120,250,0.92308,110,90,200,0.81818,118,70
900,230,700,190,460,650,2.4211,170,330,500,1.9412,160,270,430,1.6875,140,160,300,1.1429,120,120,240,1.0,110,100,210,0.90909,119,70
900,200,510,220,410,630,1.8636,180,300,480,1.6667,170,240,410,1.4118,130,160,290,1.2308,120,130,250,1.0833,100,100,200,1.0,119,70
890,390,630,250,640,890,2.56,160,370,530,2.3125,150,310,460,2.0667,130,180,310,1.3846,110,120,230,1.0909,100,100,200,1.0,118,70
910,260,690,180,440,620,2.4444,150,310,460,2.0667,140,270,410,1.9286,120,160,280,1.3333,110,120,230,1.0909,90,100,190,1.1111,118,70
900,220,630,170,450,620,2.6471,150,310,460,2.0667,150,240,390,1.6,130,150,280,1.1538,110,110,220,1.0,100,100,200,1.0,118,69
910,270,680,180,690,870,3.8333,160,360,520,2.25,140,290,430,2.0714,130,170,300,1.3077,110,120,230,1.0909,90,100,190,1.1111,118,69
900,230,610,200,380,580,1.9,160,240,400,1.5,160,170,330,1.0625,140,130,270,0.92857,120,110,230,0.91667,110,100,210,0.90909,119,70
900,210,610,190,410,600,2.1579,160,300,460,1.875,150,240,390,1.6,130,160,290,1.2308,110,120,230,1.0909,100,100,200,1.0,118,70
900,290,610,180,520,700,2.8889,150,350,500,2.3333,150,270,420,1.8,130,160,290,1.2308,110,110,220,1.0,100,90,190,0.9,118,70
900,290,590,180,500,680,2.7778,160,340,500,2.125,150,280,430,1.8667,120,170,290,1.4167,110,120,230,1.0909,100,100,200,1.0,117,69
910,310,600,190,440,630,2.3158,170,320,490,1.8824,150,260,410,1.7333,140,160,300,1.1429,110,120,230,1.0909,110,100,210,0.90909,117,69
900,310,680,190,690,880,3.6316,170,380,550,2.2353,150,310,460,2.0667,130,180,310,1.3846,120,130,250,1.0833,100,100,200,1.0,118,69
900,220,680,190,400,590,2.1053,170,290,460,1.7059,160,230,390,1.4375,140,150,290,1.0714,120,120,240,1.0,110,100,210,0.90909,119,70
900,220,680,240,430,670,1.7917,190,320,510,1.6842,170,260,430,1.5294,150,170,320,1.1333,130,130,260,1.0,110,110,220,1.0,119,70
900,220,580,170,590,760,3.4706,160,350,510,2.1875,140,270,410,1.9286,120,150,270,1.25,100,120,220,1.2,90,100,190,1.1111,118,70
920,320,690,180,520,700,2.8889,150,350,500,2.3333,140,280,420,2.0,120,170,290,1.4167,100,130,230,1.3,90,100,190,1.1111,118,69
910,230,660,190,450,640,2.3684,170,320,490,1.8824,160,260,420,1.625,130,160,290,1.2308,120,120,240,1.0,100,90,190,0.9,118,69
900,250,650,190,450,640,2.3684,170,310,480,1.8235,160,250,410,1.5625,120,150,270,1.25,120,110,230,0.91667,100,100,200,1.0,119,70
910,250,680,190,500,690,2.6316,170,340,510,2.0,160,280,440,1.75,140,170,310,1.2143,110,120,230,1.0909,100,100,200,1.0,119,70
900,230,690,210,460,670,2.1905,180,330,510,1.8333,170,260,430,1.5294,140,160,300,1.1429,130,120,250,0.92308,110,90,200,0.81818,119,70
900,210,630,230,430,660,1.8696,180,300,480,1.6667,160,240,400,1.5,140,160,300,1.1429,110,120,230,1.0909,110,100,210,0.90909,119,70
910,270,630,170,640,810,3.7647,150,410,560,2.7333,140,320,460,2.2857,120,180,300,1.5,100,130,230,1.3,90,100,190,1.1111,119,70
900,280,630,180,460,640,2.5556,160,310,470,1.9375,150,250,400,1.6667,130,150,280,1.1538,110,110,220,1.0,100,100,200,1.0,118,70
910,270,680,190,450,640,2.3684,160,330,490,2.0625,150,280,430,1.8667,130,170,300,1.3077,110,120,230,1.0909,100,100,200,1.0,118,69
900,230,670,180,570,750,3.1667,160,350,510,2.1875,150,280,430,1.8667,130,160,290,1.2308,110,120,230,1.0909,100,90,190,0.9,119,70
900,230,610,190,450,640,2.3684,160,300,460,1.875,160,260,420,1.625,140,160,300,1.1429,120,120,240,1.0,110,100,210,0.90909,119,70
900,210,660,180,410,590,2.2778,150,290,440,1.9333,140,230,370,1.6429,120,150,270,1.25,110,120,230,1.0909,90,100,190,1.1111,118,69
910,240,690,180,650,830,3.6111,160,380,540,2.375,140,310,450,2.2143,130,180,310,1.3846,100,120,220,1.2,100,100,200,1.0,118,69
900,220,680,180,450,630,2.5,160,310,470,1.9375,150,250,400,1.6667,120,160,280,1.3333,110,120,230,1.0909,90,90,180,1.0,118,69
910,220,590,180,430,610,2.3889,150,320,470,2.1333,140,260,400,1.8571,130,170,300,1.3077,110,140,250,1.2727,90,120,210,1.3333,118,69
910,210,500,230,400,630,1.7391,170,290,460,1.7059,170,240,410,1.4118,140,170,310,1.2143,110,130,240,1.1818,100,110,210,1.1,118,69
910,260,640,190,470,660,2.4737,160,320,480,2.0,150,250,400,1.6667,130,150,280,1.1538,110,110,220,1.0,110,90,200,0.81818,117,69
910,270,630,180,400,580,2.2222,160,280,440,1.75,150,220,370,1.4667,130,140,270,1.0769,120,110,230,0.91667,100,90,190,0.9,118,69
910,280,610,200,500,700,2.5,170,330,500,1.9412,160,260,420,1.625,140,160,300,1.1429,120,110,230,0.91667,110,90,200,0.81818,118,69
900,200,610,220,410,630,1.8636,170,290,460,1.7059,160,240,400,1.5,140,160,300,1.1429,120,120,240,1.0,100,100,200,1.0,117,69
900,300,680,180,450,630,2.5,160,320,480,2.0,150,250,400,1.6667,130,160,290,1.2308,110,110,220,1.0,100,90,190,0.9,116,69
910,220,690,190,540,730,2.8421,160,380,540,2.375,150,290,440,1.9333,130,180,310,1.3846,110,130,240,1.1818,90,110,200,1.2222,117,69
910,220,680,180,690,870,3.8333,160,360,520,2.25,150,280,430,1.8667,130,160,290,1.2308,110,120,230,1.0909,100,110,210,1.1,117,69
910,230,670,190,440,630,2.3158,170,310,480,1.8235,160,250,410,1.5625,140,160,300,1.1429,110,120,230,1.0909,100,100,200,1.0,118,69
890,240,670,260,450,710,1.7308,220,330,550,1.5,190,280,470,1.4737,170,170,340,1.0,140,130,270,0.92857,130,100,230,0.76923,118,69
910,220,560,180,410,590,2.2778,150,290,440,1.9333,150,240,390,1.6,120,160,280,1.3333,100,110,210,1.1,90,100,190,1.1111,118,69
900,350,640,170,650,820,3.8235,160,380,540,2.375,150,310,460,2.0667,130,170,300,1.3077,110,120,230,1.0909,100,90,190,0.9,117,69
910,260,640,190,450,640,2.3684,160,310,470,1.9375,150,250,400,1.6667,130,150,280,1.1538,110,110,220,1.0,100,90,190,0.9,117,69
910,270,610,190,440,630,2.3158,170,310,480,1.8235,150,240,390,1.6,140,160,300,1.1429,120,110,230,0.91667,100,90,190,0.9,117,69
900,300,680,200,660,860,3.3,180,360,540,2.0,160,290,450,1.8125,140,170,310,1.2143,130,130,260,1.0,110,90,200,0.81818,118,69
900,220,690,200,510,710,2.55,170,340,510,2.0,160,270,430,1.6875,140,170,310,1.2143,120,120,240,1.0,110,100,210,0.90909,119,70
900,210,680,230,410,640,1.7826,190,300,490,1.5789,180,250,430,1.3889,140,170,310,1.2143,130,130,260,1.0,110,100,210,0.90909,119,70
910,220,620,170,490,660,2.8824,150,350,500,2.3333,140,270,410,1.9286,120,160,280,1.3333,100,120,220,1.2,90,100,190,1.1111,118,69
910,290,680,180,690,870,3.8333,150,410,560,2.7333,140,330,470,2.3571,120,180,300,1.5,100,120,220,1.2,70,100,170,1.4286,118,69
900,230,680,180,450,630,2.5,160,320,480,2.0,150,250,400,1.6667,130,160,290,1.2308,110,120,230,1.0909,90,90,180,1.0,118,69
910,220,690,180,430,610,2.3889,150,290,440,1.9333,150,230,380,1.5333,130,170,300,1.3077,110,140,250,1.2727,90,100,190,1.1111,118,69
910,220,690,180,480,660,2.6667,160,320,480,2.0,150,270,420,1.8,140,160,300,1.1429,110,120,230,1.0909,100,100,200,1.0,119,70
910,220,690,240,480,720,2.0,190,400,590,2.1053,180,330,510,1.8333,130,210,340,1.6154,120,140,260,1.1667,100,120,220,1.2,118,70
890,220,620,200,420,620,2.1,170,290,460,1.7059,160,230,390,1.4375,130,150,280,1.1538,120,110,230,0.91667,100,100,200,1.0,118,70
910,270,660,170,490,660,2.8824,150,340,490,2.2667,140,270,410,1.9286,120,160,280,1.3333,100,120,220,1.2,90,100,190,1.1111,118,69
910,250,650,240,660,900,2.75,170,430,600,2.5294,170,340,510,2.0,140,190,330,1.3571,120,130,250,1.0833,100,100,200,1.0,117,69
890,260,640,190,440,630,2.3158,160,310,470,1.9375,150,240,390,1.6,130,150,280,1.1538,110,110,220,1.0,100,100,200,1.0,117,69
920,250,650,180,430,610,2.3889,160,290,450,1.8125,140,210,350,1.5,130,140,270,1.0769,100,100,200,1.0,90,80,170,0.88889,117,69
900,270,680,200,430,630,2.15,160,300,460,1.875,160,250,410,1.5625,140,160,300,1.1429,120,120,240,1.0,110,100,210,0.90909,118,69
910,220,630,240,430,670,1.7917,240,310,550,1.2917,200,260,460,1.3,160,200,360,1.25,140,140,280,1.0,120,110,230,0.91667,117,69
900,280,620,180,430,610,2.3889,160,290,450,1.8125,150,230,380,1.5333,130,150,280,1.1538,110,110,220,1.0,100,90,190,0.9,117,69
910,280,460,180,470,650,2.6111,160,310,470,1.9375,150,260,410,1.7333,120,160,280,1.3333,110,110,220,1.0,90,90,180,1.0,117,69
900,210,680,170,420,590,2.4706,160,300,460,1.875,150,240,390,1.6,120,160,280,1.3333,110,120,230,1.0909,90,100,190,1.1111,117,69
910,220,690,170,440,610,2.5882,150,310,460,2.0667,140,260,400,1.8571,120,160,280,1.3333,110,120,230,1.0909,90,110,200,1.2222,117,69
890,220,690,180,440,620,2.4444,170,320,490,1.8824,160,250,410,1.5625,130,170,300,1.3077,110,130,240,1.1818,100,100,200,1.0,118,69
920,200,680,220,430,650,1.9545,220,290,510,1.3182,170,240,410,1.4118,140,160,300,1.1429,110,120,230,1.0909,100,100,200,1.0,118,69
890,240,660,190,470,660,2.4737,160,320,480,2.0,150,250,400,1.6667,130,150,280,1.1538,110,110,220,1.0,100,90,190,0.9,118,69
910,230,430,180,440,620,2.4444,160,320,480,2.0,150,250,400,1.6667,130,160,290,1.2308,100,120,220,1.2,100,100,200,1.0,118,69
900,230,660,190,530,720,2.7895,160,350,510,2.1875,150,290,440,1.9333,130,180,310,1.3846,110,130,240,1.1818,100,110,210,1.1,119,70
900,240,690,260,490,750,1.8846,170,370,540,2.1765,160,310,470,1.9375,130,200,330,1.5385,120,130,250,1.0833,100,110,210,1.1,119,70
900,210,630,220,400,620,1.8182,170,290,460,1.7059,150,230,380,1.5333,130,150,280,1.1538,110,110,220,1.0,100,100,200,1.0,118,70
890,270,640,180,490,670,2.7222,160,320,480,2.0,150,270,420,1.8,130,160,290,1.2308,110,120,230,1.0909,90,90,180,1.0,118,70
920,250,690,170,700,870,4.1176,140,420,560,3.0,140,360,500,2.5714,120,230,350,1.9167,100,150,250,1.5,90,130,220,1.4444,118,69
910,230,610,180,450,630,2.5,160,310,470,1.9375,150,260,410,1.7333,140,160,300,1.1429,120,110,230,0.91667,110,90,200,0.81818,119,69
900,300,660,200,400,600,2.0,170,330,500,1.9412,160,270,430,1.6875,140,160,300,1.1429,130,110,240,0.84615,110,90,200,0.81818,119,70
890,240,670,190,460,650,2.4211,170,310,480,1.8235,160,260,420,1.625,140,160,300,1.1429,120,110,230,0.91667,110,100,210,0.90909,119,70
900,220,570,240,420,660,1.75,190,310,500,1.6316,170,260,430,1.5294,140,170,310,1.2143,120,140,260,1.1667,110,110,220,1.0,119,70
910,330,600,180,600,780,3.3333,150,350,500,2.3333,150,280,430,1.8667,130,170,300,1.3077,100,120,220,1.2,90,110,200,1.2222,119,70
900,310,650,170,480,650,2.8235,160,340,500,2.125,140,280,420,2.0,130,170,300,1.3077,110,120,230,1.0909,90,90,180,1.0,118,69
900,250,680,170,480,650,2.8235,150,340,490,2.2667,140,270,410,1.9286,120,160,280,1.3333,90,120,210,1.3333,90,100,190,1.1111,118,69
920,220,680,170,450,620,2.6471,150,320,470,2.1333,130,250,380,1.9231,130,160,290,1.2308,100,130,230,1.3,90,110,200,1.2222,119,70
900,240,670,190,400,590,2.1053,170,260,430,1.5294,160,200,360,1.25,140,160,300,1.1429,120,130,250,1.0833,100,100,200,1.0,119,70
890,230,690,200,460,660,2.3,170,330,500,1.9412,160,270,430,1.6875,150,160,310,1.0667,120,120,240,1.0,110,100,210,0.90909,119,70
910,200,650,220,430,650,1.9545,180,340,520,1.8889,160,270,430,1.6875,140,180,320,1.2857,120,130,250,1.0833,100,110,210,1.1,119,70
910,260,560,180,490,670,2.7222,160,340,500,2.125,150,270,420,1.8,130,150,280,1.1538,110,110,220,1.0,100,100,200,1.0,119,70
910,350,630,190,450,640,2.3684,160,310,470,1.9375,150,250,400,1.6667,130,150,280,1.1538,110,120,230,1.0909,110,90,200,0.81818,119,70
890,280,670,270,680,950,2.5185,180,390,570,2.1667,170,310,480,1.8235,140,170,310,1.2143,130,120,250,0.92308,110,90,200,0.81818,119,70
880,220,680,180,530,710,2.9444,160,350,510,2.1875,150,280,430,1.8667,130,160,290,1.2308,110,120,230,1.0909,100,100,200,1.0,119,70
950,200,710,170,440,610,2.5882,150,310,460,2.0667,130,250,380,1.9231,110,180,290,1.6364,100,150,250,1.5,80,120,200,1.5,120,70
890,240,680,260,460,720,1.7692,200,340,540,1.7,180,290,470,1.6111,160,180,340,1.125,130,130,260,1.0,120,100,220,0.8333299999999999,120,70
910,210,620,180,400,580,2.2222,150,280,430,1.8667,150,220,370,1.4667,130,150,280,1.1538,110,110,220,1.0,100,100,200,1.0,119,70
900,290,680,180,480,660,2.6667,160,330,490,2.0625,150,260,410,1.7333,130,160,290,1.2308,110,110,220,1.0,90,90,180,1.0,119,70
910,220,700,170,530,700,3.1176,150,310,460,2.0667,140,260,400,1.8571,120,160,280,1.3333,110,120,230,1.0909,90,100,190,1.1111,119,70
900,210,660,180,440,620,2.4444,160,310,470,1.9375,140,250,390,1.7857,130,160,290,1.2308,100,120,220,1.2,100,100,200,1.0,119,70
920,240,700,180,690,870,3.8333,160,370,530,2.3125,150,300,450,2.0,120,180,300,1.5,110,130,240,1.1818,90,110,200,1.2222,119,70
900,220,670,190,450,640,2.3684,170,310,480,1.8235,160,260,420,1.625,140,150,290,1.0714,120,110,230,0.91667,110,100,210,0.90909,120,70
900,230,670,250,430,680,1.72,200,320,520,1.6,190,260,450,1.3684,150,160,310,1.0667,130,120,250,0.92308,110,100,210,0.90909,120,70
900,230,570,180,530,710,2.9444,160,340,500,2.125,150,250,400,1.6667,130,140,270,1.0769,110,100,210,0.90909,100,90,190,0.9,119,70
910,330,660,180,500,680,2.7778,160,340,500,2.125,140,270,410,1.9286,130,160,290,1.2308,100,120,220,1.2,100,100,200,1.0,119,70
910,250,650,190,440,630,2.3158,170,330,500,1.9412,160,260,420,1.625,130,150,280,1.1538,120,110,230,0.91667,100,90,190,0.9,119,70
900,260,670,190,460,650,2.4211,160,310,470,1.9375,160,250,410,1.5625,130,150,280,1.1538,120,110,230,0.91667,110,90,200,0.81818,119,70
900,230,640,190,490,680,2.5789,170,340,510,2.0,140,280,420,2.0,140,160,300,1.1429,120,110,230,0.91667,110,100,210,0.90909,120,70
900,260,690,200,480,680,2.4,170,340,510,2.0,160,280,440,1.75,140,180,320,1.2857,120,130,250,1.0833,110,100,210,0.90909,120,70
900,210,630,230,420,650,1.8261,180,300,480,1.6667,160,240,400,1.5,140,160,300,1.1429,120,120,240,1.0,100,100,200,1.0,120,70
900,270,630,180,640,820,3.5556,160,440,600,2.75,160,350,510,2.1875,130,200,330,1.5385,120,130,250,1.0833,100,100,200,1.0,119,70
910,270,620,180,480,660,2.6667,150,320,470,2.1333,140,260,400,1.8571,130,160,290,1.2308,110,110,220,1.0,100,90,190,0.9,119,70
900,290,610,200,440,640,2.2,170,330,500,1.9412,160,290,450,1.8125,140,200,340,1.4286,120,140,260,1.1667,100,130,230,1.3,119,70
910,290,680,190,620,810,3.2632,160,380,540,2.375,160,290,450,1.8125,130,150,280,1.1538,110,110,220,1.0,100,100,200,1.0,120,70
900,230,670,190,400,590,2.1053,170,320,490,1.8824,160,270,430,1.6875,140,160,300,1.1429,120,110,230,0.91667,110,100,210,0.90909,120,70
900,230,680,250,470,720,1.88,190,350,540,1.8421,170,300,470,1.7647,150,180,330,1.2,120,140,260,1.1667,120,110,230,0.91667,119,70
900,220,560,180,410,590,2.2778,160,280,440,1.75,150,230,380,1.5333,130,150,280,1.1538,110,110,220,1.0,100,90,190,0.9,119,70
900,340,690,190,700,890,3.6842,160,240,400,1.5,140,240,380,1.7143,130,180,310,1.3846,110,130,240,1.1818,90,100,190,1.1111,119,70
900,210,680,180,460,640,2.5556,150,320,470,2.1333,140,260,400,1.8571,130,160,290,1.2308,110,120,230,1.0909,90,100,190,1.1111,119,70
900,220,590,170,460,630,2.7059,150,320,470,2.1333,140,260,400,1.8571,120,160,280,1.3333,90,120,210,1.3333,80,100,180,1.25,119,70
910,310,680,180,640,820,3.5556,150,370,520,2.4667,140,300,440,2.1429,130,180,310,1.3846,100,130,230,1.3,90,110,200,1.2222,119,70
890,230,680,210,390,600,1.8571,180,260,440,1.4444,170,200,370,1.1765,140,160,300,1.1429,130,130,260,1.0,110,100,210,0.90909,120,70
900,210,590,230,430,660,1.8696,190,320,510,1.6842,180,250,430,1.3889,140,170,310,1.2143,130,130,260,1.0,110,110,220,1.0,120,70
900,310,410,180,420,600,2.3333,160,310,470,1.9375,150,250,400,1.6667,120,160,280,1.3333,110,120,230,1.0909,90,100,190,1.1111,119,70
900,210,690,170,460,630,2.7059,160,320,480,2.0,140,260,400,1.8571,120,160,280,1.3333,100,120,220,1.2,90,100,190,1.1111,120,70
910,210,590,180,480,660,2.6667,150,320,470,2.1333,140,260,400,1.8571,130,160,290,1.2308,100,120,220,1.2,90,100,190,1.1111,120,70
890,320,680,190,540,730,2.8421,170,350,520,2.0588,160,280,440,1.75,130,170,300,1.3077,110,130,240,1.1818,100,100,200,1.0,121,71
900,210,690,200,470,670,2.35,170,310,480,1.8235,150,240,390,1.6,140,150,290,1.0714,110,110,220,1.0,100,80,180,0.8,121,71
900,210,640,230,420,650,1.8261,170,290,460,1.7059,160,240,400,1.5,130,170,300,1.3077,110,130,240,1.1818,100,110,210,1.1,121,71
910,260,670,180,680,860,3.7778,150,400,550,2.6667,150,320,470,2.1333,120,170,290,1.4167,100,120,220,1.2,90,100,190,1.1111,120,71
900,240,670,180,470,650,2.6111,160,330,490,2.0625,150,270,420,1.8,130,160,290,1.2308,110,120,230,1.0909,100,90,190,0.9,120,70
900,230,590,190,500,690,2.6316,160,350,510,2.1875,150,270,420,1.8,130,160,290,1.2308,110,120,230,1.0909,100,110,210,1.1,120,70
920,310,680,180,670,850,3.7222,160,360,520,2.25,150,280,430,1.8667,130,170,300,1.3077,110,130,240,1.1818,90,100,190,1.1111,121,71
900,240,650,200,470,670,2.35,180,330,510,1.8333,170,270,440,1.5882,140,170,310,1.2143,120,120,240,1.0,110,100,210,0.90909,121,71
890,250,650,270,460,730,1.7037,220,350,570,1.5909,190,290,480,1.5263,160,190,350,1.1875,130,130,260,1.0,110,110,220,1.0,121,71
900,240,550,180,410,590,2.2778,160,290,450,1.8125,150,220,370,1.4667,120,150,270,1.25,110,110,220,1.0,100,100,200,1.0,121,71
900,350,650,180,660,840,3.6667,150,430,580,2.8667,150,350,500,2.3333,130,200,330,1.5385,100,120,220,1.2,100,110,210,1.1,120,71
900,250,650,180,460,640,2.5556,160,320,480,2.0,150,260,410,1.7333,130,150,280,1.1538,110,110,220,1.0,100,90,190,0.9,120,71
900,250,630,200,440,640,2.2,160,340,500,2.125,150,270,420,1.8,130,170,300,1.3077,110,120,230,1.0909,100,100,200,1.0,120,70
900,270,640,190,620,810,3.2632,160,360,520,2.25,150,290,440,1.9333,130,180,310,1.3846,110,120,230,1.0909,90,100,190,1.1111,120,70
900,260,630,190,470,660,2.4737,170,320,490,1.8824,150,270,420,1.8,140,160,300,1.1429,110,120,230,1.0909,100,100,200,1.0,121,71
900,270,630,290,420,710,1.4483,210,300,510,1.4286,180,250,430,1.3889,150,170,320,1.1333,130,120,250,0.92308,120,100,220,0.8333299999999999,121,71
910,270,640,180,460,640,2.5556,150,310,460,2.0667,140,240,380,1.7143,130,150,280,1.1538,100,110,210,1.1,100,90,190,0.9,121,71
890,270,620,180,630,810,3.5,160,440,600,2.75,150,350,500,2.3333,130,190,320,1.4615,110,120,230,1.0909,100,100,200,1.0,120,71
920,270,690,180,480,660,2.6667,150,330,480,2.2,150,270,420,1.8,120,170,290,1.4167,110,120,230,1.0909,100,100,200,1.0,120,70
910,230,600,190,430,620,2.2632,160,310,470,1.9375,150,240,390,1.6,140,160,300,1.1429,110,120,230,1.0909,110,100,210,0.90909,121,71
900,310,680,190,490,680,2.5789,180,330,510,1.8333,160,280,440,1.75,140,160,300,1.1429,130,120,250,0.92308,110,90,200,0.81818,122,71
890,220,690,240,470,710,1.9583,190,400,590,2.1053,170,360,530,2.1176,150,220,370,1.4667,110,140,250,1.2727,110,110,220,1.0,121,71
920,200,600,220,450,670,2.0455,170,320,490,1.8824,160,260,420,1.625,130,180,310,1.3846,110,130,240,1.1818,90,110,200,1.2222,121,71
900,320,620,180,520,700,2.8889,160,350,510,2.1875,150,280,430,1.8667,120,160,280,1.3333,110,120,230,1.0909,90,100,190,1.1111,121,71
910,240,650,190,450,640,2.3684,170,320,490,1.8824,160,260,420,1.625,140,160,300,1.1429,110,110,220,1.0,110,90,200,0.81818,121,71
920,260,660,190,480,670,2.5263,170,330,500,1.9412,160,260,420,1.625,130,160,290,1.2308,120,110,230,0.91667,100,90,190,0.9,121,71
890,260,680,200,470,670,2.35,180,330,510,1.8333,170,260,430,1.5294,140,160,300,1.1429,130,110,240,0.84615,110,90,200,0.81818,122,71
910,210,700,230,480,710,2.087,230,330,560,1.4348,190,260,450,1.3684,150,200,350,1.3333,130,150,280,1.1538,110,120,230,1.0909,122,71
900,210,580,190,400,590,2.1053,160,290,450,1.8125,150,220,370,1.4667,140,140,280,1.0,120,100,220,0.8333299999999999,100,90,190,0.9,121,71
910,320,420,180,430,610,2.3889,150,350,500,2.3333,150,280,430,1.8667,130,160,290,1.2308,110,110,220,1.0,100,100,200,1.0,121,71
910,220,700,200,490,690,2.45,160,340,500,2.125,150,280,430,1.8667,130,170,300,1.3077,120,120,240,1.0,100,100,200,1.0,121,71
900,210,680,190,690,880,3.6316,160,360,520,2.25,160,300,460,1.875,140,170,310,1.2143,110,120,230,1.0909,100,100,200,1.0,121,71
890,220,700,180,440,620,2.4444,160,310,470,1.9375,150,250,400,1.6667,130,160,290,1.2308,110,130,240,1.1818,90,110,200,1.2222,122,71
900,220,680,180,490,670,2.7222,150,320,470,2.1333,150,250,400,1.6667,130,150,280,1.1538,110,110,220,1.0,100,90,190,0.9,121,71
910,220,650,170,660,830,3.8824,150,450,600,3.0,140,360,500,2.5714,120,160,280,1.3333,100,120,220,1.2,90,100,190,1.1111,120,71
910,260,670,180,470,650,2.6111,150,320,470,2.1333,150,260,410,1.7333,130,160,290,1.2308,110,120,230,1.0909,100,100,200,1.0,121,71
910,240,660,180,480,660,2.6667,160,320,480,2.0,150,260,410,1.7333,140,160,300,1.1429,110,110,220,1.0,110,100,210,0.90909,121,71
910,250,670,190,490,680,2.5789,180,330,510,1.8333,160,270,430,1.6875,140,160,300,1.1429,120,120,240,1.0,110,90,200,0.81818,122,71
890,240,680,260,490,750,1.8846,190,370,560,1.9474,170,300,470,1.7647,150,180,330,1.2,130,130,260,1.0,120,100,220,0.8333299999999999,121,71
900,210,640,230,410,640,1.7826,170,290,460,1.7059,160,220,380,1.375,140,150,290,1.0714,120,120,240,1.0,100,100,200,1.0,121,71
900,260,630,180,500,680,2.7778,150,340,490,2.2667,150,270,420,1.8,120,160,280,1.3333,110,110,220,1.0,100,100,200,1.0,121,71
900,270,620,190,460,650,2.4211,160,310,470,1.9375,160,250,410,1.5625,130,150,280,1.1538,120,110,230,0.91667,110,100,210,0.90909,121,71
910,280,680,190,430,620,2.2632,160,320,480,2.0,150,300,450,2.0,140,180,320,1.2857,110,120,230,1.0909,100,110,210,1.1,122,71
890,230,670,190,460,650,2.4211,170,320,490,1.8824,160,260,420,1.625,140,160,300,1.1429,120,120,240,1.0,110,90,200,0.81818,122,71
910,220,690,240,430,670,1.7917,180,320,500,1.7778,170,280,450,1.6471,140,180,320,1.2857,120,130,250,1.0833,100,110,210,1.1,121,71
890,220,610,190,410,600,2.1579,170,290,460,1.7059,150,230,380,1.5333,130,150,280,1.1538,120,110,230,0.91667,100,90,190,0.9,121,71
910,280,620,180,490,670,2.7222,150,340,490,2.2667,150,270,420,1.8,120,160,280,1.3333,100,120,220,1.2,100,100,200,1.0,121,71
900,290,680,180,490,670,2.7222,150,340,490,2.2667,140,280,420,2.0,130,170,300,1.3077,110,120,230,1.0909,100,90,190,0.9,121,71
910,220,660,180,460,640,2.5556,150,310,460,2.0667,150,260,410,1.7333,130,160,290,1.2308,120,110,230,0.91667,100,100,200,1.0,123,72
900,250,680,190,400,590,2.1053,170,260,430,1.5294,160,190,350,1.1875,150,140,290,0.93333,120,120,240,1.0,100,100,200,1.0,123,72
900,220,690,190,460,650,2.4211,170,320,490,1.8824,160,260,420,1.625,140,170,310,1.2143,120,130,250,1.0833,100,100,200,1.0,123,72
900,210,680,230,420,650,1.8261,230,340,570,1.4783,180,270,450,1.5,150,170,320,1.1333,130,130,260,1.0,110,110,220,1.0,123,72
910,220,650,170,460,630,2.7059,150,330,480,2.2,140,260,400,1.8571,120,160,280,1.3333,100,120,220,1.2,80,100,180,1.25,123,72
910,260,580,180,480,660,2.6667,160,340,500,2.125,150,270,420,1.8,130,160,290,1.2308,110,120,230,1.0909,90,100,190,1.1111,123,72
910,330,670,300,680,980,2.2667,180,410,590,2.2778,160,310,470,1.9375,140,190,330,1.3571,110,130,240,1.1818,110,110,220,1.0,123,72
910,240,650,190,530,720,2.7895,170,330,500,1.9412,160,260,420,1.625,130,160,290,1.2308,110,120,230,1.0909,100,100,200,1.0,123,72
880,260,670,200,420,620,2.1,180,300,480,1.6667,160,230,390,1.4375,150,140,290,0.93333,130,110,240,0.84615,120,90,210,0.75,124,72
890,210,690,230,490,720,2.1304,170,370,540,2.1765,170,310,480,1.8235,140,180,320,1.2857,120,130,250,1.0833,110,100,210,0.90909,124,72
890,200,640,220,410,630,1.8636,170,280,450,1.6471,150,210,360,1.4,130,150,280,1.1538,120,110,230,0.91667,110,90,200,0.81818,123,72
910,250,620,180,480,660,2.6667,150,320,470,2.1333,140,260,400,1.8571,130,150,280,1.1538,110,110,220,1.0,100,90,190,0.9,123,72
900,290,410,190,420,610,2.2105,170,310,480,1.8235,160,250,410,1.5625,130,160,290,1.2308,120,110,230,0.91667,100,90,190,0.9,123,72
900,230,690,190,670,860,3.5263,170,360,530,2.1176,150,280,430,1.8667,140,160,300,1.1429,120,120,240,1.0,100,90,190,0.9,123,72
890,210,670,190,420,610,2.2105,160,290,450,1.8125,160,240,400,1.5,140,150,290,1.0714,120,110,230,0.91667,110,100,210,0.90909,123,72
900,220,690,240,450,690,1.875,190,320,510,1.6842,170,280,450,1.6471,140,180,320,1.2857,120,130,250,1.0833,110,110,220,1.0,123,72
900,210,620,180,510,690,2.8333,150,320,470,2.1333,150,260,410,1.7333,130,150,280,1.1538,110,110,220,1.0,100,90,190,0.9,123,72
900,280,610,180,470,650,2.6111,160,320,480,2.0,150,270,420,1.8,130,160,290,1.2308,110,110,220,1.0,100,90,190,0.9,122,71
900,290,670,180,460,640,2.5556,160,360,520,2.25,150,250,400,1.6667,130,150,280,1.1538,110,110,220,1.0,100,100,200,1.0,122,71
910,230,680,170,470,640,2.7647,160,320,480,2.0,150,260,410,1.7333,130,170,300,1.3077,110,120,230,1.0909,90,100,190,1.1111,122,71
900,230,670,190,520,710,2.7368,160,350,510,2.1875,160,290,450,1.8125,140,170,310,1.2143,120,110,230,0.91667,110,100,210,0.90909,122,71
890,230,680,190,440,630,2.3158,170,310,480,1.8235,160,250,410,1.5625,140,160,300,1.1429,120,110,230,0.91667,110,100,210,0.90909,123,72
900,210,680,230,430,660,1.8696,190,310,500,1.6316,170,250,420,1.4706,150,170,320,1.1333,120,120,240,1.0,110,110,220,1.0,123,72
900,220,570,180,580,760,3.2222,160,410,570,2.5625,150,330,480,2.2,140,180,320,1.2857,110,120,230,1.0909,100,100,200,1.0,122,72
900,330,610,190,440,630,2.3158,160,310,470,1.9375,150,250,400,1.6667,130,150,280,1.1538,120,100,220,0.8333299999999999,100,90,190,0.9,122,72
900,290,680,190,460,650,2.4211,160,350,510,2.1875,150,290,440,1.9333,130,200,330,1.5385,110,140,250,1.2727,100,100,200,1.0,122,71
810,220,670,180,490,670,2.7222,150,320,470,2.1333,150,260,410,1.7333,130,160,290,1.2308,110,120,230,1.0909,100,100,200,1.0,123,72
900,230,690,250,490,740,1.96,180,370,550,2.0556,160,310,470,1.9375,150,190,340,1.2667,120,140,260,1.1667,110,110,220,1.0,123,72
900,210,600,210,420,630,2.0,170,300,470,1.7647,150,240,390,1.6,140,160,300,1.1429,110,120,230,1.0909,100,100,200,1.0,122,72
910,300,680,270,690,960,2.5556,160,430,590,2.6875,160,350,510,2.1875,130,200,330,1.5385,110,130,240,1.1818,90,110,200,1.2222,122,72
900,230,640,180,480,660,2.6667,160,330,490,2.0625,150,270,420,1.8,140,150,290,1.0714,110,120,230,1.0909,100,90,190,0.9,122,72
910,260,680,180,480,660,2.6667,160,330,490,2.0625,150,270,420,1.8,120,170,290,1.4167,80,120,200,1.5,70,100,170,1.4286,122,72
900,230,670,190,670,860,3.5263,170,350,520,2.0588,150,300,450,2.0,140,180,320,1.2857,110,120,230,1.0909,110,100,210,0.90909,122,72
890,230,670,210,400,610,1.9048,170,250,420,1.4706,170,210,380,1.2353,140,170,310,1.2143,120,130,250,1.0833,110,100,210,0.90909,123,72
900,220,680,240,460,700,1.9167,190,340,530,1.7895,180,290,470,1.6111,150,200,350,1.3333,130,140,270,1.0769,110,110,220,1.0,123,72
900,220,440,170,430,600,2.5294,160,310,470,1.9375,140,250,390,1.7857,130,160,290,1.2308,100,120,220,1.2,90,100,190,1.1111,122,72
900,250,680,180,450,630,2.5,160,330,490,2.0625,150,260,410,1.7333,130,160,290,1.2308,110,120,230,1.0909,90,90,180,1.0,122,72
910,220,570,180,450,630,2.5,160,320,480,2.0,140,270,410,1.9286,130,160,290,1.2308,100,120,220,1.2,100,100,200,1.0,123,72
890,340,670,190,680,870,3.5789,170,380,550,2.2353,160,320,480,2.0,130,190,320,1.4615,120,130,250,1.0833,90,100,190,1.1111,123,72
900,210,680,230,430,660,1.8696,190,320,510,1.6842,170,270,440,1.5882,150,180,330,1.2,120,130,250,1.0833,110,110,220,1.0,123,72
890,220,650,170,660,830,3.8824,150,450,600,3.0,140,310,450,2.2143,130,160,290,1.2308,100,120,220,1.2,90,90,180,1.0,123,72
900,240,680,170,480,650,2.8235,150,340,490,2.2667,140,270,410,1.9286,120,170,290,1.4167,100,120,220,1.2,90,110,200,1.2222,122,72
910,220,660,180,490,670,2.7222,160,350,510,2.1875,150,300,450,2.0,120,180,300,1.5,100,130,230,1.3,90,100,190,1.1111,123,72
900,250,670,190,490,680,2.5789,160,330,490,2.0625,150,270,420,1.8,130,150,280,1.1538,110,110,220,1.0,100,100,200,1.0,123,72
900,230,670,190,460,650,2.4211,170,330,500,1.9412,160,270,430,1.6875,140,160,300,1.1429,120,120,240,1.0,100,100,200,1.0,124,72
890,230,680,250,520,770,2.08,200,370,570,1.85,190,300,490,1.5789,160,180,340,1.125,140,130,270,0.92857,130,100,230,0.76923,124,72
890,210,570,230,420,650,1.8261,170,290,460,1.7059,160,230,390,1.4375,140,150,290,1.0714,120,120,240,1.0,100,100,200,1.0,124,73
900,320,650,170,660,830,3.8824,150,440,590,2.9333,140,360,500,2.5714,130,200,330,1.5385,100,120,220,1.2,90,100,190,1.1111,124,73
900,250,680,180,470,650,2.6111,150,330,480,2.2,150,270,420,1.8,120,160,280,1.3333,110,120,230,1.0909,90,110,200,1.2222,123,72
920,220,680,180,460,640,2.5556,160,360,520,2.25,150,290,440,1.9333,130,190,320,1.4615,100,120,220,1.2,100,110,210,1.1,123,72
900,240,660,190,670,860,3.5263,170,340,510,2.0,160,280,440,1.75,140,160,300,1.1429,120,120,240,1.0,100,90,190,0.9,124,72
890,240,680,200,450,650,2.25,170,320,490,1.8824,160,260,420,1.625,150,160,310,1.0667,120,120,240,1.0,110,100,210,0.90909,125,73
900,210,660,230,460,690,2.0,200,340,540,1.7,180,290,470,1.6111,150,180,330,1.2,120,130,250,1.0833,120,110,230,0.91667,125,73
920,240,560,180,430,610,2.3889,160,300,460,1.875,150,230,380,1.5333,130,150,280,1.1538,110,120,230,1.0909,100,100,200,1.0,125,73
890,360,630,190,640,830,3.3684,180,380,560,2.1111,160,300,460,1.875,150,160,310,1.0667,120,110,230,0.91667,110,90,200,0.81818,124,73
900,260,640,190,470,660,2.4737,160,340,500,2.125,150,280,430,1.8667,130,160,290,1.2308,110,110,220,1.0,100,100,200,1.0,124,73
920,260,540,180,440,620,2.4444,160,330,490,2.0625,140,280,420,2.0,130,160,290,1.2308,110,120,230,1.0909,100,100,200,1.0,125,73
910,380,680,200,690,890,3.45,180,360,540,2.0,160,290,450,1.8125,140,170,310,1.2143,120,120,240,1.0,110,90,200,0.81818,125,73
890,230,690,210,470,680,2.2381,180,350,530,1.9444,170,280,450,1.6471,150,170,320,1.1333,120,110,230,0.91667,120,100,220,0.8333299999999999,125,73
910,200,680,220,440,660,2.0,200,310,510,1.55,180,250,430,1.3889,140,170,310,1.2143,130,130,260,1.0,110,110,220,1.0,125,73
900,230,600,180,490,670,2.7222,160,330,490,2.0625,150,270,420,1.8,130,160,290,1.2308,110,110,220,1.0,100,90,190,0.9,125,73
910,300,600,190,610,800,3.2105,170,430,600,2.5294,150,340,490,2.2667,130,190,320,1.4615,110,120,230,1.0909,100,100,200,1.0,124,73
900,310,680,180,440,620,2.4444,160,330,490,2.0625,150,260,410,1.7333,130,170,300,1.3077,110,120,230,1.0909,100,90,190,0.9,124,72
900,220,670,190,420,610,2.2105,160,290,450,1.8125,150,230,380,1.5333,130,150,280,1.1538,110,110,220,1.0,100,100,200,1.0,124,72
890,230,680,180,510,690,2.8333,160,340,500,2.125,150,280,430,1.8667,130,170,300,1.3077,110,130,240,1.1818,100,110,210,1.1,125,73
910,210,700,230,480,710,2.087,180,360,540,2.0,160,320,480,2.0,140,230,370,1.6429,110,150,260,1.3636,100,120,220,1.2,125,73
910,210,680,230,420,650,1.8261,170,300,470,1.7647,150,250,400,1.6667,130,160,290,1.2308,110,120,230,1.0909,90,100,190,1.1111,124,73
900,230,530,180,510,690,2.8333,160,340,500,2.125,150,270,420,1.8,120,150,270,1.25,110,110,220,1.0,100,100,200,1.0,124,72
900,240,660,190,420,610,2.2105,170,290,460,1.7059,160,240,400,1.5,140,160,300,1.1429,110,120,230,1.0909,110,100,210,0.90909,124,72
890,240,650,260,430,690,1.6538,250,300,550,1.2,190,240,430,1.2632,160,150,310,0.9375,130,130,260,1.0,120,110,230,0.91667,124,72
910,240,640,170,430,600,2.5294,150,300,450,2.0,130,250,380,1.9231,120,160,280,1.3333,100,130,230,1.3,90,100,190,1.1111,123,72
900,270,360,180,370,550,2.0556,160,340,500,2.125,150,280,430,1.8667,130,160,290,1.2308,110,120,230,1.0909,100,90,190,0.9,123,72
900,260,660,190,470,660,2.4737,160,330,490,2.0625,160,270,430,1.6875,130,160,290,1.2308,120,120,240,1.0,100,100,200,1.0,124,72
900,240,670,180,680,860,3.7778,160,360,520,2.25,140,290,430,2.0714,140,170,310,1.2143,110,120,230,1.0909,110,100,210,0.90909,124,72
850,230,690,200,430,630,2.15,170,310,480,1.8235,160,250,410,1.5625,140,160,300,1.1429,120,120,240,1.0,110,100,210,0.90909,124,72
940,160,690,180,470,650,2.6111,180,340,520,1.8889,130,290,420,2.2308,100,200,300,2.0,90,160,250,1.7778,70,140,210,2.0,124,72
900,250,640,180,490,670,2.7222,150,330,480,2.2,150,270,420,1.8,120,150,270,1.25,110,110,220,1.0,90,100,190,1.1111,124,72
910,260,690,190,470,660,2.4737,160,310,470,1.9375,160,250,410,1.5625,130,150,280,1.1538,110,110,220,1.0,100,100,200,1.0,123,72
900,220,630,190,460,650,2.4211,170,320,490,1.8824,160,260,420,1.625,140,150,290,1.0714,120,110,230,0.91667,100,90,190,0.9,124,72
900,270,670,200,500,700,2.5,170,330,500,1.9412,160,270,430,1.6875,140,160,300,1.1429,120,120,240,1.0,110,90,200,0.81818,125,73
910,230,710,250,510,760,2.04,180,380,560,2.1111,170,310,480,1.8235,140,200,340,1.4286,120,130,250,1.0833,110,110,220,1.0,124,73
890,200,610,220,410,630,1.8636,180,280,460,1.5556,160,230,390,1.4375,140,150,290,1.0714,120,110,230,0.91667,110,90,200,0.81818,124,72
970,280,670,170,500,670,2.9412,140,330,470,2.3571,140,270,410,1.9286,120,160,280,1.3333,80,110,190,1.375,80,100,180,1.25,123,72
900,240,670,180,450,630,2.5,160,310,470,1.9375,150,260,410,1.7333,130,160,290,1.2308,120,110,230,0.91667,100,90,190,0.9,123,72
900,230,670,190,450,640,2.3684,160,310,470,1.9375,150,290,440,1.9333,130,170,300,1.3077,110,120,230,1.0909,100,100,200,1.0,124,72
900,230,680,190,450,640,2.3684,160,310,470,1.9375,160,250,410,1.5625,130,160,290,1.2308,120,120,240,1.0,100,100,200,1.0,124,72
890,220,670,240,440,680,1.8333,190,320,510,1.6842,170,270,440,1.5882,140,170,310,1.2143,130,120,250,0.92308,110,110,220,1.0,123,72
900,220,580,180,450,630,2.5,150,320,470,2.1333,150,250,400,1.6667,120,150,270,1.25,110,110,220,1.0,90,100,190,1.1111,123,72
910,320,700,180,570,750,3.1667,160,320,480,2.0,140,260,400,1.8571,130,160,290,1.2308,110,120,230,1.0909,90,100,190,1.1111,123,72
900,210,680,170,560,730,3.2941,150,340,490,2.2667,140,260,400,1.8571,130,160,290,1.2308,110,110,220,1.0,100,90,190,0.9,123,72
900,220,670,180,440,620,2.4444,160,310,470,1.9375,150,240,390,1.6,130,160,290,1.2308,110,110,220,1.0,100,100,200,1.0,123,72
890,230,670,180,410,590,2.2778,160,260,420,1.625,150,190,340,1.2667,130,140,270,1.0769,110,130,240,1.1818,90,100,190,1.1111,124,72
900,220,690,170,450,620,2.6471,150,320,470,2.1333,140,260,400,1.8571,130,170,300,1.3077,100,130,230,1.3,90,120,210,1.3333,124,72
900,210,670,230,420,650,1.8261,190,310,500,1.6316,160,260,420,1.625,140,170,310,1.2143,110,130,240,1.1818,100,110,210,1.1,124,72
890,230,680,170,450,620,2.6471,160,320,480,2.0,140,250,390,1.7857,130,150,280,1.1538,100,120,220,1.2,100,90,190,0.9,123,72
920,210,630,170,470,640,2.7647,150,340,490,2.2667,140,270,410,1.9286,120,170,290,1.4167,100,130,230,1.3,90,110,200,1.2222,123,72
910,290,670,270,680,950,2.5185,180,400,580,2.2222,160,320,480,2.0,140,180,320,1.2857,120,120,240,1.0,100,100,200,1.0,123,72
850,240,650,190,480,670,2.5263,170,310,480,1.8235,160,250,410,1.5625,140,150,290,1.0714,120,110,230,0.91667,110,90,200,0.81818,123,72
900,240,690,260,490,750,1.8846,180,370,550,2.0556,170,310,480,1.8235,150,190,340,1.2667,130,120,250,0.92308,110,110,220,1.0,124,72
910,210,640,230,400,630,1.7391,180,270,450,1.5,160,230,390,1.4375,140,160,300,1.1429,120,120,240,1.0,110,100,210,0.90909,124,72
900,270,680,180,450,630,2.5,160,310,470,1.9375,150,250,400,1.6667,140,160,300,1.1429,110,110,220,1.0,100,90,190,0.9,124,72
910,220,440,180,430,610,2.3889,160,310,470,1.9375,150,250,400,1.6667,130,150,280,1.1538,120,110,230,0.91667,100,90,190,0.9,124,72
900,270,700,190,690,880,3.6316,170,370,540,2.1765,150,290,440,1.9333,130,160,290,1.2308,120,120,240,1.0,100,90,190,0.9,124,72
900,200,670,190,430,620,2.2632,160,300,460,1.875,160,250,410,1.5625,130,160,290,1.2308,110,110,220,1.0,100,100,200,1.0,125,72
910,230,690,250,450,700,1.8,190,330,520,1.7368,170,280,450,1.6471,150,180,330,1.2,130,130,260,1.0,110,110,220,1.0,125,72
620,220,600,180,450,630,2.5,170,290,460,1.7059,150,220,370,1.4667,130,140,270,1.0769,120,90,210,0.75,100,80,180,0.8,124,72
900,280,690,180,500,680,2.7778,160,370,530,2.3125,150,260,410,1.7333,130,160,290,1.2308,120,110,230,0.91667,100,100,200,1.0,123,72
910,210,670,180,450,630,2.5,160,310,470,1.9375,140,250,390,1.7857,130,150,280,1.1538,110,120,230,1.0909,100,100,200,1.0,124,72
900,240,670,190,520,710,2.7368,170,350,520,2.0588,160,290,450,1.8125,140,170,310,1.2143,120,120,240,1.0,100,90,190,0.9,125,72
880,230,680,190,430,620,2.2632,170,310,480,1.8235,160,250,410,1.5625,150,160,310,1.0667,120,110,230,0.91667,110,100,210,0.90909,124,72
900,200,670,220,430,650,1.9545,180,300,480,1.6667,160,260,420,1.625,130,170,300,1.3077,110,130,240,1.1818,100,110,210,1.1,124,72
880,230,680,180,690,870,3.8333,160,420,580,2.625,140,330,470,2.3571,130,180,310,1.3846,110,130,240,1.1818,100,90,190,0.9,124,72
900,200,600,170,480,650,2.8235,140,320,460,2.2857,130,250,380,1.9231,120,160,280,1.3333,100,120,220,1.2,90,100,190,1.1111,123,72
900,300,680,180,450,630,2.5,160,340,500,2.125,150,280,430,1.8667,130,180,310,1.3846,110,110,220,1.0,100,100,200,1.0,124,72
900,220,680,180,460,640,2.5556,160,330,490,2.0625,150,260,410,1.7333,130,160,290,1.2308,110,120,230,1.0909,90,100,190,1.1111,124,72
900,220,670,190,420,610,2.2105,160,350,510,2.1875,160,280,440,1.75,130,170,300,1.3077,110,130,240,1.1818,100,100,200,1.0,125,72
900,230,690,250,490,740,1.96,180,370,550,2.0556,170,310,480,1.8235,140,190,330,1.3571,120,130,250,1.0833,100,110,210,1.1,124,72
900,210,590,200,410,610,2.05,160,290,450,1.8125,150,230,380,1.5333,130,150,280,1.1538,110,120,230,1.0909,90,110,200,1.2222,124,72
900,310,680,210,690,900,3.2857,170,400,570,2.3529,150,320,470,2.1333,140,180,320,1.2857,110,130,240,1.1818,100,100,200,1.0,124,72
920,220,680,180,470,650,2.6111,160,330,490,2.0625,150,270,420,1.8,120,160,280,1.3333,110,120,230,1.0909,90,110,200,1.2222,124,72
900,240,670,180,450,630,2.5,150,330,480,2.2,150,270,420,1.8,120,160,280,1.3333,100,110,210,1.1,80,100,180,1.25,123,72
910,230,680,190,670,860,3.5263,170,360,530,2.1176,160,280,440,1.75,130,160,290,1.2308,110,120,230,1.0909,100,100,200,1.0,125,72
890,230,660,200,390,590,1.95,180,260,440,1.4444,160,220,380,1.375,150,170,320,1.1333,130,120,250,0.92308,110,100,210,0.90909,125,73
890,230,670,250,450,700,1.8,200,330,530,1.65,180,280,460,1.5556,150,180,330,1.2,130,130,260,1.0,110,110,220,1.0,124,73
900,220,450,180,420,600,2.3333,150,280,430,1.8667,150,240,390,1.6,120,160,280,1.3333,100,110,210,1.1,90,100,190,1.1111,124,72
930,230,710,200,430,630,2.15,170,320,490,1.8824,160,270,430,1.6875,140,180,320,1.2857,120,130,250,1.0833,100,110,210,1.1,125,73
910,220,640,240,440,680,1.8333,220,310,530,1.4091,180,260,440,1.4444,160,170,330,1.0625,140,120,260,0.85714,120,100,220,0.8333299999999999,125,73
920,270,630,170,640,810,3.7647,160,390,550,2.4375,140,270,410,1.9286,130,160,290,1.2308,110,120,230,1.0909,90,90,180,1.0,124,73
900,290,640,190,490,680,2.5789,170,330,500,1.9412,160,270,430,1.6875,140,160,300,1.1429,120,110,230,0.91667,100,90,190,0.9,124,73
910,260,700,180,470,650,2.6111,150,340,490,2.2667,150,270,420,1.8,130,160,290,1.2308,110,120,230,1.0909,100,100,200,1.0,124,71
920,210,690,180,510,690,2.8333,150,340,490,2.2667,140,280,420,2.0,130,170,300,1.3077,100,120,220,1.2,100,110,210,1.1,123,71
910,230,680,190,650,840,3.4211,170,360,530,2.1176,160,300,460,1.875,140,180,320,1.2857,120,120,240,1.0,110,100,210,0.90909,124,71
900,230,690,250,500,750,2.0,200,360,560,1.8,180,300,480,1.6667,170,170,340,1.0,140,130,270,0.92857,130,100,230,0.76923,124,71
900,210,630,230,420,650,1.8261,180,300,480,1.6667,160,240,400,1.5,140,150,290,1.0714,120,110,230,0.91667,110,100,210,0.90909,123,71
900,270,610,170,620,790,3.6471,150,390,540,2.6,150,310,460,2.0667,130,150,280,1.1538,110,110,220,1.0,100,90,190,0.9,123,71
920,290,660,190,490,680,2.5789,160,350,510,2.1875,150,280,430,1.8667,130,170,300,1.3077,110,120,230,1.0909,100,110,210,1.1,123,71
910,260,690,200,440,640,2.2,160,340,500,2.125,160,270,430,1.6875,140,160,300,1.1429,110,110,220,1.0,110,100,210,0.90909,123,71
910,220,680,180,660,840,3.6667,160,370,530,2.3125,150,300,450,2.0,140,170,310,1.2143,110,120,230,1.0909,100,100,200,1.0,123,71
900,230,680,200,460,660,2.3,180,320,500,1.7778,170,270,440,1.5882,140,160,300,1.1429,130,110,240,0.84615,110,90,200,0.81818,124,71
900,220,690,240,460,700,1.9167,190,340,530,1.7895,170,280,450,1.6471,150,190,340,1.2667,120,130,250,1.0833,120,110,230,0.91667,124,72
910,210,600,170,440,610,2.5882,150,300,450,2.0,130,250,380,1.9231,120,160,280,1.3333,100,120,220,1.2,90,100,190,1.1111,123,72
920,310,670,170,680,850,4.0,150,410,560,2.7333,140,340,480,2.4286,120,180,300,1.5,90,130,220,1.4444,80,110,190,1.375,123,72
920,250,650,180,450,630,2.5,160,320,480,2.0,150,260,410,1.7333,120,160,280,1.3333,110,120,230,1.0909,90,100,190,1.1111,123,71
910,270,630,190,450,640,2.3684,160,320,480,2.0,160,260,420,1.625,130,160,290,1.2308,120,120,240,1.0,100,100,200,1.0,123,72
920,280,690,190,700,890,3.6842,170,350,520,2.0588,160,290,450,1.8125,140,180,320,1.2857,110,120,230,1.0909,110,100,210,0.90909,124,72
910,300,600,180,480,660,2.6667,160,330,490,2.0625,150,270,420,1.8,120,160,280,1.3333,110,120,230,1.0909,90,100,190,1.1111,123,72
910,310,690,300,700,1000,2.3333,170,420,590,2.4706,160,340,500,2.125,140,200,340,1.4286,110,130,240,1.1818,100,100,200,1.0,123,72
920,220,680,180,460,640,2.5556,150,330,480,2.2,140,270,410,1.9286,130,160,290,1.2308,100,120,220,1.2,100,110,210,1.1,123,72
920,240,650,180,450,630,2.5,160,320,480,2.0,150,250,400,1.6667,130,150,280,1.1538,110,110,220,1.0,100,100,200,1.0,123,72
910,270,670,190,490,680,2.5789,170,330,500,1.9412,160,280,440,1.75,140,160,300,1.1429,120,120,240,1.0,110,100,210,0.90909,124,72
900,240,690,260,470,730,1.8077,220,330,550,1.5,190,260,450,1.3684,160,170,330,1.0625,130,140,270,1.0769,120,120,240,1.0,124,72
920,210,620,190,420,610,2.2105,160,300,460,1.875,150,240,390,1.6,130,160,290,1.2308,110,120,230,1.0909,100,110,210,1.1,123,72
910,300,360,180,370,550,2.0556,160,350,510,2.1875,150,280,430,1.8667,130,160,290,1.2308,110,110,220,1.0,100,100,200,1.0,123,72
920,230,670,190,510,700,2.6842,160,350,510,2.1875,150,280,430,1.8667,130,170,300,1.3077,110,120,230,1.0909,100,110,210,1.1,123,71
910,250,650,190,660,850,3.4737,170,390,560,2.2941,160,320,480,2.0,140,190,330,1.3571,110,120,230,1.0909,100,100,200,1.0,124,72
900,260,680,190,460,650,2.4211,170,330,500,1.9412,160,270,430,1.6875,130,170,300,1.3077,120,120,240,1.0,100,100,200,1.0,124,72
910,220,690,240,420,660,1.75,240,310,550,1.2917,200,260,460,1.3,160,170,330,1.0625,150,120,270,0.8,130,100,230,0.76923,124,72
910,220,620,190,470,660,2.4737,160,320,480,2.0,150,260,410,1.7333,130,160,290,1.2308,110,110,220,1.0,100,90,190,0.9,123,72
910,290,690,180,700,880,3.8889,160,440,600,2.75,150,370,520,2.4667,130,210,340,1.6154,110,110,220,1.0,100,90,190,0.9,122,71
900,220,690,180,460,640,2.5556,160,330,490,2.0625,150,270,420,1.8,130,160,290,1.2308,110,120,230,1.0909,100,100,200,1.0,123,71
920,210,680,180,440,620,2.4444,150,350,500,2.3333,140,280,420,2.0,130,170,300,1.3077,110,130,240,1.1818,90,110,200,1.2222,123,72
910,240,670,190,520,710,2.7368,170,350,520,2.0588,160,280,440,1.75,140,170,310,1.2143,110,120,230,1.0909,110,110,220,1.0,124,72
900,240,690,260,610,870,2.3462,200,400,600,2.0,180,340,520,1.8889,160,200,360,1.25,130,130,260,1.0,120,110,230,0.91667,124,72
910,210,660,230,420,650,1.8261,170,300,470,1.7647,160,240,400,1.5,140,160,300,1.1429,120,120,240,1.0,110,110,220,1.0,123,72
910,250,630,190,490,680,2.5789,160,330,490,2.0625,150,280,430,1.8667,130,160,290,1.2308,110,110,220,1.0,100,90,190,0.9,123,72
910,280,680,190,450,640,2.3684,160,310,470,1.9375,160,250,410,1.5625,130,150,280,1.1538,120,110,230,0.91667,110,90,200,0.81818,123,72
900,230,670,190,410,600,2.1579,160,270,430,1.6875,150,210,360,1.4,140,150,290,1.0714,120,110,230,0.91667,110,100,210,0.90909,124,72
910,230,680,180,450,630,2.5,170,320,490,1.8824,150,260,410,1.7333,130,170,300,1.3077,110,120,230,1.0909,100,100,200,1.0,124,72
900,230,690,250,450,700,1.8,250,380,630,1.52,190,320,510,1.6842,160,200,360,1.25,130,140,270,1.0769,120,110,230,0.91667,123,72
910,210,590,180,430,610,2.3889,150,300,450,2.0,140,240,380,1.7143,120,150,270,1.25,110,120,230,1.0909,90,100,190,1.1111,123,72
930,320,630,170,510,680,3.0,150,350,500,2.3333,140,290,430,2.0714,130,160,290,1.2308,100,120,220,1.2,90,100,190,1.1111,123,72
910,300,660,300,670,970,2.2333,180,440,620,2.4444,170,350,520,2.0588,140,200,340,1.4286,120,120,240,1.0,110,100,210,0.90909,123,72
910,250,640,190,450,640,2.3684,170,320,490,1.8824,160,250,410,1.5625,130,160,290,1.2308,120,110,230,0.91667,100,90,190,0.9,123,72
910,270,680,200,470,670,2.35,170,330,500,1.9412,160,270,430,1.6875,140,160,300,1.1429,120,120,240,1.0,120,100,220,0.8333299999999999,123,72
900,230,690,190,440,630,2.3158,170,310,480,1.8235,160,260,420,1.625,140,160,300,1.1429,120,110,230,0.91667,110,100,210,0.90909,124,72
910,210,620,230,400,630,1.7391,230,280,510,1.2174,210,210,420,1.0,160,170,330,1.0625,130,130,260,1.0,120,110,230,0.91667,124,72
900,290,670,180,500,680,2.7778,160,340,500,2.125,150,270,420,1.8,130,160,290,1.2308,120,110,230,0.91667,100,90,190,0.9,124,72
900,230,390,180,400,580,2.2222,150,330,480,2.2,140,270,410,1.9286,130,150,280,1.1538,110,110,220,1.0,100,90,190,0.9,123,72
910,220,690,190,640,830,3.3684,160,360,520,2.25,150,290,440,1.9333,130,170,300,1.3077,110,120,230,1.0909,100,110,210,1.1,123,72
920,220,680,180,500,680,2.7778,170,340,510,2.0,150,280,430,1.8667,140,170,310,1.2143,110,120,230,1.0909,100,110,210,1.1,124,72
850,240,690,260,470,730,1.8077,190,360,550,1.8947,180,300,480,1.6667,160,190,350,1.1875,140,120,260,0.85714,120,100,220,0.8333299999999999,125,72
910,360,630,190,500,690,2.6316,160,330,490,2.0625,150,270,420,1.8,130,160,290,1.2308,120,110,230,0.91667,100,90,190,0.9,123,72
920,280,690,180,590,770,3.2778,160,390,550,2.4375,140,320,460,2.2857,130,160,290,1.2308,110,110,220,1.0,100,90,190,0.9,123,72
910,230,660,180,450,630,2.5,160,310,470,1.9375,150,260,410,1.7333,140,160,300,1.1429,120,110,230,0.91667,110,90,200,0.81818,124,72
900,270,700,180,450,630,2.5,150,310,460,2.0667,150,270,420,1.8,130,190,320,1.4615,110,140,250,1.2727,90,110,200,1.2222,124,72
910,200,640,220,440,660,2.0,180,330,510,1.8333,160,280,440,1.75,130,180,310,1.3846,110,140,250,1.2727,90,120,210,1.3333,124,72
920,270,650,200,570,770,2.85,160,370,530,2.3125,150,300,450,2.0,130,180,310,1.3846,110,120,230,1.0909,90,100,190,1.1111,124,72
920,270,660,190,460,650,2.4211,160,320,480,2.0,160,260,420,1.625,130,150,280,1.1538,120,110,230,0.91667,90,100,190,1.1111,123,72
900,260,640,190,450,640,2.3684,160,310,470,1.9375,150,250,400,1.6667,120,150,270,1.25,100,100,200,1.0,80,90,170,1.125,123,72
910,260,640,190,460,650,2.4211,160,320,480,2.0,150,250,400,1.6667,140,160,300,1.1429,110,110,220,1.0,100,100,200,1.0,123,72
910,270,670,200,410,610,2.05,170,270,440,1.5882,160,210,370,1.3125,140,170,310,1.2143,120,120,240,1.0,110,90,200,0.81818,124,72
890,240,670,200,460,660,2.3,180,330,510,1.8333,170,260,430,1.5294,150,160,310,1.0667,120,110,230,0.91667,120,90,210,0.75,124,72
900,220,600,240,390,630,1.625,180,280,460,1.5556,170,220,390,1.2941,140,150,290,1.0714,130,110,240,0.84615,110,90,200,0.81818,123,72
900,300,620,190,480,670,2.5263,160,330,490,2.0625,150,270,420,1.8,130,150,280,1.1538,110,110,220,1.0,100,90,190,0.9,123,72
900,280,620,180,460,640,2.5556,160,320,480,2.0,150,250,400,1.6667,130,150,280,1.1538,110,110,220,1.0,90,90,180,1.0,123,72
910,280,680,190,580,770,3.0526,160,370,530,2.3125,160,300,460,1.875,130,180,310,1.3846,110,120,230,1.0909,100,100,200,1.0,123,72
900,230,680,180,640,820,3.5556,160,350,510,2.1875,150,280,430,1.8667,140,160,300,1.1429,110,120,230,1.0909,100,100,200,1.0,123,72
900,220,690,240,480,720,2.0,180,350,530,1.9444,170,320,490,1.8824,140,190,330,1.3571,120,140,260,1.1667,100,110,210,1.1,124,72
900,210,600,170,490,660,2.8824,150,340,490,2.2667,140,230,370,1.6429,120,160,280,1.3333,100,120,220,1.2,80,100,180,1.25,124,72
910,300,700,180,490,670,2.7222,150,340,490,2.2667,140,280,420,2.0,120,170,290,1.4167,110,120,230,1.0909,90,110,200,1.2222,124,72
910,210,670,180,560,740,3.1111,160,330,490,2.0625,140,270,410,1.9286,130,160,290,1.2308,100,120,220,1.2,90,100,190,1.1111,124,72
910,240,670,190,450,640,2.3684,160,310,470,1.9375,160,260,420,1.625,130,170,300,1.3077,110,120,230,1.0909,100,100,200,1.0,124,72
900,240,660,190,670,860,3.5263,170,370,540,2.1765,160,310,470,1.9375,140,180,320,1.2857,120,120,240,1.0,110,100,210,0.90909,125,73
890,240,660,200,410,610,2.05,170,300,470,1.7647,160,240,400,1.5,140,160,300,1.1429,120,120,240,1.0,100,100,200,1.0,125,73
910,230,660,250,440,690,1.76,180,320,500,1.7778,170,270,440,1.5882,140,180,320,1.2857,110,140,250,1.2727,100,110,210,1.1,125,73
920,250,660,180,670,850,3.7222,150,370,520,2.4667,140,290,430,2.0714,120,160,280,1.3333,100,120,220,1.2,90,100,190,1.1111,124,72
910,260,640,180,480,660,2.6667,160,320,480,2.0,150,260,410,1.7333,130,150,280,1.1538,110,110,220,1.0,100,90,190,0.9,124,72
910,270,680,190,480,670,2.5263,160,350,510,2.1875,160,270,430,1.6875,130,160,290,1.2308,120,110,230,0.91667,100,100,200,1.0,124,72
900,230,670,190,470,660,2.4737,160,320,480,2.0,160,260,420,1.625,140,150,290,1.0714,110,110,220,1.0,110,100,210,0.90909,125,72
910,230,680,190,510,700,2.6842,170,340,510,2.0,160,280,440,1.75,140,170,310,1.2143,120,120,240,1.0,100,100,200,1.0,125,73
890,230,680,230,480,710,2.087,180,340,520,1.8889,170,290,460,1.7059,150,170,320,1.1333,130,120,250,0.92308,120,100,220,0.8333299999999999,125,73
900,210,610,230,410,640,1.7826,180,290,470,1.6111,160,240,400,1.5,130,160,290,1.2308,120,120,240,1.0,100,100,200,1.0,124,73
900,290,600,170,610,780,3.5882,150,430,580,2.8667,150,350,500,2.3333,120,190,310,1.5833,120,120,240,1.0,100,100,200,1.0,124,72
900,300,680,170,440,610,2.5882,150,300,450,2.0,140,250,390,1.7857,130,150,280,1.1538,100,110,210,1.1,90,90,180,1.0,124,72
900,220,680,190,460,650,2.4211,160,350,510,2.1875,150,290,440,1.9333,130,190,320,1.4615,110,120,230,1.0909,100,100,200,1.0,124,72
900,220,660,170,670,840,3.9412,160,350,510,2.1875,150,290,440,1.9333,130,170,300,1.3077,110,120,230,1.0909,100,100,200,1.0,124,72
910,240,680,190,430,620,2.2632,160,340,500,2.125,150,280,430,1.8667,140,170,310,1.2143,120,120,240,1.0,100,100,200,1.0,125,73
890,230,670,250,460,710,1.84,200,340,540,1.7,190,290,480,1.5263,160,180,340,1.125,140,120,260,0.85714,120,110,230,0.91667,125,73
900,220,610,180,420,600,2.3333,160,290,450,1.8125,150,230,380,1.5333,130,150,280,1.1538,120,110,230,0.91667,100,100,200,1.0,124,73
900,290,660,200,670,870,3.35,170,400,570,2.3529,150,320,470,2.1333,130,170,300,1.3077,110,130,240,1.1818,90,100,190,1.1111,124,72
910,240,650,180,430,610,2.3889,160,320,480,2.0,150,270,420,1.8,130,160,290,1.2308,110,110,220,1.0,100,100,200,1.0,124,72
910,260,680,180,440,620,2.4444,160,300,460,1.875,150,260,410,1.7333,130,170,300,1.3077,100,120,220,1.2,70,100,170,1.4286,124,72
900,230,630,200,570,770,2.85,180,330,510,1.8333,160,260,420,1.625,140,160,300,1.1429,120,110,230,0.91667,110,90,200,0.81818,125,73
900,270,690,220,410,630,1.8636,180,260,440,1.4444,170,220,390,1.2941,150,190,340,1.2667,120,130,250,1.0833,110,110,220,1.0,125,73
910,210,680,230,420,650,1.8261,190,310,500,1.6316,170,250,420,1.4706,140,160,300,1.1429,130,120,250,0.92308,110,100,210,0.90909,125,73
910,230,420,180,430,610,2.3889,160,320,480,2.0,150,250,400,1.6667,130,150,280,1.1538,120,100,220,0.8333299999999999,100,90,190,0.9,125,73
900,220,680,190,480,670,2.5263,170,320,490,1.8824,160,260,420,1.625,130,160,290,1.2308,120,120,240,1.0,100,90,190,0.9,124,72
890,220,680,190,540,730,2.8421,160,350,510,2.1875,160,290,450,1.8125,130,180,310,1.3846,110,130,240,1.1818,100,110,210,1.1,125,73
920,210,710,230,500,730,2.1739,170,350,520,2.0588,160,290,450,1.8125,130,170,300,1.3077,110,120,230,1.0909,90,100,190,1.1111,126,73
900,210,660,230,420,650,1.8261,170,300,470,1.7647,160,240,400,1.5,140,150,290,1.0714,120,120,240,1.0,100,90,190,0.9,125,73
910,240,660,180,670,850,3.7222,150,440,590,2.9333,140,360,500,2.5714,130,160,290,1.2308,100,110,210,1.1,100,100,200,1.0,125,73
900,250,630,180,470,650,2.6111,170,330,500,1.9412,150,270,420,1.8,140,160,300,1.1429,110,110,220,1.0,100,90,190,0.9,125,73
910,270,650,190,470,660,2.4737,150,340,490,2.2667,150,270,420,1.8,130,160,290,1.2308,120,120,240,1.0,100,100,200,1.0,125,73
910,260,670,180,680,860,3.7778,170,380,550,2.2353,150,300,450,2.0,140,170,310,1.2143,110,120,230,1.0909,110,100,210,0.90909,125,73
900,240,710,200,460,660,2.3,180,320,500,1.7778,170,260,430,1.5294,140,170,310,1.2143,130,120,250,0.92308,110,90,200,0.81818,126,73
900,190,680,210,450,660,2.1429,210,320,530,1.5238,190,270,460,1.4211,160,180,340,1.125,130,120,250,0.92308,120,110,230,0.91667,126,73
900,220,620,180,410,590,2.2778,160,290,450,1.8125,150,230,380,1.5333,130,150,280,1.1538,110,110,220,1.0,100,90,190,0.9,125,73
910,280,670,180,680,860,3.7778,160,410,570,2.5625,150,350,500,2.3333,130,190,320,1.4615,110,130,240,1.1818,100,100,200,1.0,125,73
900,240,610,180,440,620,2.4444,160,310,470,1.9375,150,250,400,1.6667,140,150,290,1.0714,120,110,230,0.91667,110,90,200,0.81818,125,72
900,290,680,190,410,600,2.1579,170,300,470,1.7647,160,260,420,1.625,130,150,280,1.1538,120,110,230,0.91667,100,100,200,1.0,125,73
910,220,670,180,480,660,2.6667,160,330,490,2.0625,150,270,420,1.8,140,170,310,1.2143,110,120,230,1.0909,100,100,200,1.0,126,73
890,240,680,220,530,750,2.4091,180,360,540,2.0,170,290,460,1.7059,150,170,320,1.1333,130,120,250,0.92308,110,100,210,0.90909,126,73
910,210,600,230,430,660,1.8696,180,310,490,1.7222,170,250,420,1.4706,150,170,320,1.1333,120,130,250,1.0833,100,110,210,1.1,125,73
900,310,680,180,540,720,3.0,160,340,500,2.125,150,280,430,1.8667,140,180,320,1.2857,110,120,230,1.0909,90,100,190,1.1111,125,73
900,230,680,190,440,630,2.3158,160,310,470,1.9375,150,250,400,1.6667,130,160,290,1.2308,110,110,220,1.0,100,100,200,1.0,125,73
910,220,670,180,410,590,2.2778,160,290,450,1.8125,150,220,370,1.4667,130,150,280,1.1538,110,120,230,1.0909,90,100,190,1.1111,125,73
900,240,670,190,490,680,2.5789,170,330,500,1.9412,160,270,430,1.6875,150,160,310,1.0667,120,120,240,1.0,110,120,230,1.0909,126,73
900,230,680,250,470,720,1.88,200,370,570,1.85,180,340,520,1.8889,160,210,370,1.3125,140,130,270,0.92857,120,110,230,0.91667,125,73
900,220,570,210,410,620,1.9524,170,290,460,1.7059,150,220,370,1.4667,140,140,280,1.0,120,110,230,0.91667,100,100,200,1.0,125,73
910,330,600,180,500,680,2.7778,160,330,490,2.0625,150,270,420,1.8,130,160,290,1.2308,100,120,220,1.2,90,100,190,1.1111,125,73
900,250,650,190,450,640,2.3684,160,310,470,1.9375,150,260,410,1.7333,130,160,290,1.2308,110,110,220,1.0,100,100,200,1.0,125,72
910,250,680,180,470,650,2.6111,160,330,490,2.0625,150,270,420,1.8,120,170,290,1.4167,110,120,230,1.0909,100,100,200,1.0,125,73
900,230,670,190,440,630,2.3158,170,310,480,1.8235,150,250,400,1.6667,140,150,290,1.0714,110,110,220,1.0,110,100,210,0.90909,125,73
890,230,680,250,430,680,1.72,250,300,550,1.2,200,250,450,1.25,160,190,350,1.1875,130,130,260,1.0,120,110,230,0.91667,125,73
910,210,640,180,440,620,2.4444,150,310,460,2.0667,140,240,380,1.7143,120,160,280,1.3333,110,110,220,1.0,90,100,190,1.1111,124,72
900,270,420,180,430,610,2.3889,160,330,490,2.0625,150,270,420,1.8,130,160,290,1.2308,110,110,220,1.0,100,90,190,0.9,124,72
900,230,690,190,480,670,2.5263,170,320,490,1.8824,150,260,410,1.7333,140,160,300,1.1429,120,110,230,0.91667,100,90,190,0.9,124,72
910,210,680,190,520,710,2.7368,160,340,500,2.125,160,290,450,1.8125,130,180,310,1.3846,120,120,240,1.0,100,100,200,1.0,124,72
890,230,690,200,450,650,2.25,170,310,480,1.8235,160,260,420,1.625,150,160,310,1.0667,120,110,230,0.91667,110,100,210,0.90909,125,73
920,200,620,220,410,630,1.8636,210,270,480,1.2857,170,220,390,1.2941,140,150,290,1.0714,120,100,220,0.8333299999999999,110,90,200,0.81818,124,73
900,300,660,180,490,670,2.7222,160,330,490,2.0625,150,260,410,1.7333,130,160,290,1.2308,110,110,220,1.0,90,100,190,1.1111,124,72
910,230,690,180,450,630,2.5,160,320,480,2.0,140,260,400,1.8571,130,170,300,1.3077,100,130,230,1.3,100,100,200,1.0,124,72
900,220,660,190,480,670,2.5263,160,340,500,2.125,160,270,430,1.6875,130,150,280,1.1538,110,110,220,1.0,100,100,200,1.0,124,72
910,240,670,190,470,660,2.4737,170,330,500,1.9412,160,280,440,1.75,140,160,300,1.1429,120,120,240,1.0,100,100,200,1.0,125,73
890,240,650,260,480,740,1.8462,200,360,560,1.8,180,300,480,1.6667,160,190,350,1.1875,130,130,260,1.0,120,100,220,0.8333299999999999,125,73
910,270,630,180,480,660,2.6667,160,330,490,2.0625,150,270,420,1.8,130,160,290,1.2308,110,120,230,1.0909,100,90,190,0.9,124,72
900,280,670,200,420,620,2.1,170,310,480,1.8235,160,300,460,1.875,140,180,320,1.2857,120,120,240,1.0,110,90,200,0.81818,125,73
890,230,660,190,480,670,2.5263,170,320,490,1.8824,160,260,420,1.625,140,160,300,1.1429,120,120,240,1.0,100,100,200,1.0,125,73
890,230,540,250,420,670,1.68,200,310,510,1.55,180,260,440,1.4444,150,170,320,1.1333,130,120,250,0.92308,120,110,230,0.91667,125,73
900,350,630,180,470,650,2.6111,160,320,480,2.0,140,250,390,1.7857,120,150,270,1.25,110,110,220,1.0,90,100,190,1.1111,125,73
900,270,640,180,500,680,2.7778,150,340,490,2.2667,140,270,410,1.9286,130,160,290,1.2308,100,120,220,1.2,100,100,200,1.0,124,73
900,260,680,170,520,690,3.0588,150,340,490,2.2667,130,280,410,2.1538,110,170,280,1.5455,100,120,220,1.2,90,100,190,1.1111,124,72
910,220,640,180,460,640,2.5556,160,310,470,1.9375,150,240,390,1.6,140,150,290,1.0714,110,110,220,1.0,110,90,200,0.81818,125,73
890,270,660,200,380,580,1.9,170,250,420,1.4706,170,190,360,1.1176,140,160,300,1.1429,130,120,250,0.92308,110,90,200,0.81818,126,73
890,230,680,190,480,670,2.5263,170,330,500,1.9412,160,280,440,1.75,140,170,310,1.2143,120,120,240,1.0,110,100,210,0.90909,126,73
910,210,650,230,430,660,1.8696,190,310,500,1.6316,170,260,430,1.5294,150,170,320,1.1333,120,120,240,1.0,110,100,210,0.90909,125,73
900,260,640,180,480,660,2.6667,150,330,480,2.2,150,260,410,1.7333,120,160,280,1.3333,110,120,230,1.0909,100,100,200,1.0,125,73
900,260,640,180,480,660,2.6667,160,320,480,2.0,150,260,410,1.7333,130,160,290,1.2308,110,110,220,1.0,100,100,200,1.0,125,73
900,260,640,230,650,880,2.8261,170,410,580,2.4118,150,320,470,2.1333,140,190,330,1.3571,110,120,230,1.0909,110,110,220,1.0,125,73
900,260,680,180,690,870,3.8333,160,340,500,2.125,150,270,420,1.8,130,160,290,1.2308,110,120,230,1.0909,100,100,200,1.0,125,73
900,240,690,260,490,750,1.8846,190,360,550,1.8947,170,310,480,1.8235,150,190,340,1.2667,130,130,260,1.0,120,110,230,0.91667,126,73
900,210,610,210,410,620,1.9524,170,270,440,1.5882,160,220,380,1.375,140,150,290,1.0714,120,110,230,0.91667,110,100,210,0.90909,125,73
890,290,610,190,510,700,2.6842,170,350,520,2.0588,150,280,430,1.8667,130,160,290,1.2308,120,110,230,0.91667,100,90,190,0.9,125,73
910,280,500,180,460,640,2.5556,150,310,460,2.0667,150,260,410,1.7333,120,160,280,1.3333,100,110,210,1.1,100,100,200,1.0,125,73
910,220,680,190,690,880,3.6316,160,360,520,2.25,150,300,450,2.0,130,180,310,1.3846,110,120,230,1.0909,100,110,210,1.1,126,73
890,230,670,220,410,630,1.8636,180,290,470,1.6111,160,240,400,1.5,150,160,310,1.0667,120,110,230,0.91667,100,90,190,0.9,126,73
890,220,680,240,450,690,1.875,200,320,520,1.6,180,270,450,1.5,150,180,330,1.2,130,130,260,1.0,120,110,230,0.91667,126,74
900,210,610,170,620,790,3.6471,160,370,530,2.3125,140,290,430,2.0714,120,160,280,1.3333,110,110,220,1.0,90,100,190,1.1111,126,73
900,290,610,180,480,660,2.6667,160,330,490,2.0625,140,270,410,1.9286,130,160,290,1.2308,110,110,220,1.0,100,90,190,0.9,125,73
900,290,680,180,460,640,2.5556,160,310,470,1.9375,150,260,410,1.7333,130,160,290,1.2308,110,110,220,1.0,90,90,180,1.0,126,73
910,220,670,180,460,640,2.5556,160,320,480,2.0,150,270,420,1.8,130,160,290,1.2308,110,110,220,1.0,100,100,200,1.0,126,73
890,240,660,200,530,730,2.65,170,340,510,2.0,160,270,430,1.6875,140,160,300,1.1429,130,120,250,0.92308,110,90,200,0.81818,127,74
890,230,680,190,440,630,2.3158,170,310,480,1.8235,160,250,410,1.5625,140,160,300,1.1429,120,120,240,1.0,110,100,210,0.90909,127,74
900,210,620,230,420,650,1.8261,190,300,490,1.5789,170,260,430,1.5294,150,160,310,1.0667,120,120,240,1.0,120,110,230,0.91667,126,74
910,280,690,170,700,870,4.1176,150,440,590,2.9333,140,360,500,2.5714,130,200,330,1.5385,100,130,230,1.3,90,110,200,1.2222,126,73
890,220,610,180,460,640,2.5556,160,310,470,1.9375,150,250,400,1.6667,130,140,270,1.0769,120,100,220,0.8333299999999999,100,90,190,0.9,126,73
900,280,680,190,450,640,2.3684,160,330,490,2.0625,150,280,430,1.8667,130,170,300,1.3077,110,120,230,1.0909,100,100,200,1.0,126,73
890,220,660,180,510,690,2.8333,150,320,470,2.1333,150,260,410,1.7333,130,160,290,1.2308,110,120,230,1.0909,100,100,200,1.0,126,73
910,230,690,190,480,670,2.5263,170,350,520,2.0588,160,290,450,1.8125,130,170,300,1.3077,120,120,240,1.0,100,100,200,1.0,127,74
900,220,680,240,490,730,2.0417,180,370,550,2.0556,160,310,470,1.9375,150,190,340,1.2667,120,130,250,1.0833,110,110,220,1.0,127,74
890,220,670,210,410,620,1.9524,170,290,460,1.7059,160,230,390,1.4375,140,150,290,1.0714,120,110,230,0.91667,110,90,200,0.81818,127,74
900,220,670,190,680,870,3.5789,170,400,570,2.3529,150,320,470,2.1333,140,180,320,1.2857,110,120,230,1.0909,100,100,200,1.0,126,74
900,230,680,180,460,640,2.5556,160,310,470,1.9375,150,250,400,1.6667,130,150,280,1.1538,120,110,230,0.91667,100,100,200,1.0,126,73
910,220,680,190,440,630,2.3158,160,330,490,2.0625,150,280,430,1.8667,140,180,320,1.2857,110,130,240,1.1818,100,120,220,1.2,126,73
880,230,660,190,670,860,3.5263,170,360,530,2.1176,160,290,450,1.8125,140,170,310,1.2143,130,110,240,0.84615,110,90,200,0.81818,127,74
890,220,560,180,430,610,2.3889,160,290,450,1.8125,150,240,390,1.6,130,150,280,1.1538,110,110,220,1.0,90,90,180,1.0,127,74
900,330,610,190,620,810,3.2632,160,380,540,2.375,150,310,460,2.0667,130,180,310,1.3846,110,120,230,1.0909,100,100,200,1.0,126,73
910,290,680,170,460,630,2.7059,150,320,470,2.1333,140,260,400,1.8571,130,160,290,1.2308,110,120,230,1.0909,90,100,190,1.1111,125,73
900,230,670,190,470,660,2.4737,160,310,470,1.9375,150,250,400,1.6667,120,150,270,1.25,110,110,220,1.0,90,90,180,1.0,125,73
890,230,670,190,660,850,3.4737,170,360,530,2.1176,160,290,450,1.8125,140,170,310,1.2143,120,120,240,1.0,100,90,190,0.9,126,73
900,220,690,220,430,650,1.9545,170,280,450,1.6471,160,220,380,1.375,140,170,310,1.2143,120,130,250,1.0833,100,110,210,1.1,126,73
900,210,700,230,420,650,1.8261,180,300,480,1.6667,160,260,420,1.625,140,170,310,1.2143,120,130,250,1.0833,110,100,210,0.90909,125,73
900,200,410,170,420,590,2.4706,140,320,460,2.2857,140,260,400,1.8571,120,160,280,1.3333,100,120,220,1.2,90,100,190,1.1111,125,73
890,300,670,180,450,630,2.5,160,320,480,2.0,150,250,400,1.6667,140,160,300,1.1429,110,120,230,1.0909,100,90,190,0.9,125,73
900,220,650,180,500,680,2.7778,160,320,480,2.0,150,260,410,1.7333,130,160,290,1.2308,110,120,230,1.0909,100,100,200,1.0,125,73
900,250,690,180,530,710,2.9444,160,350,510,2.1875,150,300,450,2.0,130,170,300,1.3077,110,130,240,1.1818,90,110,200,1.2222,126,73
920,210,710,230,490,720,2.1304,180,350,530,1.9444,160,280,440,1.75,140,160,300,1.1429,110,120,230,1.0909,100,90,190,0.9,126,73
900,210,630,230,420,650,1.8261,180,290,470,1.6111,160,230,390,1.4375,140,150,290,1.0714,120,110,230,0.91667,100,90,190,0.9,125,73
900,270,650,190,660,850,3.4737,160,410,570,2.5625,160,330,490,2.0625,130,150,280,1.1538,110,110,220,1.0,100,90,190,0.9,125,73
910,250,660,180,460,640,2.5556,160,310,470,1.9375,140,250,390,1.7857,130,150,280,1.1538,100,120,220,1.2,100,100,200,1.0,124,73
900,250,640,190,480,670,2.5263,170,330,500,1.9412,160,270,430,1.6875,140,160,300,1.1429,120,120,240,1.0,100,90,190,0.9,125,73
900,260,670,190,680,870,3.5789,150,360,510,2.4,150,290,440,1.9333,130,170,300,1.3077,120,120,240,1.0,100,100,200,1.0,125,73
890,230,650,190,450,640,2.3684,170,320,490,1.8824,160,260,420,1.625,140,160,300,1.1429,120,120,240,1.0,100,100,200,1.0,125,73
900,240,650,260,450,710,1.7308,220,330,550,1.5,190,280,470,1.4737,140,180,320,1.2857,120,130,250,1.0833,110,110,220,1.0,126,73
900,250,650,180,420,600,2.3333,160,290,450,1.8125,150,230,380,1.5333,120,140,260,1.1667,110,110,220,1.0,100,100,200,1.0,125,73
900,250,640,180,650,830,3.6111,160,400,560,2.5,150,320,470,2.1333,130,200,330,1.5385,110,120,230,1.0909,100,100,200,1.0,124,72
900,260,650,190,460,650,2.4211,170,320,490,1.8824,160,250,410,1.5625,130,150,280,1.1538,120,110,230,0.91667,100,100,200,1.0,124,72
900,250,640,190,430,620,2.2632,170,320,490,1.8824,160,270,430,1.6875,140,160,300,1.1429,120,120,240,1.0,110,100,210,0.90909,125,72
900,260,680,190,690,880,3.6316,160,370,530,2.3125,160,290,450,1.8125,140,170,310,1.2143,120,120,240,1.0,110,100,210,0.90909,125,73
900,220,680,200,510,710,2.55,180,330,510,1.8333,160,270,430,1.6875,140,170,310,1.2143,120,120,240,1.0,110,100,210,0.90909,125,73
910,220,650,240,440,680,1.8333,200,320,520,1.6,180,260,440,1.4444,150,180,330,1.2,130,130,260,1.0,120,110,230,0.91667,125,73
900,260,630,180,480,660,2.6667,150,320,470,2.1333,150,260,410,1.7333,130,150,280,1.1538,110,110,220,1.0,100,90,190,0.9,124,73
900,270,590,180,600,780,3.3333,160,410,570,2.5625,140,340,480,2.4286,130,190,320,1.4615,100,120,220,1.2,100,100,200,1.0,124,73
910,310,690,190,470,660,2.4737,160,320,480,2.0,150,260,410,1.7333,130,160,290,1.2308,120,110,230,0.91667,100,100,200,1.0,125,73
900,220,620,190,420,610,2.2105,170,280,450,1.6471,160,230,390,1.4375,140,160,300,1.1429,120,110,230,0.91667,110,90,200,0.81818,125,73
900,280,660,200,590,790,2.95,170,350,520,2.0588,160,290,450,1.8125,140,180,320,1.2857,120,120,240,1.0,110,100,210,0.90909,126,73
900,240,690,260,470,730,1.8077,210,410,620,1.9524,180,360,540,2.0,150,210,360,1.4,140,130,270,0.92857,120,110,230,0.91667,126,73
900,210,600,230,400,630,1.7391,170,280,450,1.6471,170,220,390,1.2941,140,140,280,1.0,120,110,230,0.91667,110,100,210,0.90909,125,73
900,300,650,190,490,680,2.5789,160,340,500,2.125,140,280,420,2.0,130,160,290,1.2308,110,110,220,1.0,100,90,190,0.9,125,73
890,220,680,180,450,630,2.5,160,320,480,2.0,150,260,410,1.7333,130,160,290,1.2308,110,120,230,1.0909,100,100,200,1.0,127,74
910,210,690,170,510,680,3.0,150,340,490,2.2667,140,260,400,1.8571,130,160,290,1.2308,100,120,220,1.2,80,100,180,1.25,127,74
900,220,680,190,490,680,2.5789,160,340,500,2.125,150,270,420,1.8,130,170,300,1.3077,120,130,250,1.0833,100,100,200,1.0,127,74
910,220,680,240,450,690,1.875,240,320,560,1.3333,190,270,460,1.4211,150,220,370,1.4667,130,150,280,1.1538,110,130,240,1.1818,127,74
900,230,680,190,480,670,2.5263,160,340,500,2.125,150,280,430,1.8667,130,160,290,1.2308,110,120,230,1.0909,100,100,200,1.0,127,74
910,220,470,180,480,660,2.6667,150,370,520,2.4667,150,310,460,2.0667,130,170,300,1.3077,100,120,220,1.2,90,100,190,1.1111,126,74
590,240,560,180,470,650,2.6111,160,330,490,2.0625,150,270,420,1.8,130,160,290,1.2308,110,120,230,1.0909,100,100,200,1.0,126,73
890,230,690,200,450,650,2.25,170,320,490,1.8824,160,270,430,1.6875,140,170,310,1.2143,120,120,240,1.0,110,100,210,0.90909,127,73
910,200,650,220,430,650,1.9545,220,290,510,1.3182,200,220,420,1.1,150,150,300,1.0,130,100,230,0.76923,110,80,190,0.72727,127,74
890,260,620,180,510,690,2.8333,160,340,500,2.125,150,270,420,1.8,130,160,290,1.2308,110,110,220,1.0,100,90,190,0.9,126,73
900,220,630,190,560,750,2.9474,160,360,520,2.25,150,280,430,1.8667,130,160,290,1.2308,110,120,230,1.0909,110,100,210,0.90909,126,73
900,270,680,190,510,700,2.6842,160,330,490,2.0625,160,270,430,1.6875,140,170,310,1.2143,120,120,240,1.0,100,100,200,1.0,127,74
890,220,680,240,500,740,2.0833,180,370,550,2.0556,180,320,500,1.7778,150,200,350,1.3333,130,120,250,0.92308,110,110,220,1.0,127,74
900,210,610,230,430,660,1.8696,170,290,460,1.7059,150,230,380,1.5333,140,150,290,1.0714,120,110,230,0.91667,110,100,210,0.90909,127,74
900,290,640,180,510,690,2.8333,160,350,510,2.1875,140,280,420,2.0,130,160,290,1.2308,110,120,230,1.0909,90,90,180,1.0,126,73
900,260,640,180,650,830,3.6111,150,440,590,2.9333,150,380,530,2.5333,120,240,360,2.0,110,110,220,1.0,100,100,200,1.0,126,73
910,260,670,180,440,620,2.4444,160,320,480,2.0,150,250,400,1.6667,130,160,290,1.2308,110,120,230,1.0909,100,90,190,0.9,126,73
900,240,670,200,430,630,2.15,170,370,540,2.1765,160,300,460,1.875,140,170,310,1.2143,120,110,230,0.91667,110,100,210,0.90909,127,74
890,230,660,190,460,650,2.4211,170,320,490,1.8824,160,260,420,1.625,140,160,300,1.1429,120,110,230,0.91667,100,100,200,1.0,127,74
900,230,640,250,460,710,1.84,200,340,540,1.7,180,290,470,1.6111,150,190,340,1.2667,130,140,270,1.0769,120,110,230,0.91667,127,74
900,260,630,220,640,860,2.9091,170,360,530,2.1176,150,280,430,1.8667,130,160,290,1.2308,110,110,220,1.0,100,100,200,1.0,126,74
930,270,630,180,470,650,2.6111,160,330,490,2.0625,150,270,420,1.8,130,160,290,1.2308,110,110,220,1.0,100,100,200,1.0,126,73
900,230,620,190,440,630,2.3158,160,300,460,1.875,160,260,420,1.625,130,150,280,1.1538,120,110,230,0.91667,110,100,210,0.90909,126,73
990,210,570,230,440,670,1.913,170,320,490,1.8824,150,270,420,1.8,140,190,330,1.3571,110,140,250,1.2727,100,120,220,1.2,127,74
930,340,650,190,490,680,2.5789,160,350,510,2.1875,160,270,430,1.6875,130,160,290,1.2308,110,120,230,1.0909,100,100,200,1.0,126,73
920,280,630,200,580,780,2.9,160,360,520,2.25,160,290,450,1.8125,130,170,300,1.3077,120,120,240,1.0,100,100,200,1.0,126,73
890,290,680,190,690,880,3.6316,170,380,550,2.2353,160,310,470,1.9375,130,200,330,1.5385,120,130,250,1.0833,100,100,200,1.0,124,75
910,210,720,230,490,720,2.1304,170,340,510,2.0,150,270,420,1.8,130,160,290,1.2308,110,130,240,1.1818,90,80,170,0.88889,125,74
910,190,600,210,450,660,2.1429,160,330,490,2.0625,150,260,410,1.7333,130,180,310,1.3846,110,140,250,1.2727,90,110,200,1.2222,125,73
910,310,660,180,670,850,3.7222,160,390,550,2.4375,140,310,450,2.2143,120,160,280,1.3333,100,120,220,1.2,90,100,190,1.1111,124,73
900,250,660,180,460,640,2.5556,160,320,480,2.0,150,270,420,1.8,130,160,290,1.2308,100,120,220,1.2,100,100,200,1.0,124,73
910,240,680,180,460,640,2.5556,160,330,490,2.0625,150,270,420,1.8,120,170,290,1.4167,110,120,230,1.0909,90,100,190,1.1111,124,73
910,230,670,190,680,870,3.5789,160,390,550,2.4375,150,310,460,2.0667,130,180,310,1.3846,120,130,250,1.0833,100,110,210,1.1,125,73
900,240,710,230,520,750,2.2609,180,360,540,2.0,180,300,480,1.6667,150,180,330,1.2,130,120,250,0.92308,110,100,210,0.90909,125,73
890,190,650,210,420,630,2.0,190,300,490,1.5789,170,240,410,1.4118,150,150,300,1.0,120,110,230,0.91667,110,100,210,0.90909,125,73
970,240,660,170,500,670,2.9412,150,340,490,2.2667,130,280,410,2.1538,120,160,280,1.3333,100,120,220,1.2,100,100,200,1.0,124,73
910,270,610,190,550,740,2.8947,150,370,520,2.4667,140,300,440,2.1429,130,170,300,1.3077,100,120,220,1.2,100,110,210,1.1,124,73
900,290,610,180,490,670,2.7222,150,340,490,2.2667,150,280,430,1.8667,130,160,290,1.2308,120,120,240,1.0,100,90,190,0.9,125,73
910,290,360,190,370,560,1.9474,160,360,520,2.25,150,310,460,2.0667,130,180,310,1.3846,120,120,240,1.0,100,100,200,1.0,126,73
900,210,600,230,420,650,1.8261,200,300,500,1.5,180,250,430,1.3889,150,160,310,1.0667,130,120,250,0.92308,110,100,210,0.90909,126,73
890,290,660,180,470,650,2.6111,150,330,480,2.2,150,270,420,1.8,130,160,290,1.2308,110,110,220,1.0,100,90,190,0.9,126,74
910,230,670,180,490,670,2.7222,160,340,500,2.125,150,270,420,1.8,130,170,300,1.3077,110,120,230,1.0909,90,100,190,1.1111,126,73
900,240,680,190,690,880,3.6316,160,370,530,2.3125,150,300,450,2.0,140,180,320,1.2857,110,120,230,1.0909,100,100,200,1.0,126,74
840,220,690,180,470,650,2.6111,160,330,490,2.0625,150,270,420,1.8,130,170,300,1.3077,110,130,240,1.1818,90,110,200,1.2222,127,74
910,250,670,180,480,660,2.6667,160,320,480,2.0,150,270,420,1.8,130,150,280,1.1538,100,120,220,1.2,100,100,200,1.0,127,74
910,290,580,180,460,640,2.5556,170,330,500,1.9412,160,260,420,1.625,130,150,280,1.1538,120,110,230,0.91667,100,90,190,0.9,127,74
910,330,630,190,440,630,2.3158,170,360,530,2.1176,150,300,450,2.0,140,180,320,1.2857,110,120,230,1.0909,110,100,210,0.90909,127,74
900,280,690,200,440,640,2.2,170,310,480,1.8235,160,250,410,1.5625,150,160,310,1.0667,120,120,240,1.0,110,90,200,0.81818,128,74
900,210,620,230,420,650,1.8261,200,300,500,1.5,170,260,430,1.5294,150,170,320,1.1333,120,130,250,1.0833,120,100,220,0.8333299999999999,128,75
920,210,690,170,490,660,2.8824,160,330,490,2.0625,140,260,400,1.8571,130,160,290,1.2308,110,110,220,1.0,100,90,190,0.9,127,74
900,230,680,190,480,670,2.5263,170,330,500,1.9412,150,270,420,1.8,120,160,280,1.3333,100,110,210,1.1,70,90,160,1.2857,127,74
910,220,590,180,600,780,3.3333,150,370,520,2.4667,150,300,450,2.0,130,170,300,1.3077,110,120,230,1.0909,100,100,200,1.0,128,74
900,210,670,230,440,670,1.913,190,310,500,1.6316,170,250,420,1.4706,150,160,310,1.0667,130,120,250,0.92308,110,100,210,0.90909,128,74
900,230,440,180,450,630,2.5,150,310,460,2.0667,150,250,400,1.6667,120,150,270,1.25,110,110,220,1.0,100,100,200,1.0,127,74
910,250,700,190,460,650,2.4211,160,310,470,1.9375,160,250,410,1.5625,130,150,280,1.1538,120,110,230,0.91667,100,100,200,1.0,127,74
900,210,640,190,650,840,3.4211,170,350,520,2.0588,160,290,450,1.8125,140,170,310,1.2143,110,110,220,1.0,110,100,210,0.90909,127,74
890,260,690,190,450,640,2.3684,170,310,480,1.8235,160,260,420,1.625,130,170,300,1.3077,120,130,250,1.0833,100,100,200,1.0,127,74
910,200,710,220,440,660,2.0,200,310,510,1.55,170,270,440,1.5882,140,150,290,1.0714,120,110,230,0.91667,100,80,180,0.8,128,74
900,200,640,180,430,610,2.3889,160,290,450,1.8125,140,230,370,1.6429,130,140,270,1.0769,110,110,220,1.0,90,90,180,1.0,127,74
910,260,630,180,640,820,3.5556,150,430,580,2.8667,150,360,510,2.4,120,160,280,1.3333,110,110,220,1.0,100,100,200,1.0,127,74
920,280,690,180,480,660,2.6667,160,320,480,2.0,140,270,410,1.9286,130,160,290,1.2308,110,120,230,1.0909,100,100,200,1.0,127,74
900,230,670,190,500,690,2.6316,170,350,520,2.0588,160,290,450,1.8125,140,160,300,1.1429,120,120,240,1.0,100,90,190,0.9,127,74
900,230,700,190,450,640,2.3684,170,310,480,1.8235,160,260,420,1.625,130,160,290,1.2308,120,120,240,1.0,100,100,200,1.0,128,74
920,200,680,220,440,660,2.0,180,320,500,1.7778,170,260,430,1.5294,140,170,310,1.2143,120,130,250,1.0833,100,110,210,1.1,128,74
890,240,640,190,650,840,3.4211,170,390,560,2.2941,160,310,470,1.9375,140,170,310,1.2143,120,120,240,1.0,100,100,200,1.0,127,74
900,250,640,170,500,670,2.9412,150,320,470,2.1333,150,260,410,1.7333,120,150,270,1.25,110,110,220,1.0,90,90,180,1.0,127,74
910,260,640,190,460,650,2.4211,160,330,490,2.0625,150,290,440,1.9333,130,190,320,1.4615,110,140,250,1.2727,90,120,210,1.3333,127,74
920,270,650,190,630,820,3.3158,160,340,500,2.125,150,270,420,1.8,130,180,310,1.3846,110,120,230,1.0909,100,100,200,1.0,127,74
890,270,680,210,430,640,2.0476,180,300,480,1.6667,170,270,440,1.5882,150,180,330,1.2,120,120,240,1.0,110,100,210,0.90909,128,74
890,210,640,230,430,660,1.8696,180,310,490,1.7222,180,250,430,1.3889,140,170,310,1.2143,120,130,250,1.0833,110,110,220,1.0,127,74
900,250,540,170,490,660,2.8824,150,320,470,2.1333,140,260,400,1.8571,120,150,270,1.25,110,120,230,1.0909,90,100,190,1.1111,127,74
900,360,680,240,690,930,2.875,170,390,560,2.2941,160,320,480,2.0,140,200,340,1.4286,120,120,240,1.0,100,100,200,1.0,126,74
910,220,590,180,410,590,2.2778,160,300,460,1.875,140,240,380,1.7143,130,160,290,1.2308,110,120,230,1.0909,100,100,200,1.0,126,73
900,320,680,190,530,720,2.7895,160,360,520,2.25,150,290,440,1.9333,140,160,300,1.1429,110,120,230,1.0909,100,90,190,0.9,127,74
890,220,670,200,460,660,2.3,170,320,490,1.8824,150,260,410,1.7333,140,160,300,1.1429,120,110,230,0.91667,110,100,210,0.90909,127,74
910,220,680,240,420,660,1.75,240,290,530,1.2083,200,230,430,1.15,160,160,320,1.0,130,130,260,1.0,120,120,240,1.0,127,74
900,230,360,190,370,560,1.9474,170,330,500,1.9412,160,270,430,1.6875,130,150,280,1.1538,120,100,220,0.8333299999999999,100,90,190,0.9,126,74
900,220,670,190,630,820,3.3158,170,380,550,2.2353,160,310,470,1.9375,130,170,300,1.3077,120,120,240,1.0,100,90,190,0.9,126,73
890,230,670,190,440,630,2.3158,170,310,480,1.8235,160,250,410,1.5625,140,160,300,1.1429,120,110,230,0.91667,110,100,210,0.90909,126,74
870,220,670,240,430,670,1.7917,190,330,520,1.7368,170,270,440,1.5882,150,180,330,1.2,130,140,270,1.0769,110,110,220,1.0,127,74
930,200,630,150,490,640,3.2667,130,340,470,2.6154,120,280,400,2.3333,100,180,280,1.8,80,130,210,1.625,70,110,180,1.5714,127,74
890,300,670,190,480,670,2.5263,170,330,500,1.9412,150,270,420,1.8,130,170,300,1.3077,120,110,230,0.91667,100,90,190,0.9,127,74
910,220,690,180,530,710,2.9444,160,370,530,2.3125,150,300,450,2.0,130,160,290,1.2308,110,110,220,1.0,100,90,190,0.9,127,74
900,220,670,190,660,850,3.4737,170,340,510,2.0,160,270,430,1.6875,140,170,310,1.2143,120,110,230,0.91667,110,100,210,0.90909,127,74
900,230,600,200,470,670,2.35,170,330,500,1.9412,160,270,430,1.6875,150,160,310,1.0667,120,120,240,1.0,100,100,200,1.0,127,74
890,220,670,180,440,620,2.4444,150,290,440,1.9333,150,230,380,1.5333,130,150,280,1.1538,110,110,220,1.0,100,100,200,1.0,128,75
920,220,690,180,700,880,3.8889,160,390,550,2.4375,150,330,480,2.2,120,180,300,1.5,110,130,240,1.1818,90,100,190,1.1111,128,74
900,230,660,190,460,650,2.4211,160,320,480,2.0,160,260,420,1.625,140,150,290,1.0714,120,110,230,0.91667,100,100,200,1.0,127,74
900,240,670,180,470,650,2.6111,160,320,480,2.0,150,270,420,1.8,140,170,310,1.2143,110,130,240,1.1818,100,120,220,1.2,128,74
900,230,680,190,500,690,2.6316,160,340,500,2.125,160,280,440,1.75,130,180,310,1.3846,120,130,250,1.0833,100,100,200,1.0,128,75
910,220,670,240,440,680,1.8333,240,320,560,1.3333,190,310,500,1.6316,150,210,360,1.4,130,140,270,1.0769,110,110,220,1.0,128,75
890,240,560,190,410,600,2.1579,170,290,460,1.7059,160,250,410,1.5625,140,140,280,1.0,120,110,230,0.91667,100,90,190,0.9,128,74
900,330,540,190,460,650,2.4211,160,320,480,2.0,150,260,410,1.7333,130,160,290,1.2308,100,120,220,1.2,100,100,200,1.0,128,74
910,250,620,180,630,810,3.5,160,360,520,2.25,150,300,450,2.0,130,170,300,1.3077,110,120,230,1.0909,100,100,200,1.0,127,74
900,290,660,200,430,630,2.15,180,300,480,1.6667,170,250,420,1.4706,140,160,300,1.1429,120,120,240,1.0,100,100,200,1.0,127,74
900,240,670,260,470,730,1.8077,190,350,540,1.8421,180,300,480,1.6667,150,190,340,1.2667,130,130,260,1.0,110,110,220,1.0,128,74
890,230,610,190,380,570,2.0,170,240,410,1.4118,160,190,350,1.1875,140,130,270,0.92857,120,100,220,0.8333299999999999,110,80,190,0.72727,127,74
900,280,650,180,500,680,2.7778,160,340,500,2.125,150,280,430,1.8667,130,160,290,1.2308,110,110,220,1.0,100,90,190,0.9,127,74
910,250,660,180,500,680,2.7778,160,310,470,1.9375,150,260,410,1.7333,120,160,280,1.3333,110,120,230,1.0909,90,100,190,1.1111,127,74
900,250,640,200,540,740,2.7,170,330,500,1.9412,160,270,430,1.6875,140,160,300,1.1429,120,110,230,0.91667,110,100,210,0.90909,127,74
910,260,680,190,500,690,2.6316,170,340,510,2.0,160,280,440,1.75,140,160,300,1.1429,120,120,240,1.0,100,100,200,1.0,128,74
890,230,680,250,470,720,1.88,210,350,560,1.6667,190,300,490,1.5789,160,180,340,1.125,140,130,270,0.92857,120,100,220,0.8333299999999999,128,74
900,210,690,190,410,600,2.1579,160,280,440,1.75,150,220,370,1.4667,130,150,280,1.1538,110,110,220,1.0,100,90,190,0.9,128,74
910,210,640,180,650,830,3.6111,150,410,560,2.7333,150,330,480,2.2,130,190,320,1.4615,110,120,230,1.0909,100,100,200,1.0,127,74
910,270,680,180,480,660,2.6667,150,330,480,2.2,140,280,420,2.0,130,160,290,1.2308,100,120,220,1.2,100,100,200,1.0,127,74
910,230,620,180,490,670,2.7222,160,360,520,2.25,150,300,450,2.0,130,160,290,1.2308,110,120,230,1.0909,100,90,190,0.9,127,74
900,290,670,200,660,860,3.3,170,360,530,2.1176,160,290,450,1.8125,140,180,320,1.2857,120,120,240,1.0,110,90,200,0.81818,128,74
900,230,680,250,470,720,1.88,220,420,640,1.9091,180,350,530,1.9444,160,230,390,1.4375,140,140,280,1.0,120,110,230,0.91667,128,74
900,220,600,200,420,620,2.1,170,300,470,1.7647,160,250,410,1.5625,140,150,290,1.0714,120,110,230,0.91667,110,90,200,0.81818,128,74
900,300,680,190,500,690,2.6316,160,350,510,2.1875,140,280,420,2.0,130,160,290,1.2308,110,120,230,1.0909,100,100,200,1.0,127,74
900,220,690,200,700,900,3.5,170,450,620,2.6471,160,360,520,2.25,130,220,350,1.6923,110,140,250,1.2727,90,110,200,1.2222,128,74
920,210,690,180,490,670,2.7222,150,340,490,2.2667,140,280,420,2.0,120,160,280,1.3333,100,120,220,1.2,90,110,200,1.2222,128,74
900,210,690,230,500,730,2.1739,170,390,560,2.2941,160,330,490,2.0625,140,210,350,1.5,110,150,260,1.3636,100,120,220,1.2,129,74
900,210,630,210,420,630,2.0,160,300,460,1.875,150,250,400,1.6667,130,160,290,1.2308,110,130,240,1.1818,90,100,190,1.1111,128,74
910,270,670,180,490,670,2.7222,150,350,500,2.3333,140,270,410,1.9286,120,160,280,1.3333,100,120,220,1.2,90,100,190,1.1111,128,74
890,240,520,190,450,640,2.3684,170,320,490,1.8824,160,250,410,1.5625,130,160,290,1.2308,120,110,230,0.91667,100,90,190,0.9,127,74
910,240,670,190,570,760,3.0,170,350,520,2.0588,160,290,450,1.8125,140,170,310,1.2143,120,120,240,1.0,100,100,200,1.0,127,74
890,240,670,260,490,750,1.8846,200,350,550,1.75,190,300,490,1.5789,170,180,350,1.0588,150,120,270,0.8,120,100,220,0.8333299999999999,128,74
890,220,670,240,410,650,1.7083,180,290,470,1.6111,170,240,410,1.4118,140,150,290,1.0714,120,110,230,0.91667,110,90,200,0.81818,127,74
900,220,660,180,670,850,3.7222,150,410,560,2.7333,140,320,460,2.2857,120,180,300,1.5,100,110,210,1.1,90,100,190,1.1111,127,74
910,240,670,180,510,690,2.8333,160,330,490,2.0625,150,260,410,1.7333,130,160,290,1.2308,110,120,230,1.0909,90,100,190,1.1111,127,74
900,240,640,190,430,620,2.2632,160,310,470,1.9375,150,260,410,1.7333,140,150,290,1.0714,120,110,230,0.91667,100,90,190,0.9,126,73
880,260,660,190,530,720,2.7895,170,340,510,2.0,160,280,440,1.75,140,170,310,1.2143,120,120,240,1.0,110,90,200,0.81818,126,73
890,220,690,240,650,890,2.7083,170,410,580,2.4118,170,350,520,2.0588,140,210,350,1.5,120,140,260,1.1667,100,130,230,1.3,127,73
890,200,660,220,430,650,1.9545,170,310,480,1.8235,150,250,400,1.6667,140,160,300,1.1429,110,120,230,1.0909,100,110,210,1.1,127,73
940,230,670,170,520,690,3.0588,150,350,500,2.3333,130,280,410,2.1538,120,160,280,1.3333,100,120,220,1.2,80,100,180,1.25,126,73
850,270,630,210,640,850,3.0476,190,400,590,2.1053,180,320,500,1.7778,160,180,340,1.125,130,100,230,0.76923,120,80,200,0.66667,126,73
910,220,670,180,450,630,2.5,150,320,470,2.1333,140,260,400,1.8571,130,160,290,1.2308,100,120,220,1.2,90,100,190,1.1111,126,73
890,240,680,170,410,580,2.4118,170,290,460,1.7059,150,270,420,1.8,130,180,310,1.3846,110,130,240,1.1818,90,100,190,1.1111,127,73
900,210,690,190,480,670,2.5263,160,350,510,2.1875,150,290,440,1.9333,130,180,310,1.3846,110,140,250,1.2727,100,120,220,1.2,127,73
900,210,510,230,400,630,1.7391,170,290,460,1.7059,160,230,390,1.4375,140,160,300,1.1429,120,120,240,1.0,100,100,200,1.0,127,73
900,390,590,200,600,800,3.0,170,380,550,2.2353,150,300,450,2.0,140,170,310,1.2143,110,110,220,1.0,100,100,200,1.0,127,73
900,310,680,180,490,670,2.7222,160,330,490,2.0625,150,270,420,1.8,130,160,290,1.2308,110,120,230,1.0909,90,100,190,1.1111,126,73
900,220,630,180,540,720,3.0,150,360,510,2.4,140,280,420,2.0,140,170,310,1.2143,110,120,230,1.0909,100,100,200,1.0,126,73
940,250,670,190,600,790,3.1579,160,330,490,2.0625,150,260,410,1.7333,130,160,290,1.2308,110,110,220,1.0,100,100,200,1.0,127,74
930,270,700,190,490,680,2.5789,160,330,490,2.0625,150,280,430,1.8667,140,170,310,1.2143,120,120,240,1.0,100,90,190,0.9,127,74
910,230,680,180,500,680,2.7778,160,350,510,2.1875,140,280,420,2.0,140,170,310,1.2143,110,120,230,1.0909,100,100,200,1.0,127,74
930,230,690,180,700,880,3.8889,160,380,540,2.375,150,320,470,2.1333,130,190,320,1.4615,110,130,240,1.1818,90,110,200,1.2222,127,74
900,240,690,200,480,680,2.4,180,330,510,1.8333,170,280,450,1.6471,140,170,310,1.2143,120,120,240,1.0,110,100,210,0.90909,125,75
900,210,650,230,430,660,1.8696,230,310,540,1.3478,200,250,450,1.25,160,160,320,1.0,120,120,240,1.0,110,100,210,0.90909,126,74
910,220,670,190,480,670,2.5263,170,340,510,2.0,160,310,470,1.9375,140,180,320,1.2857,120,120,240,1.0,110,100,210,0.90909,126,73
890,240,680,200,480,680,2.4,170,320,490,1.8824,170,260,430,1.5294,150,160,310,1.0667,130,120,250,0.92308,110,90,200,0.81818,127,73
900,210,560,230,430,660,1.8696,190,310,500,1.6316,170,260,430,1.5294,140,170,310,1.2143,120,120,240,1.0,110,110,220,1.0,126,73
910,340,690,200,700,900,3.5,170,410,580,2.4118,150,330,480,2.2,130,180,310,1.3846,120,120,240,1.0,100,100,200,1.0,126,73
910,220,670,180,520,700,2.8889,160,360,520,2.25,150,300,450,2.0,130,170,300,1.3077,110,110,220,1.0,100,100,200,1.0,126,73
900,240,670,190,560,750,2.9474,150,370,520,2.4667,140,300,440,2.1429,120,170,290,1.4167,110,120,230,1.0909,100,100,200,1.0,126,73
920,230,690,180,700,880,3.8889,170,420,590,2.4706,150,340,490,2.2667,130,210,340,1.6154,120,130,250,1.0833,100,110,210,1.1,127,73
890,230,680,250,430,680,1.72,190,270,460,1.4211,170,200,370,1.1765,160,140,300,0.875,130,130,260,1.0,120,110,230,0.91667,128,74
910,210,680,230,450,680,1.9565,190,330,520,1.7368,170,270,440,1.5882,140,170,310,1.2143,120,130,250,1.0833,100,110,210,1.1,128,74
900,230,660,180,670,850,3.7222,160,420,580,2.625,150,270,420,1.8,120,160,280,1.3333,110,110,220,1.0,90,100,190,1.1111,127,74
920,240,670,180,490,670,2.7222,160,350,510,2.1875,140,280,420,2.0,130,170,300,1.3077,100,120,220,1.2,100,100,200,1.0,127,74
910,250,650,180,480,660,2.6667,170,320,490,1.8824,150,260,410,1.7333,140,160,300,1.1429,110,120,230,1.0909,100,90,190,0.9,127,74
910,260,670,190,680,870,3.5789,180,400,580,2.2222,160,320,480,2.0,140,180,320,1.2857,120,120,240,1.0,110,90,200,0.81818,128,74
900,220,630,180,490,670,2.7222,160,330,490,2.0625,150,270,420,1.8,130,150,280,1.1538,120,110,230,0.91667,100,90,190,0.9,128,74
910,230,610,180,490,670,2.7222,160,340,500,2.125,150,280,430,1.8667,130,160,290,1.2308,120,110,230,0.91667,100,90,190,0.9,127,74
900,300,670,190,440,630,2.3158,160,360,520,2.25,160,290,450,1.8125,140,170,310,1.2143,120,120,240,1.0,110,90,200,0.81818,127,74
900,230,680,190,470,660,2.4737,170,330,500,1.9412,160,270,430,1.6875,140,160,300,1.1429,120,120,240,1.0,100,100,200,1.0,128,74
900,220,650,240,440,680,1.8333,200,310,510,1.55,180,260,440,1.4444,150,170,320,1.1333,130,130,260,1.0,120,100,220,0.8333299999999999,128,74
900,250,690,210,700,910,3.3333,160,440,600,2.75,150,350,500,2.3333,130,200,330,1.5385,110,130,240,1.1818,100,110,210,1.1,128,74
930,210,680,170,470,640,2.7647,150,330,480,2.2,140,260,400,1.8571,130,160,290,1.2308,100,120,220,1.2,90,100,190,1.1111,127,73
900,250,650,200,490,690,2.45,170,330,500,1.9412,160,270,430,1.6875,130,150,280,1.1538,110,100,210,0.90909,100,90,190,0.9,127,73
900,250,660,200,670,870,3.35,170,360,530,2.1176,160,300,460,1.875,140,180,320,1.2857,120,120,240,1.0,110,100,210,0.90909,127,74
890,240,680,260,410,670,1.5769,180,280,460,1.5556,170,250,420,1.4706,130,200,330,1.5385,120,130,250,1.0833,110,110,220,1.0,128,74
900,210,660,230,440,670,1.913,190,320,510,1.6842,170,260,430,1.5294,150,170,320,1.1333,120,130,250,1.0833,100,110,210,1.1,128,74
890,240,460,180,470,650,2.6111,160,330,490,2.0625,150,260,410,1.7333,130,150,280,1.1538,120,110,230,0.91667,100,90,190,0.9,127,74
910,260,650,180,480,660,2.6667,150,330,480,2.2,150,270,420,1.8,130,160,290,1.2308,110,120,230,1.0909,100,100,200,1.0,126,73
890,260,670,190,680,870,3.5789,160,350,510,2.1875,150,280,430,1.8667,140,160,300,1.1429,110,110,220,1.0,100,90,190,0.9,126,73
890,220,680,190,470,660,2.4737,160,320,480,2.0,150,270,420,1.8,140,160,300,1.1429,120,110,230,0.91667,110,100,210,0.90909,127,74
910,210,690,230,420,650,1.8261,230,290,520,1.2609,210,220,430,1.0476,160,140,300,0.875,130,100,230,0.76923,120,80,200,0.66667,127,74
900,220,630,180,490,670,2.7222,160,320,480,2.0,150,270,420,1.8,130,160,290,1.2308,120,110,230,0.91667,100,90,190,0.9,126,73
900,230,680,180,490,670,2.7222,160,330,490,2.0625,150,270,420,1.8,130,170,300,1.3077,120,110,230,0.91667,100,100,200,1.0,126,73
910,220,670,180,550,730,3.0556,160,390,550,2.4375,150,320,470,2.1333,130,190,320,1.4615,110,120,230,1.0909,100,110,210,1.1,126,73
890,240,680,190,490,680,2.5789,170,340,510,2.0,160,280,440,1.75,140,170,310,1.2143,120,120,240,1.0,110,100,210,0.90909,127,73
900,210,650,230,440,670,1.913,200,320,520,1.6,180,270,450,1.5,150,180,330,1.2,130,130,260,1.0,110,110,220,1.0,127,74
900,250,670,180,590,770,3.2778,160,370,530,2.3125,150,310,460,2.0667,130,180,310,1.3846,120,120,240,1.0,100,100,200,1.0,127,74
910,230,680,180,520,700,2.8889,150,360,510,2.4,140,280,420,2.0,130,160,290,1.2308,110,110,220,1.0,100,100,200,1.0,126,73
900,230,650,180,550,730,3.0556,170,400,570,2.3529,150,340,490,2.2667,130,220,350,1.6923,120,120,240,1.0,100,100,200,1.0,126,73
910,250,680,180,660,840,3.6667,160,370,530,2.3125,150,300,450,2.0,130,180,310,1.3846,110,130,240,1.1818,100,110,210,1.1,127,73
890,230,680,200,410,610,2.05,180,360,540,2.0,160,300,460,1.875,140,190,330,1.3571,120,130,250,1.0833,100,110,210,1.1,128,74
910,210,680,230,460,690,2.0,200,340,540,1.7,170,290,460,1.7059,150,190,340,1.2667,120,150,270,1.25,110,120,230,1.0909,127,74
900,230,580,180,460,640,2.5556,150,320,470,2.1333,150,260,410,1.7333,130,160,290,1.2308,100,110,210,1.1,100,100,200,1.0,127,74
910,320,680,280,690,970,2.4643,160,420,580,2.625,160,340,500,2.125,130,220,350,1.6923,110,140,250,1.2727,100,110,210,1.1,127,74
910,230,700,190,630,820,3.3158,160,350,510,2.1875,150,310,460,2.0667,130,180,310,1.3846,110,120,230,1.0909,100,100,200,1.0,127,74
910,210,670,180,470,650,2.6111,160,320,480,2.0,150,240,390,1.6,130,150,280,1.1538,100,110,210,1.1,90,90,180,1.0,127,74
890,240,670,200,480,680,2.4,170,330,500,1.9412,170,270,440,1.5882,140,160,300,1.1429,130,120,250,0.92308,80,90,170,1.125,128,74
910,220,690,240,440,680,1.8333,240,300,540,1.25,210,240,450,1.1429,160,200,360,1.25,130,150,280,1.1538,110,110,220,1.0,128,74
890,220,620,190,420,610,2.2105,170,290,460,1.7059,150,230,380,1.5333,140,140,280,1.0,120,100,220,0.8333299999999999,100,90,190,0.9,127,74
910,270,430,180,440,620,2.4444,150,340,490,2.2667,140,280,420,2.0,120,160,280,1.3333,100,110,210,1.1,100,100,200,1.0,127,73
890,290,690,210,670,880,3.1905,170,340,510,2.0,170,270,440,1.5882,150,160,310,1.0667,130,110,240,0.84615,110,80,190,0.72727,127,73
900,200,670,180,450,630,2.5,160,310,470,1.9375,150,260,410,1.7333,140,160,300,1.1429,110,120,230,1.0909,110,100,210,0.90909,126,74
890,230,680,250,450,700,1.8,200,330,530,1.65,180,280,460,1.5556,150,180,330,1.2,130,130,260,1.0,120,100,220,0.8333299999999999,126,74
890,210,600,170,480,650,2.8235,150,330,480,2.2,140,260,400,1.8571,130,150,280,1.1538,110,110,220,1.0,90,80,170,0.88889,126,73
600,290,580,170,520,690,3.0588,140,390,530,2.7857,140,300,440,2.1429,120,160,280,1.3333,100,120,220,1.2,90,100,190,1.1111,125,73
900,210,690,170,670,840,3.9412,140,390,530,2.7857,140,300,440,2.1429,120,160,280,1.3333,110,120,230,1.0909,90,100,190,1.1111,125,73
910,210,580,190,490,680,2.5789,160,340,500,2.125,150,270,420,1.8,130,160,290,1.2308,110,120,230,1.0909,100,100,200,1.0,126,73
870,220,610,190,490,680,2.5789,170,330,500,1.9412,160,250,410,1.5625,140,150,290,1.0714,120,110,230,0.91667,100,90,190,0.9,125,73
920,260,720,170,410,580,2.4118,140,290,430,2.0714,130,220,350,1.6923,120,150,270,1.25,100,120,220,1.2,90,100,190,1.1111,125,73
900,200,620,160,490,650,3.0625,150,340,490,2.2667,140,270,410,1.9286,130,160,290,1.2308,110,110,220,1.0,90,100,190,1.1111,125,73
910,280,620,180,600,780,3.3333,150,390,540,2.6,150,350,500,2.3333,130,230,360,1.7692,110,110,220,1.0,100,100,200,1.0,125,73
900,290,680,200,690,890,3.45,170,330,500,1.9412,160,280,440,1.75,140,190,330,1.3571,120,130,250,1.0833,110,110,220,1.0,125,73
880,220,680,240,460,700,1.9167,190,370,560,1.9474,180,280,460,1.5556,150,170,320,1.1333,130,120,250,0.92308,120,100,220,0.8333299999999999,126,73
900,200,630,220,460,680,2.0909,160,310,470,1.9375,150,270,420,1.8,130,160,290,1.2308,110,120,230,1.0909,100,100,200,1.0,126,73
900,270,630,170,480,650,2.8235,150,350,500,2.3333,140,280,420,2.0,130,160,290,1.2308,110,120,230,1.0909,100,90,190,0.9,126,74
910,270,630,240,640,880,2.6667,170,430,600,2.5294,150,350,500,2.3333,140,190,330,1.3571,120,120,240,1.0,100,110,210,1.1,125,73
870,280,520,180,530,710,2.9444,160,350,510,2.1875,150,280,430,1.8667,140,170,310,1.2143,120,120,240,1.0,100,100,200,1.0,125,73
930,350,700,160,490,650,3.0625,130,330,460,2.5385,130,260,390,2.0,110,170,280,1.5455,90,130,220,1.4444,80,110,190,1.375,126,74
890,230,680,250,490,740,1.96,190,360,550,1.8947,180,310,490,1.7222,140,200,340,1.4286,130,130,260,1.0,110,110,220,1.0,126,74
900,210,620,210,410,620,1.9524,170,280,450,1.6471,160,240,400,1.5,140,160,300,1.1429,110,110,220,1.0,110,100,210,0.90909,126,74
890,280,670,180,490,670,2.7222,160,340,500,2.125,150,270,420,1.8,140,160,300,1.1429,120,110,230,0.91667,100,90,190,0.9,126,74
900,220,490,180,490,670,2.7222,150,350,500,2.3333,140,280,420,2.0,130,160,290,1.2308,110,110,220,1.0,100,100,200,1.0,125,73
900,380,670,190,680,870,3.5789,170,380,550,2.2353,150,310,460,2.0667,140,170,310,1.2143,120,120,240,1.0,100,100,200,1.0,125,73
880,230,670,250,500,750,2.0,210,380,590,1.8095,190,300,490,1.5789,160,180,340,1.125,130,120,250,0.92308,120,100,220,0.8333299999999999,126,73
890,210,630,230,430,660,1.8696,170,310,480,1.8235,160,250,410,1.5625,130,160,290,1.2308,120,120,240,1.0,100,100,200,1.0,125,73
900,260,640,180,650,830,3.6111,150,370,520,2.4667,140,300,440,2.1429,120,180,300,1.5,100,120,220,1.2,90,110,200,1.2222,125,73
900,260,620,180,480,660,2.6667,160,330,490,2.0625,150,280,430,1.8667,130,160,290,1.2308,110,120,230,1.0909,100,100,200,1.0,125,73
890,280,640,190,420,610,2.2105,170,330,500,1.9412,150,280,430,1.8667,130,180,310,1.3846,110,120,230,1.0909,100,110,210,1.1,125,73
900,250,650,190,660,850,3.4737,160,420,580,2.625,150,330,480,2.2,130,200,330,1.5385,100,130,230,1.3,100,120,220,1.2,126,73
890,250,690,270,620,890,2.2963,180,420,600,2.3333,160,350,510,2.1875,140,200,340,1.4286,120,140,260,1.1667,110,110,220,1.0,126,73
890,200,650,220,440,660,2.0,180,310,490,1.7222,170,250,420,1.4706,140,170,310,1.2143,120,130,250,1.0833,100,110,210,1.1,126,73
920,240,660,180,550,730,3.0556,150,360,510,2.4,140,290,430,2.0714,120,160,280,1.3333,100,120,220,1.2,100,100,200,1.0,125,73
870,260,630,200,640,840,3.2,180,440,620,2.4444,160,350,510,2.1875,140,200,340,1.4286,110,110,220,1.0,90,90,180,1.0,125,73
900,240,670,180,500,680,2.7778,160,340,500,2.125,150,270,420,1.8,130,170,300,1.3077,110,120,230,1.0909,100,100,200,1.0,126,73
900,230,660,190,460,650,2.4211,170,310,480,1.8235,160,260,420,1.625,140,190,330,1.3571,110,120,230,1.0909,100,110,210,1.1,127,73
870,240,670,200,480,680,2.4,170,330,500,1.9412,170,270,440,1.5882,150,160,310,1.0667,130,120,250,0.92308,110,90,200,0.81818,127,74
910,200,530,220,410,630,1.8636,170,310,480,1.8235,160,260,420,1.625,130,170,300,1.3077,110,140,250,1.2727,90,120,210,1.3333,126,74
890,380,660,180,520,700,2.8889,150,360,510,2.4,150,290,440,1.9333,130,170,300,1.3077,110,120,230,1.0909,90,100,190,1.1111,126,73
900,230,680,170,500,670,2.9412,160,340,500,2.125,140,280,420,2.0,120,170,290,1.4167,110,120,230,1.0909,90,100,190,1.1111,126,73
900,220,670,180,570,750,3.1667,150,360,510,2.4,140,290,430,2.0714,120,170,290,1.4167,110,120,230,1.0909,100,100,200,1.0,126,73
890,230,660,190,670,860,3.5263,160,400,560,2.5,160,330,490,2.0625,140,180,320,1.2857,120,120,240,1.0,100,100,200,1.0,127,74
890,230,680,250,430,680,1.72,180,270,450,1.5,170,200,370,1.1765,140,160,300,1.1429,130,140,270,1.0769,110,120,230,1.0909,128,74
890,210,600,230,440,670,1.913,210,320,530,1.5238,180,270,450,1.5,150,170,320,1.1333,130,130,260,1.0,110,110,220,1.0,128,74
900,290,410,170,420,590,2.4706,160,350,510,2.1875,150,280,430,1.8667,120,170,290,1.4167,110,120,230,1.0909,90,100,190,1.1111,128,74
900,230,680,190,480,670,2.5263,160,330,490,2.0625,150,270,420,1.8,130,160,290,1.2308,120,110,230,0.91667,110,100,210,0.90909,128,74
900,220,630,180,460,640,2.5556,160,310,470,1.9375,150,260,410,1.7333,120,150,270,1.25,110,110,220,1.0,100,100,200,1.0,128,74
900,270,640,190,480,670,2.5263,160,330,490,2.0625,150,260,410,1.7333,130,160,290,1.2308,120,110,230,0.91667,100,100,200,1.0,128,74
890,260,650,200,560,760,2.8,170,370,540,2.1765,160,290,450,1.8125,140,170,310,1.2143,130,110,240,0.84615,110,90,200,0.81818,128,74
880,240,670,190,480,670,2.5263,170,320,490,1.8824,160,270,430,1.6875,140,170,310,1.2143,120,110,230,0.91667,100,100,200,1.0,129,74
890,210,660,230,440,670,1.913,190,320,510,1.6842,180,280,460,1.5556,150,180,330,1.2,120,130,250,1.0833,110,110,220,1.0,128,74
890,230,640,180,600,780,3.3333,160,350,510,2.1875,150,290,440,1.9333,130,170,300,1.3077,110,120,230,1.0909,110,100,210,0.90909,128,74
900,250,680,180,490,670,2.7222,160,340,500,2.125,150,280,430,1.8667,130,160,290,1.2308,110,120,230,1.0909,90,100,190,1.1111,127,74
890,220,670,180,470,650,2.6111,160,350,510,2.1875,150,290,440,1.9333,130,160,290,1.2308,100,120,220,1.2,100,100,200,1.0,127,74
900,220,670,180,680,860,3.7778,160,370,530,2.3125,150,300,450,2.0,120,180,300,1.5,110,130,240,1.1818,90,100,190,1.1111,127,74
890,230,670,190,470,660,2.4737,170,350,520,2.0588,160,280,440,1.75,130,170,300,1.3077,120,130,250,1.0833,100,100,200,1.0,128,74
900,220,680,240,460,700,1.9167,190,340,530,1.7895,170,280,450,1.6471,150,190,340,1.2667,120,140,260,1.1667,100,110,210,1.1,128,74
890,220,670,190,420,610,2.2105,160,300,460,1.875,160,240,400,1.5,130,150,280,1.1538,120,110,230,0.91667,100,90,190,0.9,128,74
890,220,660,180,670,850,3.7222,170,380,550,2.2353,160,300,460,1.875,140,170,310,1.2143,120,120,240,1.0,100,90,190,0.9,127,74
890,230,670,180,450,630,2.5,160,320,480,2.0,150,260,410,1.7333,130,150,280,1.1538,110,110,220,1.0,110,90,200,0.81818,127,74
890,220,670,190,680,870,3.5789,160,400,560,2.5,160,340,500,2.125,130,220,350,1.6923,120,150,270,1.25,100,120,220,1.2,127,74
890,220,670,200,610,810,3.05,160,350,510,2.1875,150,300,450,2.0,140,180,320,1.2857,120,120,240,1.0,100,90,190,0.9,128,74
890,220,680,240,460,700,1.9167,240,360,600,1.5,190,350,540,1.8421,160,230,390,1.4375,140,140,280,1.0,120,120,240,1.0,128,74
890,210,620,180,420,600,2.3333,160,300,460,1.875,150,240,390,1.6,130,150,280,1.1538,110,120,230,1.0909,110,90,200,0.81818,128,74
890,270,620,180,510,690,2.8333,150,350,500,2.3333,150,290,440,1.9333,130,170,300,1.3077,120,110,230,0.91667,100,100,200,1.0,127,74
900,270,660,250,670,920,2.68,170,410,580,2.4118,160,330,490,2.0625,130,200,330,1.5385,120,130,250,1.0833,100,100,200,1.0,127,74
870,240,650,180,600,780,3.3333,160,350,510,2.1875,150,280,430,1.8667,130,160,290,1.2308,110,120,230,1.0909,100,100,200,1.0,128,74
930,220,700,160,490,650,3.0625,140,330,470,2.3571,130,260,390,2.0,110,160,270,1.4545,90,120,210,1.3333,80,80,160,1.0,129,74
890,230,680,250,500,750,2.0,200,370,570,1.85,180,310,490,1.7222,150,200,350,1.3333,130,130,260,1.0,120,110,230,0.91667,129,74
890,210,660,200,420,620,2.1,170,290,460,1.7059,160,240,400,1.5,140,150,290,1.0714,110,110,220,1.0,110,100,210,0.90909,128,74
900,230,660,180,500,680,2.7778,160,350,510,2.1875,150,300,450,2.0,120,170,290,1.4167,110,110,220,1.0,90,100,190,1.1111,128,74
900,240,490,180,470,650,2.6111,160,320,480,2.0,150,260,410,1.7333,130,150,280,1.1538,110,110,220,1.0,100,90,190,0.9,128,74
880,230,660,190,650,840,3.4211,170,360,530,2.1176,160,290,450,1.8125,140,170,310,1.2143,120,120,240,1.0,100,100,200,1.0,128,74
890,220,680,240,510,750,2.125,190,380,570,2.0,180,320,500,1.7778,150,210,360,1.4,120,140,260,1.1667,110,120,230,1.0909,129,74
900,210,680,230,440,670,1.913,160,310,470,1.9375,150,250,400,1.6667,130,160,290,1.2308,110,130,240,1.1818,100,110,210,1.1,128,74
890,220,670,180,680,860,3.7778,160,430,590,2.6875,150,330,480,2.2,130,180,310,1.3846,110,110,220,1.0,100,90,190,0.9,128,74
900,220,680,180,540,720,3.0,150,350,500,2.3333,140,290,430,2.0714,130,170,300,1.3077,100,120,220,1.2,90,100,190,1.1111,127,74
890,220,660,180,470,650,2.6111,160,330,490,2.0625,150,270,420,1.8,130,160,290,1.2308,120,110,230,0.91667,100,100,200,1.0,127,74
900,230,680,180,690,870,3.8333,160,380,540,2.375,150,320,470,2.1333,130,200,330,1.5385,110,130,240,1.1818,90,110,200,1.2222,128,74
890,220,690,240,650,890,2.7083,190,430,620,2.2632,170,350,520,2.0588,150,220,370,1.4667,130,140,270,1.0769,120,110,230,0.91667,128,74
890,200,650,220,440,660,2.0,170,300,470,1.7647,160,260,420,1.625,130,160,290,1.2308,120,120,240,1.0,100,90,190,0.9,128,74
920,240,610,180,510,690,2.8333,160,350,510,2.1875,150,280,430,1.8667,140,170,310,1.2143,110,120,230,1.0909,100,100,200,1.0,127,74
850,310,640,210,650,860,3.0952,180,400,580,2.2222,170,330,500,1.9412,150,180,330,1.2,130,100,230,0.76923,110,80,190,0.72727,127,74
900,210,670,170,520,690,3.0588,150,350,500,2.3333,140,280,420,2.0,130,170,300,1.3077,110,120,230,1.0909,100,100,200,1.0,127,74
890,230,660,190,460,650,2.4211,160,300,460,1.875,160,270,430,1.6875,140,180,320,1.2857,130,120,250,0.92308,110,100,210,0.90909,128,74
880,230,670,200,470,670,2.35,170,330,500,1.9412,170,280,450,1.6471,140,170,310,1.2143,130,120,250,0.92308,110,100,210,0.90909,129,74
890,210,530,230,410,640,1.7826,180,290,470,1.6111,170,240,410,1.4118,140,160,300,1.1429,120,130,250,1.0833,110,100,210,0.90909,128,74
910,250,670,180,510,690,2.8333,150,340,490,2.2667,140,280,420,2.0,120,160,280,1.3333,100,120,220,1.2,100,100,200,1.0,128,74
880,240,650,180,520,700,2.8889,160,330,490,2.0625,150,270,420,1.8,120,170,290,1.4167,100,120,220,1.2,90,90,180,1.0,128,74
890,230,670,180,680,860,3.7778,160,410,570,2.5625,150,330,480,2.2,140,190,330,1.3571,110,130,240,1.1818,100,100,200,1.0,129,74
880,220,680,240,420,660,1.75,180,260,440,1.4444,170,210,380,1.2353,140,200,340,1.4286,120,130,250,1.0833,110,110,220,1.0,130,75
900,200,680,220,450,670,2.0455,180,330,510,1.8333,160,270,430,1.6875,140,190,330,1.3571,110,140,250,1.2727,100,110,210,1.1,129,75
900,220,450,170,460,630,2.7059,160,330,490,2.0625,140,260,400,1.8571,130,160,290,1.2308,110,120,230,1.0909,90,100,190,1.1111,129,75
890,300,660,190,460,650,2.4211,160,310,470,1.9375,150,260,410,1.7333,140,150,290,1.0714,120,110,230,0.91667,110,90,200,0.81818,129,75
900,230,670,180,680,860,3.7778,160,370,530,2.3125,150,290,440,1.9333,130,170,300,1.3077,120,120,240,1.0,100,100,200,1.0,131,75
880,230,670,200,470,670,2.35,180,330,510,1.8333,160,270,430,1.6875,140,160,300,1.1429,130,120,250,0.92308,110,90,200,0.81818,131,75
880,210,630,230,440,670,1.913,230,300,530,1.3043,230,230,460,1.0,160,150,310,0.9375,140,120,260,0.85714,120,110,230,0.91667,131,75
890,250,650,180,450,630,2.5,150,320,470,2.1333,140,250,390,1.7857,120,160,280,1.3333,100,110,210,1.1,100,100,200,1.0,131,75
890,240,370,180,380,560,2.1111,150,380,530,2.5333,150,310,460,2.0667,130,170,300,1.3077,110,120,230,1.0909,100,100,200,1.0,130,75
890,240,670,180,640,820,3.5556,160,400,560,2.5,150,310,460,2.0667,140,160,300,1.1429,110,120,230,1.0909,100,100,200,1.0,130,75
880,220,670,190,620,810,3.2632,160,360,520,2.25,150,300,450,2.0,140,180,320,1.2857,110,130,240,1.1818,110,110,220,1.0,131,75
890,210,690,230,480,710,2.087,190,350,540,1.8421,170,300,470,1.7647,140,200,340,1.4286,120,150,270,1.25,100,120,220,1.2,131,75
890,250,680,160,530,690,3.3125,150,360,510,2.4,140,290,430,2.0714,130,160,290,1.2308,110,120,230,1.0909,90,90,180,1.0,130,75
890,210,610,180,540,720,3.0,150,400,550,2.6667,140,290,430,2.0714,130,160,290,1.2308,100,120,220,1.2,100,100,200,1.0,130,75
890,280,670,190,640,830,3.3684,170,420,590,2.4706,150,320,470,2.1333,140,210,350,1.5,120,140,260,1.1667,110,110,220,1.0,130,75
890,220,660,200,550,750,2.75,170,360,530,2.1176,160,300,460,1.875,140,180,320,1.2857,120,120,240,1.0,110,100,210,0.90909,130,75
880,230,670,250,490,740,1.96,190,360,550,1.8947,180,300,480,1.6667,150,190,340,1.2667,130,120,250,0.92308,120,100,220,0.8333299999999999,131,75
890,210,650,190,440,630,2.3158,170,300,470,1.7647,150,240,390,1.6,130,150,280,1.1538,120,110,230,0.91667,100,90,190,0.9,130,75
900,240,660,180,670,850,3.7222,160,410,570,2.5625,150,320,470,2.1333,130,180,310,1.3846,110,120,230,1.0909,110,100,210,0.90909,129,75
870,240,660,190,490,680,2.5789,170,330,500,1.9412,160,260,420,1.625,140,150,290,1.0714,120,110,230,0.91667,110,90,200,0.81818,129,75
900,210,670,170,460,630,2.7059,160,340,500,2.125,140,280,420,2.0,120,170,290,1.4167,100,130,230,1.3,90,110,200,1.2222,129,75
880,230,660,190,580,770,3.0526,170,370,540,2.1765,160,300,460,1.875,130,180,310,1.3846,110,130,240,1.1818,100,110,210,1.1,130,75
900,220,680,240,510,750,2.125,180,410,590,2.2778,170,360,530,2.1176,140,240,380,1.7143,120,150,270,1.25,100,130,230,1.3,130,75
880,220,670,210,430,640,2.0476,170,300,470,1.7647,160,250,410,1.5625,140,150,290,1.0714,120,110,230,0.91667,110,100,210,0.90909,130,75
890,210,670,180,470,650,2.6111,150,310,460,2.0667,150,260,410,1.7333,130,150,280,1.1538,110,110,220,1.0,100,90,190,0.9,129,75
890,220,660,180,670,850,3.7222,160,400,560,2.5,150,320,470,2.1333,130,180,310,1.3846,120,120,240,1.0,110,100,210,0.90909,128,74
880,230,640,190,480,670,2.5263,170,310,480,1.8235,160,250,410,1.5625,140,150,290,1.0714,120,110,230,0.91667,110,80,190,0.72727,129,74
880,240,650,190,510,700,2.6842,170,320,490,1.8824,160,250,410,1.5625,140,160,300,1.1429,120,120,240,1.0,100,100,200,1.0,129,75
870,230,670,210,480,690,2.2857,180,350,530,1.9444,170,290,460,1.7059,140,180,320,1.2857,120,130,250,1.0833,100,110,210,1.1,129,75
890,200,670,220,450,670,2.0455,170,320,490,1.8824,160,260,420,1.625,130,170,300,1.3077,120,130,250,1.0833,100,110,210,1.1,129,75
890,220,670,170,490,660,2.8824,150,330,480,2.2,130,270,400,2.0769,130,160,290,1.2308,110,110,220,1.0,100,90,190,0.9,128,74
880,220,670,180,470,650,2.6111,160,320,480,2.0,150,270,420,1.8,140,160,300,1.1429,110,110,220,1.0,100,90,190,0.9,128,74
890,210,670,180,680,860,3.7778,160,380,540,2.375,150,310,460,2.0667,130,180,310,1.3846,110,120,230,1.0909,100,100,200,1.0,128,74
900,220,670,190,680,870,3.5789,160,380,540,2.375,150,300,450,2.0,130,180,310,1.3846,110,120,230,1.0909,100,100,200,1.0,129,75
870,230,670,250,440,690,1.76,190,270,460,1.4211,180,200,380,1.1111,160,130,290,0.8125,130,100,230,0.76923,120,90,210,0.75,129,75
880,200,670,220,460,680,2.0909,190,320,510,1.6842,170,260,430,1.5294,140,170,310,1.2143,120,130,250,1.0833,100,110,210,1.1,129,75
880,210,380,170,390,560,2.2941,150,340,490,2.2667,140,280,420,2.0,120,160,280,1.3333,100,120,220,1.2,90,100,190,1.1111,129,75
600,220,590,180,480,660,2.6667,150,320,470,2.1333,140,270,410,1.9286,130,160,290,1.2308,110,120,230,1.0909,100,100,200,1.0,128,74
880,230,670,190,510,700,2.6842,160,340,500,2.125,160,280,440,1.75,140,180,320,1.2857,120,120,240,1.0,110,100,210,0.90909,130,75
880,210,650,230,430,660,1.8696,230,290,520,1.2609,190,230,420,1.2105,160,140,300,0.875,130,100,230,0.76923,120,80,200,0.66667,129,75
880,230,660,170,460,630,2.7059,160,320,480,2.0,140,260,400,1.8571,120,160,280,1.3333,110,120,230,1.0909,90,100,190,1.1111,129,75
890,230,600,170,490,660,2.8824,160,360,520,2.25,150,290,440,1.9333,130,170,300,1.3077,110,120,230,1.0909,90,100,190,1.1111,129,75
900,290,660,190,670,860,3.5263,160,430,590,2.6875,150,350,500,2.3333,140,190,330,1.3571,110,120,230,1.0909,110,100,210,0.90909,130,75
880,240,660,200,560,760,2.8,180,370,550,2.0556,170,300,470,1.7647,150,180,330,1.2,130,120,250,0.92308,120,90,210,0.75,130,76
870,220,670,240,480,720,2.0,200,340,540,1.7,180,290,470,1.6111,160,180,340,1.125,130,130,260,1.0,130,100,230,0.76923,130,76
880,260,660,190,530,720,2.7895,170,350,520,2.0588,160,290,450,1.8125,130,170,300,1.3077,120,110,230,0.91667,110,80,190,0.72727,130,76
890,220,660,180,660,840,3.6667,160,410,570,2.5625,150,340,490,2.2667,130,170,300,1.3077,110,120,230,1.0909,100,100,200,1.0,130,76
900,230,670,190,520,710,2.7368,160,350,510,2.1875,150,280,430,1.8667,130,170,300,1.3077,110,120,230,1.0909,100,110,210,1.1,131,76
890,230,660,200,540,740,2.7,170,380,550,2.2353,170,300,470,1.7647,150,180,330,1.2,120,130,250,1.0833,110,100,210,0.90909,132,76
880,230,670,250,480,730,1.92,200,360,560,1.8,180,300,480,1.6667,160,200,360,1.25,140,130,270,0.92857,120,110,230,0.91667,132,76
880,210,670,190,420,610,2.2105,170,290,460,1.7059,150,240,390,1.6,140,150,290,1.0714,120,110,230,0.91667,100,90,190,0.9,132,76
900,210,680,170,690,860,4.0588,150,410,560,2.7333,140,340,480,2.4286,130,200,330,1.5385,100,130,230,1.3,90,100,190,1.1111,132,76
890,220,670,180,470,650,2.6111,160,330,490,2.0625,150,270,420,1.8,130,150,280,1.1538,110,110,220,1.0,100,90,190,0.9,132,76
910,220,680,180,690,870,3.8333,160,380,540,2.375,150,320,470,2.1333,130,170,300,1.3077,110,120,230,1.0909,100,100,200,1.0,132,76
880,230,660,200,670,870,3.35,170,370,540,2.1765,160,300,460,1.875,150,180,330,1.2,120,110,230,0.91667,120,100,220,0.8333299999999999,132,76
890,220,680,240,490,730,2.0417,200,420,620,2.1,180,360,540,2.0,150,230,380,1.5333,130,150,280,1.1538,110,110,220,1.0,133,76
890,210,670,230,430,660,1.8696,170,300,470,1.7647,160,260,420,1.625,140,160,300,1.1429,120,110,230,0.91667,110,90,200,0.81818,133,76
880,220,650,180,520,700,2.8889,170,340,510,2.0,150,280,430,1.8667,130,160,290,1.2308,110,110,220,1.0,100,90,190,0.9,132,76
900,230,660,170,610,780,3.5882,160,360,520,2.25,150,280,430,1.8667,130,170,300,1.3077,110,120,230,1.0909,100,100,200,1.0,132,76
880,240,660,190,430,620,2.2632,170,280,450,1.6471,160,210,370,1.3125,150,130,280,0.86667,120,110,230,0.91667,110,100,210,0.90909,133,76
890,220,680,240,520,760,2.1667,190,380,570,2.0,170,320,490,1.8824,150,190,340,1.2667,130,130,260,1.0,110,110,220,1.0,133,76
880,210,650,230,430,660,1.8696,190,340,530,1.7895,170,270,440,1.5882,150,170,320,1.1333,130,120,250,0.92308,110,100,210,0.90909,133,76
880,230,670,180,590,770,3.2778,160,330,490,2.0625,150,270,420,1.8,130,160,290,1.2308,110,110,220,1.0,100,90,190,0.9,132,76
890,210,660,180,490,670,2.7222,160,330,490,2.0625,150,270,420,1.8,120,180,300,1.5,110,120,230,1.0909,100,90,190,0.9,131,76
890,230,650,220,660,880,3.0,180,430,610,2.3889,160,350,510,2.1875,130,200,330,1.5385,120,120,240,1.0,100,100,200,1.0,131,76
890,240,660,180,670,850,3.7222,170,400,570,2.3529,150,320,470,2.1333,140,180,320,1.2857,110,120,230,1.0909,100,100,200,1.0,132,76
880,210,660,230,450,680,1.9565,190,310,500,1.6316,170,250,420,1.4706,150,160,310,1.0667,120,120,240,1.0,120,100,220,0.8333299999999999,132,76
890,220,660,170,620,790,3.6471,160,380,540,2.375,150,260,410,1.7333,120,160,280,1.3333,110,110,220,1.0,90,90,180,1.0,131,76
890,230,680,170,490,660,2.8824,160,340,500,2.125,150,280,430,1.8667,130,160,290,1.2308,110,110,220,1.0,100,90,190,0.9,131,76
900,210,670,180,490,670,2.7222,150,340,490,2.2667,150,280,430,1.8667,130,160,290,1.2308,100,120,220,1.2,90,100,190,1.1111,131,76
890,230,660,190,670,860,3.5263,170,380,550,2.2353,160,300,460,1.875,140,170,310,1.2143,120,120,240,1.0,110,100,210,0.90909,131,76
850,230,680,190,490,680,2.5789,170,330,500,1.9412,160,270,430,1.6875,140,170,310,1.2143,120,120,240,1.0,110,100,210,0.90909,132,76
930,170,710,190,480,670,2.5263,190,330,520,1.7368,150,280,430,1.8667,110,190,300,1.7273,90,150,240,1.6667,80,120,200,1.5,132,76
890,220,630,180,480,660,2.6667,150,330,480,2.2,150,270,420,1.8,130,150,280,1.1538,110,110,220,1.0,100,90,190,0.9,131,76
880,260,640,180,650,830,3.6111,160,440,600,2.75,150,370,520,2.4667,130,160,290,1.2308,120,110,230,0.91667,100,90,190,0.9,131,75
900,240,650,180,480,660,2.6667,160,330,490,2.0625,140,270,410,1.9286,120,170,290,1.4167,110,120,230,1.0909,90,100,190,1.1111,131,75
890,250,660,180,560,740,3.1111,160,380,540,2.375,150,300,450,2.0,130,170,300,1.3077,110,120,230,1.0909,100,100,200,1.0,132,75
870,230,670,190,500,690,2.6316,170,340,510,2.0,160,280,440,1.75,140,170,310,1.2143,120,120,240,1.0,110,100,210,0.90909,132,76
890,210,670,180,640,820,3.5556,150,380,530,2.5333,150,310,460,2.0667,130,170,300,1.3077,120,120,240,1.0,100,100,200,1.0,131,76
890,220,660,180,520,700,2.8889,160,350,510,2.1875,150,290,440,1.9333,130,180,310,1.3846,110,120,230,1.0909,100,90,190,0.9,130,75
880,230,660,180,490,670,2.7222,160,350,510,2.1875,150,300,450,2.0,130,160,290,1.2308,120,110,230,0.91667,100,90,190,0.9,130,75
890,220,670,180,680,860,3.7778,160,350,510,2.1875,150,290,440,1.9333,130,170,300,1.3077,110,120,230,1.0909,100,90,190,0.9,131,75
880,220,660,190,460,650,2.4211,170,360,530,2.1176,160,290,450,1.8125,140,180,320,1.2857,120,120,240,1.0,100,100,200,1.0,131,75
880,220,670,240,480,720,2.0,190,360,550,1.8947,180,300,480,1.6667,150,200,350,1.3333,120,130,250,1.0833,110,110,220,1.0,131,75
880,210,670,180,430,610,2.3889,160,310,470,1.9375,150,240,390,1.6,130,160,290,1.2308,100,120,220,1.2,100,100,200,1.0,129,75
900,220,670,180,490,670,2.7222,150,340,490,2.2667,150,270,420,1.8,120,160,280,1.3333,110,110,220,1.0,90,100,190,1.1111,129,75
880,230,660,190,670,860,3.5263,170,400,570,2.3529,160,320,480,2.0,140,220,360,1.5714,120,130,250,1.0833,110,90,200,0.81818,130,75
890,220,670,190,680,870,3.5789,170,390,560,2.2941,160,320,480,2.0,130,180,310,1.3846,120,130,250,1.0833,100,100,200,1.0,130,75
870,220,670,240,470,710,1.9583,210,400,610,1.9048,190,370,560,1.9474,160,240,400,1.5,140,140,280,1.0,120,120,240,1.0,130,75
900,200,660,200,450,650,2.25,160,330,490,2.0625,150,260,410,1.7333,130,170,300,1.3077,110,120,230,1.0909,100,110,210,1.1,130,75
890,240,660,180,530,710,2.9444,150,350,500,2.3333,150,290,440,1.9333,130,160,290,1.2308,110,110,220,1.0,100,100,200,1.0,129,75
880,230,640,210,650,860,3.0952,180,420,600,2.3333,160,340,500,2.125,150,190,340,1.2667,120,120,240,1.0,110,90,200,0.81818,130,75
880,240,660,180,490,670,2.7222,160,340,500,2.125,150,270,420,1.8,130,160,290,1.2308,110,120,230,1.0909,100,90,190,0.9,130,75
880,220,660,180,490,670,2.7222,160,300,460,1.875,150,230,380,1.5333,140,130,270,0.92857,120,90,210,0.75,100,80,180,0.8,131,75
880,220,680,210,500,710,2.381,170,370,540,2.1765,170,310,480,1.8235,140,200,340,1.4286,120,130,250,1.0833,110,110,220,1.0,131,75
890,200,670,220,430,650,1.9545,220,360,580,1.6364,170,310,480,1.8235,150,180,330,1.2,120,140,260,1.1667,120,100,220,0.8333299999999999,131,75
870,220,640,190,470,660,2.4737,170,320,490,1.8824,150,260,410,1.7333,130,150,280,1.1538,120,110,230,0.91667,100,90,190,0.9,131,75
880,230,620,180,460,640,2.5556,160,340,500,2.125,160,270,430,1.6875,130,160,290,1.2308,120,110,230,0.91667,100,100,200,1.0,130,75
880,220,660,190,670,860,3.5263,160,390,550,2.4375,160,320,480,2.0,140,180,320,1.2857,120,130,250,1.0833,100,100,200,1.0,131,75
880,220,660,240,440,680,1.8333,190,310,500,1.6316,170,260,430,1.5294,140,160,300,1.1429,130,130,260,1.0,110,100,210,0.90909,131,76
880,220,630,170,640,810,3.7647,150,390,540,2.6,140,280,420,2.0,130,170,300,1.3077,110,120,230,1.0909,90,100,190,1.1111,131,76
890,250,670,180,490,670,2.7222,160,330,490,2.0625,140,270,410,1.9286,130,160,290,1.2308,110,110,220,1.0,90,90,180,1.0,131,76
900,220,640,180,480,660,2.6667,150,320,470,2.1333,150,270,420,1.8,130,160,290,1.2308,110,110,220,1.0,100,100,200,1.0,131,75
880,260,640,200,650,850,3.25,170,390,560,2.2941,160,320,480,2.0,140,180,320,1.2857,120,110,230,0.91667,110,100,210,0.90909,131,75
840,240,670,190,450,640,2.3684,170,330,500,1.9412,160,280,440,1.75,130,180,310,1.3846,120,130,250,1.0833,100,100,200,1.0,132,76
930,170,720,190,480,670,2.5263,190,350,540,1.8421,140,290,430,2.0714,110,200,310,1.8182,80,150,230,1.875,70,130,200,1.8571,132,76
890,210,680,170,490,660,2.8824,150,330,480,2.2,140,270,410,1.9286,120,160,280,1.3333,100,120,220,1.2,90,100,190,1.1111,131,76
890,230,670,190,490,680,2.5789,160,340,500,2.125,160,280,440,1.75,140,170,310,1.2143,120,120,240,1.0,100,100,200,1.0,130,75
890,220,670,180,560,740,3.1111,160,390,550,2.4375,150,320,470,2.1333,130,180,310,1.3846,110,130,240,1.1818,100,100,200,1.0,130,75
880,220,660,190,500,690,2.6316,170,340,510,2.0,150,280,430,1.8667,140,160,300,1.1429,120,120,240,1.0,100,100,200,1.0,131,75
890,220,680,240,470,710,1.9583,200,330,530,1.65,180,280,460,1.5556,150,180,330,1.2,130,130,260,1.0,110,110,220,1.0,131,75
880,210,640,180,650,830,3.6111,160,380,540,2.375,160,310,470,1.9375,140,170,310,1.2143,110,110,220,1.0,110,100,210,0.90909,130,75
890,240,660,180,510,690,2.8333,150,350,500,2.3333,150,280,430,1.8667,120,160,280,1.3333,110,110,220,1.0,100,100,200,1.0,130,75
880,230,660,180,540,720,3.0,170,380,550,2.2353,160,340,500,2.125,130,230,360,1.7692,120,110,230,0.91667,100,100,200,1.0,130,75
890,220,660,180,670,850,3.7222,160,370,530,2.3125,150,300,450,2.0,130,170,300,1.3077,110,120,230,1.0909,100,100,200,1.0,130,75
890,230,670,190,460,650,2.4211,170,380,550,2.2353,160,320,480,2.0,140,200,340,1.4286,120,130,250,1.0833,100,110,210,1.1,131,76
880,220,660,240,480,720,2.0,200,350,550,1.75,180,300,480,1.6667,150,190,340,1.2667,140,130,270,0.92857,120,110,230,0.91667,131,76
880,220,620,190,420,610,2.2105,170,300,470,1.7647,150,240,390,1.6,140,150,290,1.0714,120,110,230,0.91667,100,90,190,0.9,131,76
850,260,640,180,650,830,3.6111,170,390,560,2.2941,150,320,470,2.1333,140,180,320,1.2857,120,120,240,1.0,110,100,210,0.90909,130,75
890,210,670,170,540,710,3.1765,150,370,520,2.4667,140,320,460,2.2857,130,200,330,1.5385,100,130,230,1.3,90,110,200,1.2222,131,75
890,220,660,190,610,800,3.2105,170,360,530,2.1176,150,300,450,2.0,140,170,310,1.2143,120,120,240,1.0,100,100,200,1.0,132,76
870,230,670,250,480,730,1.92,230,410,640,1.7826,200,370,570,1.85,160,240,400,1.5,140,140,280,1.0,120,110,230,0.91667,132,76
880,200,660,220,430,650,1.9545,170,310,480,1.8235,160,250,410,1.5625,140,160,300,1.1429,120,120,240,1.0,100,100,200,1.0,131,76
880,220,650,180,510,690,2.8333,160,350,510,2.1875,150,290,440,1.9333,130,160,290,1.2308,110,110,220,1.0,100,90,190,0.9,131,76
900,210,660,180,500,680,2.7778,160,340,500,2.125,150,280,430,1.8667,130,170,300,1.3077,100,120,220,1.2,100,100,200,1.0,132,76
890,240,660,200,430,630,2.15,170,290,460,1.7059,160,210,370,1.3125,150,140,290,0.93333,130,110,240,0.84615,110,100,210,0.90909,133,76
870,230,670,210,490,700,2.3333,170,360,530,2.1176,170,300,470,1.7647,150,180,330,1.2,130,120,250,0.92308,110,100,210,0.90909,133,76
880,200,620,220,420,640,1.9091,190,320,510,1.6842,170,270,440,1.5882,140,170,310,1.2143,120,120,240,1.0,110,100,210,0.90909,132,76
890,260,680,170,520,690,3.0588,150,340,490,2.2667,140,290,430,2.0714,130,170,300,1.3077,100,120,220,1.2,90,90,180,1.0,132,76
890,210,650,180,490,670,2.7222,160,340,500,2.125,150,280,430,1.8667,130,160,290,1.2308,110,120,230,1.0909,100,90,190,0.9,132,76
870,240,640,220,650,870,2.9545,180,420,600,2.3333,170,340,510,2.0,140,200,340,1.4286,120,120,240,1.0,110,100,210,0.90909,133,76
890,230,660,170,670,840,3.9412,160,390,550,2.4375,130,330,460,2.5385,130,180,310,1.3846,100,130,230,1.3,90,110,200,1.2222,133,76
870,230,670,250,430,680,1.72,180,270,450,1.5,160,200,360,1.25,140,120,260,0.85714,120,90,210,0.75,100,80,180,0.8,133,76
880,200,630,220,450,670,2.0455,180,320,500,1.7778,160,280,440,1.75,130,170,300,1.3077,120,130,250,1.0833,100,110,210,1.1,132,76
880,250,650,170,660,830,3.8824,150,370,520,2.4667,140,280,420,2.0,120,160,280,1.3333,100,120,220,1.2,100,100,200,1.0,132,76
890,230,670,170,570,740,3.3529,150,370,520,2.4667,140,300,440,2.1429,130,170,300,1.3077,100,130,230,1.3,90,100,190,1.1111,132,76
880,220,670,180,480,660,2.6667,160,320,480,2.0,150,260,410,1.7333,130,160,290,1.2308,110,120,230,1.0909,100,100,200,1.0,132,76
890,210,670,180,680,860,3.7778,160,380,540,2.375,140,320,460,2.2857,130,190,320,1.4615,110,120,230,1.0909,100,110,210,1.1,132,76
880,220,670,190,500,690,2.6316,160,340,500,2.125,150,270,420,1.8,140,170,310,1.2143,110,120,230,1.0909,100,110,210,1.1,132,76
890,210,630,170,430,600,2.5294,150,310,460,2.0667,140,240,380,1.7143,120,150,270,1.25,110,110,220,1.0,90,100,190,1.1111,132,76
880,250,650,190,450,640,2.3684,170,310,480,1.8235,160,250,410,1.5625,140,150,290,1.0714,120,110,230,0.91667,100,90,190,0.9,131,75
880,230,660,180,610,790,3.3889,170,360,530,2.1176,150,280,430,1.8667,140,170,310,1.2143,110,120,230,1.0909,100,90,190,0.9,131,75
880,220,660,180,530,710,2.9444,170,350,520,2.0588,150,290,440,1.9333,130,170,300,1.3077,110,130,240,1.1818,100,100,200,1.0,131,75
880,220,680,240,480,720,2.0,190,350,540,1.8421,170,290,460,1.7059,150,190,340,1.2667,130,130,260,1.0,110,110,220,1.0,131,76
880,200,620,170,460,630,2.7059,150,300,450,2.0,130,240,370,1.8462,120,150,270,1.25,100,100,200,1.0,90,80,170,0.88889,130,75
880,260,640,180,490,670,2.7222,160,330,490,2.0625,140,270,410,1.9286,130,160,290,1.2308,110,110,220,1.0,100,90,190,0.9,130,75
890,240,650,180,450,630,2.5,160,330,490,2.0625,150,240,390,1.6,130,150,280,1.1538,110,110,220,1.0,90,90,180,1.0,130,75
870,240,640,190,520,710,2.7368,170,320,490,1.8824,160,270,430,1.6875,140,150,290,1.0714,120,110,230,0.91667,110,90,200,0.81818,130,75
880,230,660,180,500,680,2.7778,170,330,500,1.9412,150,270,420,1.8,130,170,300,1.3077,120,130,250,1.0833,100,100,200,1.0,131,75
880,220,670,240,490,730,2.0417,180,370,550,2.0556,170,300,470,1.7647,140,190,330,1.3571,130,130,260,1.0,110,110,220,1.0,131,76
860,210,660,190,400,590,2.1053,170,280,450,1.6471,150,220,370,1.4667,130,150,280,1.1538,120,110,230,0.91667,100,90,190,0.9,131,76
870,230,650,180,460,640,2.5556,170,320,490,1.8824,160,250,410,1.5625,140,150,290,1.0714,110,110,220,1.0,100,90,190,0.9,130,75
880,220,650,180,480,660,2.6667,160,340,500,2.125,150,260,410,1.7333,130,160,290,1.2308,110,120,230,1.0909,90,100,190,1.1111,131,75
880,230,650,190,660,850,3.4737,160,380,540,2.375,160,300,460,1.875,140,180,320,1.2857,120,120,240,1.0,110,100,210,0.90909,132,76
870,230,660,250,580,830,2.32,190,380,570,2.0,170,320,490,1.8824,150,200,350,1.3333,130,130,260,1.0,120,100,220,0.8333299999999999,132,76
870,210,660,230,430,660,1.8696,180,310,490,1.7222,160,250,410,1.5625,140,160,300,1.1429,120,120,240,1.0,110,110,220,1.0,132,76
910,210,670,170,530,700,3.1176,150,350,500,2.3333,150,280,430,1.8667,120,160,280,1.3333,100,120,220,1.2,90,100,190,1.1111,131,76
860,240,640,200,650,850,3.25,170,410,580,2.4118,170,330,500,1.9412,140,190,330,1.3571,120,110,230,0.91667,100,90,190,0.9,131,75
890,220,660,180,470,650,2.6111,160,320,480,2.0,150,270,420,1.8,130,150,280,1.1538,110,110,220,1.0,100,90,190,0.9,131,75
880,210,560,230,430,660,1.8696,180,310,490,1.7222,160,250,410,1.5625,140,170,310,1.2143,120,130,250,1.0833,110,110,220,1.0,132,76
890,320,670,180,550,730,3.0556,150,350,500,2.3333,150,280,430,1.8667,120,160,280,1.3333,110,120,230,1.0909,90,100,190,1.1111,132,76
890,220,670,170,480,650,2.8235,160,340,500,2.125,150,270,420,1.8,120,160,280,1.3333,110,110,220,1.0,90,90,180,1.0,131,76
880,220,660,170,500,670,2.9412,150,340,490,2.2667,140,280,420,2.0,120,170,290,1.4167,90,120,210,1.3333,60,90,150,1.5,131,76
880,220,660,180,670,850,3.7222,160,390,550,2.4375,150,320,470,2.1333,130,180,310,1.3846,110,120,230,1.0909,100,100,200,1.0,132,76
880,220,650,210,410,620,1.9524,170,280,450,1.6471,160,260,420,1.625,130,180,310,1.3846,120,120,240,1.0,100,110,210,1.1,133,76
870,230,660,250,440,690,1.76,200,320,520,1.6,180,270,450,1.5,160,170,330,1.0625,130,120,250,0.92308,120,110,230,0.91667,132,76
880,210,540,170,450,620,2.6471,150,300,450,2.0,140,250,390,1.7857,120,150,270,1.25,100,120,220,1.2,90,100,190,1.1111,132,76
880,340,660,190,540,730,2.8421,170,350,520,2.0588,150,290,440,1.9333,130,170,300,1.3077,120,110,230,0.91667,100,100,200,1.0,131,76
880,220,620,180,440,620,2.4444,160,300,460,1.875,150,260,410,1.7333,130,150,280,1.1538,110,110,220,1.0,100,100,200,1.0,132,76
880,260,650,190,650,840,3.4211,160,350,510,2.1875,150,280,430,1.8667,120,160,280,1.3333,110,110,220,1.0,90,100,190,1.1111,132,76
860,230,650,200,530,730,2.65,170,340,510,2.0,160,270,430,1.6875,140,190,330,1.3571,120,120,240,1.0,110,90,200,0.81818,133,76
890,210,680,230,470,700,2.0435,210,330,540,1.5714,180,280,460,1.5556,140,240,380,1.7143,120,160,280,1.3333,110,130,240,1.1818,132,76
880,210,660,180,440,620,2.4444,160,310,470,1.9375,150,240,390,1.6,130,150,280,1.1538,110,110,220,1.0,100,90,190,0.9,132,76
870,220,530,190,450,640,2.3684,160,310,470,1.9375,150,250,400,1.6667,130,140,270,1.0769,120,100,220,0.8333299999999999,100,90,190,0.9,132,76
890,230,650,190,500,690,2.6316,160,320,480,2.0,150,260,410,1.7333,130,150,280,1.1538,110,110,220,1.0,100,100,200,1.0,133,76
870,240,650,200,500,700,2.5,160,330,490,2.0625,160,260,420,1.625,150,150,300,1.0,130,110,240,0.84615,120,100,220,0.8333299999999999,133,76
880,220,680,240,500,740,2.0833,170,370,540,2.1765,160,310,470,1.9375,140,190,330,1.3571,120,140,260,1.1667,100,110,210,1.1,133,76
890,200,670,220,410,630,1.8636,170,270,440,1.5882,150,250,400,1.6667,130,160,290,1.2308,110,120,230,1.0909,100,110,210,1.1,132,76
890,220,660,180,500,680,2.7778,160,330,490,2.0625,150,260,410,1.7333,120,150,270,1.25,110,110,220,1.0,100,100,200,1.0,132,76
880,230,500,190,480,670,2.5263,170,330,500,1.9412,150,270,420,1.8,130,160,290,1.2308,120,110,230,0.91667,100,80,180,0.8,132,76
880,220,670,210,490,700,2.3333,180,350,530,1.9444,170,290,460,1.7059,140,180,320,1.2857,130,130,260,1.0,120,100,220,0.8333299999999999,132,76
870,210,610,230,440,670,1.913,190,300,490,1.5789,170,240,410,1.4118,140,160,300,1.1429,130,120,250,0.92308,110,100,210,0.90909,133,76
890,260,640,170,450,620,2.6471,150,300,450,2.0,140,240,380,1.7143,120,170,290,1.4167,100,120,220,1.2,80,100,180,1.25,132,76
880,250,670,180,540,720,3.0,160,350,510,2.1875,150,290,440,1.9333,130,170,300,1.3077,110,110,220,1.0,100,90,190,0.9,132,76
880,210,650,180,490,670,2.7222,160,340,500,2.125,150,280,430,1.8667,130,170,300,1.3077,110,120,230,1.0909,100,90,190,0.9,132,76
880,230,660,180,670,850,3.7222,160,400,560,2.5,150,330,480,2.2,130,200,330,1.5385,110,130,240,1.1818,100,100,200,1.0,131,76
880,220,680,180,470,650,2.6111,170,340,510,2.0,150,280,430,1.8667,140,170,310,1.2143,120,120,240,1.0,100,100,200,1.0,132,76
870,200,650,220,440,660,2.0,220,310,530,1.4091,220,260,480,1.1818,170,160,330,0.94118,140,130,270,0.92857,140,100,240,0.71429,133,76
880,220,640,180,500,680,2.7778,160,330,490,2.0625,150,270,420,1.8,120,150,270,1.25,110,110,220,1.0,100,100,200,1.0,133,76
880,220,660,180,500,680,2.7778,160,340,500,2.125,150,280,430,1.8667,130,160,290,1.2308,110,120,230,1.0909,90,100,190,1.1111,132,76
890,220,670,180,620,800,3.4444,160,410,570,2.5625,150,330,480,2.2,130,180,310,1.3846,110,130,240,1.1818,90,100,190,1.1111,132,76
880,220,670,180,540,720,3.0,170,360,530,2.1176,160,290,450,1.8125,140,170,310,1.2143,120,130,250,1.0833,100,100,200,1.0,132,76
880,210,670,230,470,700,2.0435,200,350,550,1.75,180,290,470,1.6111,150,190,340,1.2667,130,130,260,1.0,110,110,220,1.0,133,76
880,210,640,180,420,600,2.3333,160,300,460,1.875,150,240,390,1.6,130,150,280,1.1538,110,110,220,1.0,100,90,190,0.9,133,76
880,240,650,170,490,660,2.8824,160,340,500,2.125,140,290,430,2.0714,130,170,300,1.3077,110,120,230,1.0909,90,100,190,1.1111,133,76
870,230,660,170,530,700,3.1176,150,380,530,2.5333,140,330,470,2.3571,130,210,340,1.6154,100,120,220,1.2,90,90,180,1.0,132,76
880,210,650,170,660,830,3.8824,160,360,520,2.25,150,290,440,1.9333,130,170,300,1.3077,110,120,230,1.0909,90,100,190,1.1111,132,76
880,230,660,190,460,650,2.4211,170,360,530,2.1176,160,290,450,1.8125,130,170,300,1.3077,120,130,250,1.0833,100,100,200,1.0,133,76
870,220,660,240,480,720,2.0,190,350,540,1.8421,170,300,470,1.7647,150,200,350,1.3333,130,130,260,1.0,120,100,220,0.8333299999999999,133,76
890,210,660,180,440,620,2.4444,150,330,480,2.2,150,280,430,1.8667,130,190,320,1.4615,110,120,230,1.0909,100,100,200,1.0,133,76
890,230,660,190,490,680,2.5789,160,330,490,2.0625,160,270,430,1.6875,140,160,300,1.1429,120,110,230,0.91667,110,100,210,0.90909,133,76
870,230,660,250,480,730,1.92,190,410,600,2.1579,180,340,520,1.8889,160,200,360,1.25,130,130,260,1.0,120,100,220,0.8333299999999999,134,77
890,210,640,230,430,660,1.8696,170,300,470,1.7647,160,240,400,1.5,130,150,280,1.1538,120,110,230,0.91667,100,100,200,1.0,134,77
880,250,650,180,530,710,2.9444,160,340,500,2.125,150,280,430,1.8667,130,160,290,1.2308,110,110,220,1.0,90,90,180,1.0,134,77
890,210,670,170,540,710,3.1765,150,330,480,2.2,140,270,410,1.9286,130,170,300,1.3077,100,120,220,1.2,90,100,190,1.1111,132,76
890,220,670,180,480,660,2.6667,160,310,470,1.9375,150,240,390,1.6,140,140,280,1.0,110,110,220,1.0,100,110,210,1.1,132,76
870,220,670,200,490,690,2.45,170,350,520,2.0588,160,290,450,1.8125,140,180,320,1.2857,120,120,240,1.0,110,110,220,1.0,133,76
880,200,670,220,440,660,2.0,220,390,610,1.7727,180,320,500,1.7778,140,200,340,1.4286,120,130,250,1.0833,110,110,220,1.0,133,76
880,210,650,180,500,680,2.7778,150,340,490,2.2667,140,280,420,2.0,130,150,280,1.1538,100,120,220,1.2,100,90,190,0.9,133,76
870,230,660,180,490,670,2.7222,160,330,490,2.0625,150,270,420,1.8,130,150,280,1.1538,110,110,220,1.0,100,90,190,0.9,132,76
870,210,660,200,670,870,3.35,170,450,620,2.6471,160,370,530,2.3125,130,200,330,1.5385,120,130,250,1.0833,100,110,210,1.1,132,76
890,210,660,170,670,840,3.9412,160,430,590,2.6875,140,350,490,2.5,120,200,320,1.6667,110,140,250,1.2727,90,110,200,1.2222,132,76
860,230,650,250,420,670,1.68,180,260,440,1.4444,170,190,360,1.1176,150,130,280,0.86667,130,110,240,0.84615,120,100,220,0.8333299999999999,133,76
870,210,660,230,470,700,2.0435,200,330,530,1.65,180,270,450,1.5,150,180,330,1.2,120,130,250,1.0833,110,100,210,0.90909,133,76
870,210,650,170,660,830,3.8824,150,320,470,2.1333,140,260,400,1.8571,120,150,270,1.25,100,120,220,1.2,90,100,190,1.1111,132,76
880,220,660,170,490,660,2.8824,150,340,490,2.2667,140,290,430,2.0714,130,170,300,1.3077,110,120,230,1.0909,90,100,190,1.1111,132,76
860,220,650,180,450,630,2.5,170,320,490,1.8824,150,250,400,1.6667,140,150,290,1.0714,120,110,230,0.91667,100,90,190,0.9,132,76
890,210,670,170,680,850,4.0,150,430,580,2.8667,140,350,490,2.5,120,190,310,1.5833,100,130,230,1.3,90,110,200,1.2222,133,76
870,220,650,190,480,670,2.5263,160,330,490,2.0625,160,270,430,1.6875,140,170,310,1.2143,120,120,240,1.0,110,90,200,0.81818,134,77
860,220,630,240,430,670,1.7917,240,300,540,1.25,200,230,430,1.15,160,170,330,1.0625,140,140,280,1.0,120,110,230,0.91667,134,77
870,230,660,180,440,620,2.4444,160,310,470,1.9375,150,250,400,1.6667,130,170,300,1.3077,110,120,230,1.0909,90,100,190,1.1111,134,77
870,210,460,180,470,650,2.6111,160,370,530,2.3125,150,300,450,2.0,120,170,290,1.4167,110,120,230,1.0909,90,100,190,1.1111,134,77
870,210,640,180,650,830,3.6111,160,360,520,2.25,150,280,430,1.8667,130,160,290,1.2308,110,110,220,1.0,110,100,210,0.90909,133,77
870,230,660,180,480,660,2.6667,160,330,490,2.0625,150,280,430,1.8667,140,160,300,1.1429,110,120,230,1.0909,100,100,200,1.0,133,77
880,210,670,230,520,750,2.2609,180,380,560,2.1111,170,330,500,1.9412,140,210,350,1.5,120,140,260,1.1667,100,120,220,1.2,135,77
870,210,610,230,410,640,1.7826,180,270,450,1.5,170,210,380,1.2353,140,160,300,1.1429,130,120,250,0.92308,110,90,200,0.81818,135,77
870,260,640,180,550,730,3.0556,160,360,520,2.25,150,300,450,2.0,130,160,290,1.2308,120,110,230,0.91667,100,100,200,1.0,135,77
870,230,490,180,490,670,2.7222,160,340,500,2.125,150,280,430,1.8667,130,160,290,1.2308,110,110,220,1.0,100,100,200,1.0,134,77
890,380,660,190,670,860,3.5263,160,420,580,2.625,150,330,480,2.2,130,190,320,1.4615,110,130,240,1.1818,100,110,210,1.1,134,77
780,230,650,190,660,850,3.4737,170,390,560,2.2941,150,320,470,2.1333,140,190,330,1.3571,120,120,240,1.0,110,100,210,0.90909,134,77
860,210,660,230,430,660,1.8696,200,310,510,1.55,180,260,440,1.4444,150,150,300,1.0,130,120,250,0.92308,120,100,220,0.8333299999999999,136,78
880,200,660,170,670,840,3.9412,150,430,580,2.8667,140,340,480,2.4286,120,160,280,1.3333,100,120,220,1.2,90,100,190,1.1111,136,78
880,220,670,170,510,680,3.0,150,340,490,2.2667,140,280,420,2.0,120,160,280,1.3333,100,120,220,1.2,90,100,190,1.1111,136,78
880,210,640,190,480,670,2.5263,150,330,480,2.2,140,280,420,2.0,130,160,290,1.2308,110,110,220,1.0,100,100,200,1.0,136,78
870,240,650,180,660,840,3.6667,160,380,540,2.375,150,310,460,2.0667,130,180,310,1.3846,110,120,230,1.0909,100,100,200,1.0,135,78
830,220,670,170,510,680,3.0,160,340,500,2.125,150,290,440,1.9333,130,180,310,1.3846,110,130,240,1.1818,100,120,220,1.2,136,78
930,160,720,180,480,660,2.6667,180,340,520,1.8889,130,300,430,2.3077,110,200,310,1.8182,90,160,250,1.7778,70,140,210,2.0,137,78
870,210,630,180,430,610,2.3889,160,310,470,1.9375,150,260,410,1.7333,130,160,290,1.2308,110,110,220,1.0,100,90,190,0.9,136,78
880,240,660,170,670,840,3.9412,160,430,590,2.6875,140,350,490,2.5,120,150,270,1.25,110,110,220,1.0,90,100,190,1.1111,136,78
880,220,660,180,560,740,3.1111,170,360,530,2.1176,150,300,450,2.0,130,170,300,1.3077,110,120,230,1.0909,100,100,200,1.0,136,78
880,350,650,190,510,700,2.6842,160,340,500,2.125,160,270,430,1.6875,140,170,310,1.2143,120,120,240,1.0,110,100,210,0.90909,136,78
820,230,660,250,490,740,1.96,200,330,530,1.65,190,280,470,1.4737,160,180,340,1.125,130,130,260,1.0,120,100,220,0.8333299999999999,136,78
920,160,710,150,450,600,3.0,120,340,460,2.8333,110,280,390,2.5455,90,180,270,2.0,70,140,210,2.0,60,120,180,2.0,136,78
880,210,670,180,540,720,3.0,150,340,490,2.2667,150,280,430,1.8667,130,160,290,1.2308,110,120,230,1.0909,90,100,190,1.1111,136,78
890,210,660,180,670,850,3.7222,160,350,510,2.1875,140,280,420,2.0,130,170,300,1.3077,110,120,230,1.0909,100,100,200,1.0,135,78
870,230,650,200,550,750,2.75,170,370,540,2.1765,160,300,460,1.875,150,170,320,1.1333,120,110,230,0.91667,120,100,220,0.8333299999999999,136,78
860,220,660,240,510,750,2.125,180,380,560,2.1111,170,320,490,1.8824,150,200,350,1.3333,130,140,270,1.0769,110,120,230,1.0909,137,78
850,200,670,170,420,590,2.4706,150,290,440,1.9333,140,240,380,1.7143,120,160,280,1.3333,100,120,220,1.2,90,100,190,1.1111,137,78
880,200,630,170,470,640,2.7647,150,320,470,2.1333,140,260,400,1.8571,120,150,270,1.25,110,110,220,1.0,90,90,180,1.0,135,78
890,250,660,180,600,780,3.3333,160,380,540,2.375,150,320,470,2.1333,130,160,290,1.2308,120,110,230,0.91667,100,90,190,0.9,135,77
870,230,650,190,660,850,3.4737,170,390,560,2.2941,160,320,480,2.0,140,180,320,1.2857,120,120,240,1.0,110,100,210,0.90909,136,77
870,220,660,240,570,810,2.375,180,410,590,2.2778,170,340,510,2.0,150,220,370,1.4667,130,140,270,1.0769,110,110,220,1.0,136,78
870,210,620,230,420,650,1.8261,190,300,490,1.5789,170,250,420,1.4706,150,160,310,1.0667,120,110,230,0.91667,110,100,210,0.90909,136,78
890,250,650,180,490,670,2.7222,160,320,480,2.0,140,260,400,1.8571,130,150,280,1.1538,100,110,210,1.1,100,90,190,0.9,135,77
860,240,630,190,640,830,3.3684,170,430,600,2.5294,160,350,510,2.1875,140,190,330,1.3571,120,110,230,0.91667,100,80,180,0.8,135,77
880,230,600,180,460,640,2.5556,170,320,490,1.8824,150,250,400,1.6667,140,150,290,1.0714,120,110,230,0.91667,100,80,180,0.8,135,77
870,280,640,190,510,700,2.6842,170,330,500,1.9412,160,290,450,1.8125,140,180,320,1.2857,130,110,240,0.84615,110,90,200,0.81818,135,77
860,230,660,200,460,660,2.3,170,330,500,1.9412,160,270,430,1.6875,140,170,310,1.2143,120,120,240,1.0,110,100,210,0.90909,136,77
870,200,590,220,430,650,1.9545,200,320,520,1.6,170,260,430,1.5294,140,170,310,1.2143,120,130,250,1.0833,100,110,210,1.1,136,78
920,210,620,190,430,620,2.2632,160,310,470,1.9375,150,250,400,1.6667,130,150,280,1.1538,110,110,220,1.0,100,90,190,0.9,135,77
870,220,650,180,660,840,3.6667,160,360,520,2.25,160,290,450,1.8125,130,170,300,1.3077,120,120,240,1.0,100,90,190,0.9,135,77
870,220,660,190,390,580,2.0526,170,340,510,2.0,160,300,460,1.875,140,190,330,1.3571,120,130,250,1.0833,110,100,210,0.90909,136,78
870,210,670,230,470,700,2.0435,190,340,530,1.7895,180,280,460,1.5556,140,190,330,1.3571,130,130,260,1.0,110,110,220,1.0,136,78
860,200,630,170,450,620,2.6471,150,310,460,2.0667,140,250,390,1.7857,120,160,280,1.3333,100,120,220,1.2,100,100,200,1.0,136,78
890,230,660,180,670,850,3.7222,150,390,540,2.6,140,310,450,2.2143,120,180,300,1.5,100,130,230,1.3,80,100,180,1.25,136,78
870,230,650,180,480,660,2.6667,160,330,490,2.0625,150,260,410,1.7333,130,150,280,1.1538,120,110,230,0.91667,100,90,190,0.9,136,78
880,220,660,180,500,680,2.7778,150,340,490,2.2667,150,280,430,1.8667,130,180,310,1.3846,110,130,240,1.1818,100,110,210,1.1,135,78
880,220,650,190,580,770,3.0526,170,340,510,2.0,150,290,440,1.9333,140,180,320,1.2857,110,120,230,1.0909,110,100,210,0.90909,135,78
860,230,660,250,470,720,1.88,210,370,580,1.7619,190,360,550,1.8947,150,230,380,1.5333,130,140,270,1.0769,110,110,220,1.0,136,78
870,200,610,220,410,630,1.8636,160,290,450,1.8125,150,240,390,1.6,140,160,300,1.1429,110,120,230,1.0909,100,100,200,1.0,137,78
860,260,640,170,480,650,2.8235,160,320,480,2.0,140,260,400,1.8571,120,160,280,1.3333,110,110,220,1.0,90,90,180,1.0,137,78
880,220,650,180,480,660,2.6667,150,320,470,2.1333,140,260,400,1.8571,130,160,290,1.2308,110,110,220,1.0,100,100,200,1.0,136,78
870,230,630,190,480,670,2.5263,170,300,470,1.7647,150,230,380,1.5333,140,140,280,1.0,120,110,230,0.91667,100,90,190,0.9,136,78
850,240,650,210,460,670,2.1905,180,330,510,1.8333,170,270,440,1.5882,150,160,310,1.0667,130,110,240,0.84615,120,90,210,0.75,137,78
870,200,660,220,440,660,2.0,210,320,530,1.5238,180,270,450,1.5,150,170,320,1.1333,120,120,240,1.0,100,110,210,1.1,137,78
880,210,650,170,490,660,2.8824,150,320,470,2.1333,140,270,410,1.9286,120,160,280,1.3333,100,130,230,1.3,90,90,180,1.0,137,78
870,230,660,180,490,670,2.7222,160,320,480,2.0,150,280,430,1.8667,130,160,290,1.2308,120,110,230,0.91667,100,90,190,0.9,137,78
870,210,650,180,660,840,3.6667,160,410,570,2.5625,160,330,490,2.0625,130,180,310,1.3846,120,120,240,1.0,110,100,210,0.90909,136,78
880,220,650,180,660,840,3.6667,160,400,560,2.5,150,330,480,2.2,130,190,320,1.4615,110,120,230,1.0909,100,110,210,1.1,137,78
870,230,660,250,400,650,1.6,180,260,440,1.4444,170,190,360,1.1176,150,160,310,1.0667,120,130,250,1.0833,110,110,220,1.0,138,79
870,210,660,230,440,670,1.913,210,320,530,1.5238,180,270,450,1.5,150,170,320,1.1333,130,120,250,0.92308,110,110,220,1.0,138,79
870,210,450,170,430,600,2.5294,160,300,460,1.875,140,240,380,1.7143,130,140,270,1.0769,110,110,220,1.0,100,90,190,0.9,138,79
880,210,660,180,460,640,2.5556,160,300,460,1.875,150,250,400,1.6667,130,150,280,1.1538,110,110,220,1.0,100,100,200,1.0,137,79
870,220,630,180,640,820,3.5556,160,390,550,2.4375,150,290,440,1.9333,130,160,290,1.2308,120,110,230,0.91667,110,100,210,0.90909,137,79
870,240,650,190,550,740,2.8947,160,350,510,2.1875,160,290,450,1.8125,130,170,300,1.3077,120,120,240,1.0,100,100,200,1.0,138,79
870,220,660,240,450,690,1.875,240,320,560,1.3333,190,250,440,1.3158,160,200,360,1.25,140,150,290,1.0714,120,120,240,1.0,139,79
880,210,610,180,440,620,2.4444,160,310,470,1.9375,150,250,400,1.6667,140,160,300,1.1429,110,120,230,1.0909,100,100,200,1.0,138,79
870,270,480,180,490,670,2.7222,160,370,530,2.3125,150,290,440,1.9333,130,160,290,1.2308,110,110,220,1.0,100,90,190,0.9,138,79
880,220,660,180,580,760,3.2222,160,330,490,2.0625,150,260,410,1.7333,130,160,290,1.2308,110,110,220,1.0,100,100,200,1.0,137,79
870,220,650,190,480,670,2.5263,170,330,500,1.9412,160,270,430,1.6875,150,170,320,1.1333,130,110,240,0.84615,110,100,210,0.90909,137,79
870,220,670,240,520,760,2.1667,190,380,570,2.0,170,310,480,1.8235,140,200,340,1.4286,130,130,260,1.0,110,110,220,1.0,138,79
870,200,650,220,410,630,1.8636,180,260,440,1.4444,170,240,410,1.4118,140,170,310,1.2143,120,120,240,1.0,110,100,210,0.90909,138,79
870,220,660,170,580,750,3.4118,150,370,520,2.4667,140,300,440,2.1429,120,170,290,1.4167,110,120,230,1.0909,90,100,190,1.1111,138,79
880,210,530,170,470,640,2.7647,150,320,470,2.1333,140,270,410,1.9286,120,160,280,1.3333,110,110,220,1.0,100,100,200,1.0,138,79
810,250,650,200,660,860,3.3,170,410,580,2.4118,170,340,510,2.0,140,180,320,1.2857,120,120,240,1.0,110,100,210,0.90909,139,79
870,200,650,220,440,660,2.0,190,310,500,1.6316,180,260,440,1.4444,140,160,300,1.1429,130,120,250,0.92308,110,100,210,0.90909,139,79
870,220,630,170,640,810,3.7647,150,380,530,2.5333,140,310,450,2.2143,130,160,290,1.2308,110,110,220,1.0,90,90,180,1.0,139,79
860,240,660,170,520,690,3.0588,150,350,500,2.3333,140,290,430,2.0714,120,160,280,1.3333,100,110,210,1.1,90,100,190,1.1111,139,79
880,200,670,160,490,650,3.0625,140,340,480,2.4286,140,280,420,2.0,120,170,290,1.4167,100,120,220,1.2,90,100,190,1.1111,138,79
860,210,650,180,580,760,3.2222,160,350,510,2.1875,150,280,430,1.8667,130,170,300,1.3077,110,120,230,1.0909,100,90,190,0.9,139,79
840,210,660,170,550,720,3.2353,160,330,490,2.0625,140,280,420,2.0,130,180,310,1.3846,110,120,230,1.0909,90,100,190,1.1111,140,80
900,180,680,200,470,670,2.35,200,340,540,1.7,160,280,440,1.75,120,180,300,1.5,100,140,240,1.4,90,110,200,1.2222,140,80
860,220,650,180,450,630,2.5,150,310,460,2.0667,150,240,390,1.6,130,150,280,1.1538,110,110,220,1.0,100,90,190,0.9,139,80
870,210,650,170,490,660,2.8824,150,340,490,2.2667,140,270,410,1.9286,130,170,300,1.3077,110,120,230,1.0909,90,100,190,1.1111,138,79
870,220,650,180,660,840,3.6667,160,350,510,2.1875,150,280,430,1.8667,130,160,290,1.2308,120,110,230,0.91667,100,100,200,1.0,138,79
870,220,660,190,550,740,2.8947,160,350,510,2.1875,150,280,430,1.8667,140,180,320,1.2857,110,120,230,1.0909,100,110,210,1.1,138,79
860,210,660,230,490,720,2.1304,180,360,540,2.0,170,300,470,1.7647,140,190,330,1.3571,130,130,260,1.0,110,110,220,1.0,139,79
870,210,660,180,490,670,2.7222,150,340,490,2.2667,140,280,420,2.0,130,160,290,1.2308,100,110,210,1.1,100,90,190,0.9,139,79
870,210,620,170,630,800,3.7059,160,350,510,2.1875,150,260,410,1.7333,140,150,290,1.0714,110,110,220,1.0,100,90,190,0.9,138,79
870,250,650,180,580,760,3.2222,160,330,490,2.0625,150,270,420,1.8,130,150,280,1.1538,120,110,230,0.91667,100,100,200,1.0,138,79
870,220,670,190,670,860,3.5263,170,380,550,2.2353,160,310,470,1.9375,140,190,330,1.3571,110,120,230,1.0909,110,100,210,0.90909,138,79
860,200,660,220,490,710,2.2273,180,360,540,2.0,170,300,470,1.7647,140,190,330,1.3571,130,120,250,0.92308,110,100,210,0.90909,138,79
870,200,640,220,420,640,1.9091,170,300,470,1.7647,160,240,400,1.5,140,150,290,1.0714,120,120,240,1.0,110,100,210,0.90909,139,79
860,230,660,180,670,850,3.7222,160,360,520,2.25,150,300,450,2.0,120,150,270,1.25,110,110,220,1.0,100,90,190,0.9,139,79
880,200,660,170,490,660,2.8824,140,340,480,2.4286,130,280,410,2.1538,120,170,290,1.4167,90,120,210,1.3333,90,100,190,1.1111,138,79
860,220,620,180,440,620,2.4444,160,310,470,1.9375,140,250,390,1.7857,130,160,290,1.2308,110,110,220,1.0,100,90,190,0.9,138,79
870,240,660,180,670,850,3.7222,150,390,540,2.6,150,320,470,2.1333,130,190,320,1.4615,110,130,240,1.1818,100,100,200,1.0,138,79
870,210,670,180,490,670,2.7222,160,340,500,2.125,140,280,420,2.0,130,170,300,1.3077,100,130,230,1.3,100,110,210,1.1,138,79
870,200,610,220,450,670,2.0455,220,310,530,1.4091,190,260,450,1.3684,150,170,320,1.1333,130,130,260,1.0,110,100,210,0.90909,139,79
880,220,610,190,620,810,3.2632,170,400,570,2.3529,160,310,470,1.9375,140,170,310,1.2143,120,120,240,1.0,110,100,210,0.90909,138,79
860,270,650,190,530,720,2.7895,170,340,510,2.0,160,290,450,1.8125,130,170,300,1.3077,120,120,240,1.0,110,100,210,0.90909,138,79
880,210,670,230,480,710,2.087,190,350,540,1.8421,160,300,460,1.875,140,200,340,1.4286,110,140,250,1.2727,100,120,220,1.2,139,79
870,210,610,180,410,590,2.2778,160,290,450,1.8125,150,230,380,1.5333,140,150,290,1.0714,120,110,230,0.91667,110,90,200,0.81818,140,80
870,260,640,180,560,740,3.1111,150,360,510,2.4,150,290,440,1.9333,130,160,290,1.2308,110,120,230,1.0909,100,100,200,1.0,139,80
870,230,660,170,670,840,3.9412,150,420,570,2.8,140,350,490,2.5,130,160,290,1.2308,100,120,220,1.2,100,100,200,1.0,138,79
890,210,660,170,490,660,2.8824,150,320,470,2.1333,140,260,400,1.8571,120,160,280,1.3333,100,120,220,1.2,90,100,190,1.1111,138,79
870,230,650,190,520,710,2.7368,170,370,540,2.1765,160,300,460,1.875,140,170,310,1.2143,130,120,250,0.92308,110,90,200,0.81818,139,79
860,220,660,240,500,740,2.0833,190,380,570,2.0,170,320,490,1.8824,150,200,350,1.3333,130,130,260,1.0,120,100,220,0.8333299999999999,139,79
870,200,660,220,440,660,2.0,170,310,480,1.8235,150,250,400,1.6667,130,160,290,1.2308,110,110,220,1.0,100,100,200,1.0,140,80
860,280,650,180,530,710,2.9444,160,360,520,2.25,150,300,450,2.0,130,170,300,1.3077,120,110,230,0.91667,100,100,200,1.0,138,79
870,210,650,180,440,620,2.4444,150,320,470,2.1333,150,280,430,1.8667,130,160,290,1.2308,100,120,220,1.2,100,100,200,1.0,138,79
880,220,650,180,660,840,3.6667,160,390,550,2.4375,150,320,470,2.1333,130,200,330,1.5385,110,130,240,1.1818,90,110,200,1.2222,138,79
850,230,650,250,570,820,2.28,180,380,560,2.1111,170,320,490,1.8824,150,190,340,1.2667,130,120,250,0.92308,120,100,220,0.8333299999999999,139,79
860,200,650,220,440,660,2.0,180,320,500,1.7778,170,270,440,1.5882,140,170,310,1.2143,120,120,240,1.0,100,110,210,1.1,139,79
920,210,660,160,480,640,3.0,150,330,480,2.2,130,270,400,2.0769,120,160,280,1.3333,100,120,220,1.2,90,100,190,1.1111,139,79
820,260,610,220,620,840,2.8182,200,450,650,2.25,190,330,520,1.7368,170,220,390,1.2941,160,110,270,0.6875,140,80,220,0.57143,138,79
870,210,650,180,470,650,2.6111,150,320,470,2.1333,140,270,410,1.9286,120,160,280,1.3333,100,120,220,1.2,100,100,200,1.0,138,79
880,220,650,180,490,670,2.7222,160,350,510,2.1875,150,290,440,1.9333,130,160,290,1.2308,110,120,230,1.0909,100,100,200,1.0,138,79
860,230,650,200,510,710,2.55,180,320,500,1.7778,170,270,440,1.5882,140,150,290,1.0714,130,110,240,0.84615,110,90,200,0.81818,139,79
870,210,640,230,450,680,1.9565,190,320,510,1.6842,180,270,450,1.5,150,180,330,1.2,120,130,250,1.0833,110,110,220,1.0,139,79
860,230,640,200,650,850,3.25,170,370,540,2.1765,150,300,450,2.0,140,170,310,1.2143,110,120,230,1.0909,100,100,200,1.0,138,79
880,220,660,170,560,730,3.2941,150,350,500,2.3333,140,290,430,2.0714,120,170,290,1.4167,100,120,220,1.2,90,100,190,1.1111,138,79
870,220,620,180,490,670,2.7222,160,340,500,2.125,150,290,440,1.9333,130,190,320,1.4615,110,130,240,1.1818,100,100,200,1.0,138,79
880,250,650,180,660,840,3.6667,160,370,530,2.3125,150,300,450,2.0,130,170,300,1.3077,110,120,230,1.0909,100,100,200,1.0,138,79
870,230,650,200,420,620,2.1,170,360,530,2.1176,160,310,470,1.9375,150,190,340,1.2667,120,120,240,1.0,110,100,210,0.90909,139,79
870,220,660,240,480,720,2.0,190,360,550,1.8947,180,300,480,1.6667,150,190,340,1.2667,130,130,260,1.0,110,110,220,1.0,140,80
860,210,610,210,430,640,2.0476,170,300,470,1.7647,160,240,400,1.5,140,150,290,1.0714,120,110,230,0.91667,110,90,200,0.81818,140,80
870,210,660,180,480,660,2.6667,150,320,470,2.1333,140,270,410,1.9286,130,150,280,1.1538,110,110,220,1.0,100,90,190,0.9,139,79
1010,280,750,210,590,800,2.8095,180,410,590,2.2778,180,340,520,1.8889,150,240,390,1.6,130,140,270,1.0769,110,110,220,1.0,114,67
1010,260,750,210,510,720,2.4286,190,380,570,2.0,180,320,500,1.7778,150,220,370,1.4667,130,140,270,1.0769,110,110,220,1.0,114,67
1020,260,780,280,510,790,1.8214,210,380,590,1.8095,190,320,510,1.6842,160,230,390,1.4375,140,150,290,1.0714,120,110,230,0.91667,113,67
990,240,650,210,580,790,2.7619,180,400,580,2.2222,170,340,510,2.0,150,230,380,1.5333,130,130,260,1.0,110,100,210,0.90909,113,67
1000,250,750,220,570,790,2.5909,180,390,570,2.1667,170,350,520,2.0588,150,240,390,1.6,130,140,270,1.0769,110,110,220,1.0,114,67
1000,250,750,200,530,730,2.65,180,380,560,2.1111,160,330,490,2.0625,140,240,380,1.7143,120,140,260,1.1667,100,110,210,1.1,114,67
1020,250,780,190,550,740,2.8947,170,400,570,2.3529,160,350,510,2.1875,140,240,380,1.7143,120,150,270,1.25,100,120,220,1.2,114,67
1020,240,780,220,540,760,2.4545,190,400,590,2.1053,180,330,510,1.8333,160,230,390,1.4375,130,140,270,1.0769,120,120,240,1.0,113,67
1010,240,750,260,500,760,1.9231,190,370,560,1.9474,180,320,500,1.7778,150,220,370,1.4667,130,140,270,1.0769,110,110,220,1.0,113,67
1010,280,770,210,530,740,2.5238,180,380,560,2.1111,170,330,500,1.9412,150,220,370,1.4667,130,130,260,1.0,110,100,210,0.90909,113,67
1000,240,770,200,530,730,2.65,170,390,560,2.2941,160,340,500,2.125,140,240,380,1.7143,110,160,270,1.4545,100,120,220,1.2,113,67
1000,230,710,200,570,770,2.85,170,400,570,2.3529,160,350,510,2.1875,140,240,380,1.7143,120,160,280,1.3333,100,120,220,1.2,114,67
1000,280,720,210,490,700,2.3333,180,360,540,2.0,180,310,490,1.7222,150,210,360,1.4,130,130,260,1.0,120,100,220,0.8333299999999999,113,67
1000,280,750,210,500,710,2.381,180,370,550,2.0556,170,320,490,1.8824,150,220,370,1.4667,130,140,270,1.0769,110,110,220,1.0,114,67
1010,250,780,210,490,700,2.3333,180,370,550,2.0556,170,310,480,1.8235,140,210,350,1.5,130,140,270,1.0769,110,110,220,1.0,114,67
1020,230,790,250,500,750,2.0,250,370,620,1.48,190,320,510,1.6842,160,210,370,1.3125,150,150,300,1.0,130,120,250,0.92308,114,67
1000,230,760,190,590,780,3.1053,160,420,580,2.625,160,350,510,2.1875,140,240,380,1.7143,120,140,260,1.1667,100,130,230,1.3,113,67
1000,240,750,200,510,710,2.55,170,370,540,2.1765,170,330,500,1.9412,140,210,350,1.5,130,140,270,1.0769,110,100,210,0.90909,113,67
1010,250,750,210,470,680,2.2381,180,350,530,1.9444,170,300,470,1.7647,150,210,360,1.4,130,130,260,1.0,110,100,210,0.90909,113,67
1010,260,750,210,510,720,2.4286,190,370,560,1.9474,180,320,500,1.7778,160,210,370,1.3125,140,130,270,0.92857,120,110,230,0.91667,114,67
1020,260,790,280,540,820,1.9286,210,390,600,1.8571,190,330,520,1.7368,170,210,380,1.2353,140,120,260,0.85714,120,100,220,0.8333299999999999,114,67
1000,230,730,200,500,700,2.5,170,370,540,2.1765,160,310,470,1.9375,140,220,360,1.5714,120,130,250,1.0833,110,110,220,1.0,113,67
980,270,760,190,520,710,2.7368,160,380,540,2.375,150,330,480,2.2,130,220,350,1.6923,110,140,250,1.2727,90,140,230,1.5556,113,67
1010,220,760,190,510,700,2.6842,170,390,560,2.2941,150,330,480,2.2,140,240,380,1.7143,110,150,260,1.3636,100,120,220,1.2,113,67
1000,250,700,200,570,770,2.85,180,390,570,2.1667,170,340,510,2.0,150,230,380,1.5333,120,140,260,1.1667,120,100,220,0.8333299999999999,114,67
1010,300,700,200,470,670,2.35,170,340,510,2.0,160,290,450,1.8125,140,190,330,1.3571,120,140,260,1.1667,110,120,230,1.0909,114,67
1000,240,750,190,540,730,2.8421,170,390,560,2.2941,160,330,490,2.0625,140,230,370,1.6429,120,140,260,1.1667,100,100,200,1.0,112,67
680,250,670,200,500,700,2.5,180,390,570,2.1667,170,340,510,2.0,150,240,390,1.6,120,140,260,1.1667,110,100,210,0.90909,112,67
1010,260,740,210,480,690,2.2857,190,340,530,1.7895,170,290,460,1.7059,150,220,370,1.4667,130,130,260,1.0,120,100,220,0.8333299999999999,113,67
1010,270,780,210,480,690,2.2857,190,360,550,1.8947,180,300,480,1.6667,160,200,360,1.25,140,130,270,0.92857,120,100,220,0.8333299999999999,113,67
1010,230,780,250,480,730,1.92,210,360,570,1.7143,180,300,480,1.6667,150,230,380,1.5333,130,150,280,1.1538,110,120,230,1.0909,113,67
1000,230,710,190,590,780,3.1053,160,400,560,2.5,160,350,510,2.1875,130,230,360,1.7692,110,140,250,1.2727,100,110,210,1.1,112,67
1000,240,760,190,500,690,2.6316,170,370,540,2.1765,160,320,480,2.0,140,210,350,1.5,120,140,260,1.1667,110,110,220,1.0,112,66
1000,240,700,200,470,670,2.35,180,360,540,2.0,160,350,510,2.1875,150,230,380,1.5333,120,150,270,1.25,110,110,220,1.0,113,67
1020,300,660,200,510,710,2.55,180,390,570,2.1667,160,330,490,2.0625,150,230,380,1.5333,120,150,270,1.25,110,120,230,1.0909,113,67
1000,260,740,210,490,700,2.3333,180,350,530,1.9444,170,300,470,1.7647,150,190,340,1.2667,130,130,260,1.0,110,100,210,0.90909,112,66
1000,280,720,200,500,700,2.5,180,370,550,2.0556,160,320,480,2.0,140,210,350,1.5,120,130,250,1.0833,110,110,220,1.0,112,66
1010,280,720,210,480,690,2.2857,180,400,580,2.2222,160,340,500,2.125,140,240,380,1.7143,120,150,270,1.25,110,110,220,1.0,112,66
1010,290,710,210,570,780,2.7143,180,390,570,2.1667,170,330,500,1.9412,150,220,370,1.4667,120,140,260,1.1667,110,110,220,1.0,112,66
1010,300,660,210,460,670,2.1905,180,360,540,2.0,160,310,470,1.9375,150,210,360,1.4,130,130,260,1.0,120,110,230,0.91667,113,67
1010,270,730,190,520,710,2.7368,170,390,560,2.2941,150,320,470,2.1333,140,220,360,1.5714,110,130,240,1.1818,110,110,220,1.0,112,66
1010,280,760,220,500,720,2.2727,180,400,580,2.2222,170,340,510,2.0,150,230,380,1.5333,120,140,260,1.1667,110,110,220,1.0,112,66
1000,250,690,210,500,710,2.381,180,360,540,2.0,170,310,480,1.8235,150,200,350,1.3333,120,130,250,1.0833,120,100,220,0.8333299999999999,113,67
1030,310,670,200,520,720,2.6,170,380,550,2.2353,160,330,490,2.0625,140,220,360,1.5714,120,140,260,1.1667,100,120,220,1.2,113,67
1020,360,780,240,540,780,2.25,200,400,600,2.0,180,340,520,1.8889,160,220,380,1.375,130,140,270,1.0769,110,110,220,1.0,112,66
1000,240,740,210,480,690,2.2857,180,350,530,1.9444,170,300,470,1.7647,140,200,340,1.4286,120,130,250,1.0833,100,110,210,1.1,112,66
1000,260,740,190,550,740,2.8947,170,400,570,2.3529,160,330,490,2.0625,140,220,360,1.5714,110,130,240,1.1818,100,110,210,1.1,112,66
1000,260,550,200,510,710,2.55,170,370,540,2.1765,170,320,490,1.8824,140,210,350,1.5,130,130,260,1.0,110,100,210,0.90909,112,66
1010,270,700,200,550,750,2.75,180,390,570,2.1667,170,320,490,1.8824,140,210,350,1.5,120,130,250,1.0833,110,110,220,1.0,112,66
1020,310,660,210,490,700,2.3333,180,370,550,2.0556,170,310,480,1.8235,150,210,360,1.4,120,140,260,1.1667,110,110,220,1.0,112,66
1020,250,610,190,540,730,2.8421,170,400,570,2.3529,150,340,490,2.2667,130,230,360,1.7692,110,140,250,1.2727,100,110,210,1.1,111,66
1010,250,710,210,590,800,2.8095,180,400,580,2.2222,170,330,500,1.9412,150,220,370,1.4667,130,140,270,1.0769,110,110,220,1.0,112,66
1020,300,670,200,540,740,2.7,180,390,570,2.1667,170,330,500,1.9412,140,220,360,1.5714,120,140,260,1.1667,110,120,230,1.0909,112,66
1020,350,780,220,530,750,2.4091,190,380,570,2.0,180,330,510,1.8333,160,210,370,1.3125,130,140,270,1.0769,120,110,230,0.91667,112,66
1010,240,750,260,480,740,1.8462,190,350,540,1.8421,180,300,480,1.6667,150,200,350,1.3333,130,130,260,1.0,110,110,220,1.0,111,66
1010,260,640,190,580,770,3.0526,170,400,570,2.3529,160,340,500,2.125,130,230,360,1.7692,110,140,250,1.2727,100,110,210,1.1,111,66
700,260,690,200,490,690,2.45,170,360,530,2.1176,160,310,470,1.9375,140,200,340,1.4286,120,130,250,1.0833,110,110,220,1.0,112,66
1010,260,640,210,500,710,2.381,180,370,550,2.0556,170,320,490,1.8824,140,210,350,1.5,120,140,260,1.1667,110,120,230,1.0909,112,66
1000,240,710,200,490,690,2.45,180,360,540,2.0,160,310,470,1.9375,140,200,340,1.4286,120,130,250,1.0833,110,110,220,1.0,111,66
1010,280,720,200,500,700,2.5,160,370,530,2.3125,160,320,480,2.0,130,210,340,1.6154,120,140,260,1.1667,100,110,210,1.1,112,66
1010,290,710,210,490,700,2.3333,180,360,540,2.0,160,310,470,1.9375,140,210,350,1.5,120,130,250,1.0833,110,110,220,1.0,112,66
1000,300,680,210,560,770,2.6667,180,380,560,2.1111,170,320,490,1.8824,150,210,360,1.4,130,130,260,1.0,110,110,220,1.0,113,66
1030,320,640,200,470,670,2.35,180,350,530,1.9444,170,300,470,1.7647,140,200,340,1.4286,130,140,270,1.0769,100,120,220,1.2,112,66
1010,280,720,190,530,720,2.7895,170,380,550,2.2353,160,320,480,2.0,130,210,340,1.6154,120,130,250,1.0833,100,110,210,1.1,112,66
1010,290,780,200,490,690,2.45,170,370,540,2.1765,150,320,470,2.1333,130,210,340,1.6154,100,140,240,1.4,100,110,210,1.1,112,66
1030,230,690,190,510,700,2.6842,160,380,540,2.375,150,320,470,2.1333,130,210,340,1.6154,110,140,250,1.2727,90,120,210,1.3333,113,66
1020,340,640,210,470,680,2.2381,180,350,530,1.9444,180,290,470,1.6111,160,190,350,1.1875,140,120,260,0.85714,120,100,220,0.8333299999999999,112,66
1010,380,780,230,520,750,2.2609,200,390,590,1.95,180,330,510,1.8333,160,210,370,1.3125,130,140,270,1.0769,120,110,230,0.91667,112,66
990,230,720,250,470,720,1.88,200,350,550,1.75,180,290,470,1.6111,160,190,350,1.1875,140,130,270,0.92857,130,110,240,0.84615,112,66
990,280,600,200,610,810,3.05,170,410,580,2.4118,160,320,480,2.0,130,210,340,1.6154,110,130,240,1.1818,90,110,200,1.2222,111,66
1030,240,650,190,470,660,2.4737,170,350,520,2.0588,160,300,460,1.875,140,190,330,1.3571,110,130,240,1.1818,100,110,210,1.1,112,66
1050,320,780,200,500,700,2.5,170,370,540,2.1765,160,320,480,2.0,140,210,350,1.5,120,130,250,1.0833,100,100,200,1.0,111,65
960,270,660,250,450,700,1.8,220,330,550,1.5,200,280,480,1.4,190,170,360,0.89474,160,110,270,0.6875,140,80,220,0.57143,110,65
1030,300,670,190,600,790,3.1579,160,400,560,2.5,150,340,490,2.2667,130,220,350,1.6923,110,140,250,1.2727,100,120,220,1.2,111,65
1000,360,550,210,460,670,2.1905,180,330,510,1.8333,170,270,440,1.5882,160,160,320,1.0,130,100,230,0.76923,120,80,200,0.66667,111,65
1000,310,690,190,610,800,3.2105,160,410,570,2.5625,160,340,500,2.125,130,230,360,1.7692,120,140,260,1.1667,100,110,210,1.1,110,65
1020,310,650,190,500,690,2.6316,170,370,540,2.1765,150,320,470,2.1333,140,200,340,1.4286,110,140,250,1.2727,90,120,210,1.3333,109,64
1030,370,750,200,460,660,2.3,180,320,500,1.7778,170,270,440,1.5882,150,160,310,1.0667,120,110,230,0.91667,110,100,210,0.90909,110,64
1000,280,790,230,520,750,2.2609,200,380,580,1.9,190,320,510,1.6842,160,210,370,1.3125,140,130,270,0.92857,120,110,230,0.91667,110,65
1030,210,720,230,460,690,2.0,230,350,580,1.5217,190,290,480,1.5263,150,180,330,1.2,120,130,250,1.0833,110,120,230,1.0909,110,65
1010,310,690,190,580,770,3.0526,170,440,610,2.5882,150,360,510,2.4,130,240,370,1.8462,110,140,250,1.2727,100,120,220,1.2,109,64
980,240,750,190,510,700,2.6842,160,380,540,2.375,150,320,470,2.1333,130,210,340,1.6154,110,150,260,1.3636,100,110,210,1.1,108,64
1010,290,700,190,510,700,2.6842,160,380,540,2.375,160,330,490,2.0625,130,210,340,1.6154,120,130,250,1.0833,100,110,210,1.1,108,64
1020,310,690,230,460,690,2.0,170,350,520,2.0588,160,300,460,1.875,140,240,380,1.7143,120,160,280,1.3333,100,120,220,1.2,107,64
1030,330,650,200,570,770,2.85,180,390,570,2.1667,170,330,500,1.9412,150,200,350,1.3333,120,130,250,1.0833,110,100,210,0.90909,108,64
1040,380,810,210,480,690,2.2857,180,360,540,2.0,170,310,480,1.8235,140,210,350,1.5,120,140,260,1.1667,110,120,230,1.0909,109,64
940,220,670,220,500,720,2.2727,160,380,540,2.375,150,320,470,2.1333,130,220,350,1.6923,110,150,260,1.3636,90,120,210,1.3333,108,64
980,270,640,190,490,680,2.5789,160,350,510,2.1875,150,290,440,1.9333,130,200,330,1.5385,110,130,240,1.1818,100,120,220,1.2,108,64
980,340,660,230,600,830,2.6087,190,400,590,2.1053,170,330,500,1.9412,160,210,370,1.3125,120,140,260,1.1667,110,110,220,1.0,108,64
1000,320,780,200,490,690,2.45,180,370,550,2.0556,160,300,460,1.875,140,200,340,1.4286,120,140,260,1.1667,100,120,220,1.2,109,64
1020,220,680,240,470,710,1.9583,170,360,530,2.1176,170,300,470,1.7647,130,200,330,1.5385,110,150,260,1.3636,100,120,220,1.2,108,63
1010,340,700,190,530,720,2.7895,160,380,540,2.375,150,330,480,2.2,130,210,340,1.6154,110,140,250,1.2727,100,110,210,1.1,107,63
1010,310,720,200,480,680,2.4,170,350,520,2.0588,160,300,460,1.875,130,190,320,1.4615,120,130,250,1.0833,100,100,200,1.0,108,63
1020,290,780,200,600,800,3.0,170,400,570,2.3529,160,330,490,2.0625,130,210,340,1.6154,110,140,250,1.2727,100,120,220,1.2,108,63
1010,240,610,200,480,680,2.4,180,360,540,2.0,160,310,470,1.9375,150,190,340,1.2667,120,130,250,1.0833,120,110,230,0.91667,109,64
1020,280,630,190,540,730,2.8421,160,390,550,2.4375,150,320,470,2.1333,130,200,330,1.5385,110,130,240,1.1818,100,110,210,1.1,108,64
1020,390,690,200,500,700,2.5,170,360,530,2.1176,170,300,470,1.7647,140,190,330,1.3571,120,140,260,1.1667,110,100,210,0.90909,108,63
1000,330,790,290,690,980,2.3793,190,400,590,2.1053,170,350,520,2.0588,140,220,360,1.5714,130,140,270,1.0769,110,120,230,1.0909,107,63
1030,210,680,180,560,740,3.1111,150,400,550,2.6667,150,350,500,2.3333,130,230,360,1.7692,110,150,260,1.3636,90,120,210,1.3333,108,63
1030,350,610,200,460,660,2.3,170,360,530,2.1176,170,310,480,1.8235,140,200,340,1.4286,120,140,260,1.1667,110,120,230,1.0909,108,64
1000,390,700,200,570,770,2.85,170,380,550,2.2353,160,310,470,1.9375,140,190,330,1.3571,120,120,240,1.0,110,100,210,0.90909,108,64
1020,320,810,200,500,700,2.5,160,380,540,2.375,160,320,480,2.0,140,200,340,1.4286,120,130,250,1.0833,100,110,210,1.1,107,63
1000,210,640,190,440,630,2.3158,180,320,500,1.7778,170,270,440,1.5882,140,170,310,1.2143,120,120,240,1.0,110,100,210,0.90909,107,63
1020,360,700,190,480,670,2.5263,170,360,530,2.1176,160,300,460,1.875,140,200,340,1.4286,110,130,240,1.1818,100,110,210,1.1,108,64
1020,230,680,190,490,680,2.5789,160,360,520,2.25,150,310,460,2.0667,130,190,320,1.4615,110,140,250,1.2727,100,110,210,1.1,108,64
1010,350,720,180,510,690,2.8333,160,380,540,2.375,140,330,470,2.3571,130,210,340,1.6154,90,140,230,1.5556,90,120,210,1.3333,107,64
1020,290,680,190,480,670,2.5263,150,360,510,2.4,150,310,460,2.0667,130,190,320,1.4615,110,130,240,1.1818,100,110,210,1.1,107,64
930,340,610,210,550,760,2.619,170,380,550,2.2353,170,310,480,1.8235,140,180,320,1.2857,120,130,250,1.0833,110,100,210,0.90909,107,64
1000,340,640,200,600,800,3.0,170,410,580,2.4118,170,330,500,1.9412,140,200,340,1.4286,130,130,260,1.0,110,100,210,0.90909,107,64
1010,360,760,190,500,690,2.6316,170,370,540,2.1765,150,320,470,2.1333,130,220,350,1.6923,110,130,240,1.1818,100,110,210,1.1,107,64
1000,250,780,180,500,680,2.7778,150,360,510,2.4,140,310,450,2.2143,130,200,330,1.5385,110,130,240,1.1818,100,110,210,1.1,106,63
1030,220,640,180,490,670,2.7222,150,390,540,2.6,150,330,480,2.2,120,240,360,2.0,110,160,270,1.4545,90,130,220,1.4444,106,63
1010,390,710,200,520,720,2.6,170,390,560,2.2941,170,310,480,1.8235,140,190,330,1.3571,130,130,260,1.0,110,110,220,1.0,107,63
1040,300,680,190,500,690,2.6316,160,390,550,2.4375,150,340,490,2.2667,130,230,360,1.7692,110,150,260,1.3636,100,130,230,1.3,107,64
980,380,750,180,630,810,3.5,160,420,580,2.625,150,370,520,2.4667,130,230,360,1.7692,110,140,250,1.2727,100,120,220,1.2,107,64
970,230,730,200,490,690,2.45,160,360,520,2.25,160,300,460,1.875,130,190,320,1.4615,120,130,250,1.0833,100,100,200,1.0,107,63
990,400,630,190,500,690,2.6316,160,380,540,2.375,150,330,480,2.2,130,210,340,1.6154,110,140,250,1.2727,90,120,210,1.3333,108,64
1010,320,690,190,560,750,2.9474,160,390,550,2.4375,160,340,500,2.125,140,200,340,1.4286,120,130,250,1.0833,100,100,200,1.0,106,63
1020,340,750,190,500,690,2.6316,170,380,550,2.2353,160,320,480,2.0,130,210,340,1.6154,120,140,260,1.1667,100,110,210,1.1,106,63
1030,270,630,200,470,670,2.35,170,350,520,2.0588,150,300,450,2.0,130,190,320,1.4615,100,130,230,1.3,90,110,200,1.2222,106,63
1040,400,650,200,560,760,2.8,180,400,580,2.2222,170,340,510,2.0,140,220,360,1.5714,120,140,260,1.1667,110,110,220,1.0,107,63
980,220,730,240,490,730,2.0417,180,340,520,1.8889,160,300,460,1.875,140,190,330,1.3571,120,140,260,1.1667,110,110,220,1.0,106,63
1040,330,730,190,540,730,2.8421,160,380,540,2.375,160,330,490,2.0625,130,210,340,1.6154,110,140,250,1.2727,100,110,210,1.1,105,62
980,310,620,220,460,680,2.0909,200,330,530,1.65,180,290,470,1.6111,160,180,340,1.125,140,110,250,0.78571,130,90,220,0.69231,105,62
1020,360,630,190,480,670,2.5263,170,370,540,2.1765,150,320,470,2.1333,140,200,340,1.4286,110,140,250,1.2727,100,120,220,1.2,105,62
1020,390,790,210,460,670,2.1905,170,340,510,2.0,170,280,450,1.6471,140,170,310,1.2143,120,110,230,0.91667,110,90,200,0.81818,105,62
1080,230,790,250,530,780,2.12,190,410,600,2.1579,180,360,540,2.0,140,250,390,1.7857,120,160,280,1.3333,100,130,230,1.3,105,62
1000,330,770,180,530,710,2.9444,160,390,550,2.4375,150,330,480,2.2,130,210,340,1.6154,110,130,240,1.1818,90,110,200,1.2222,104,62
1010,250,640,190,600,790,3.1579,160,410,570,2.5625,150,340,490,2.2667,130,210,340,1.6154,110,140,250,1.2727,100,110,210,1.1,104,62
1020,370,630,190,510,700,2.6842,170,370,540,2.1765,160,300,460,1.875,140,190,330,1.3571,110,120,230,1.0909,110,110,220,1.0,104,62
1010,390,810,190,650,840,3.4211,170,390,560,2.2941,160,330,490,2.0625,130,200,330,1.5385,120,140,260,1.1667,100,120,220,1.2,105,62
1040,200,640,220,470,690,2.1364,220,340,560,1.5455,190,270,460,1.4211,140,180,320,1.2857,120,140,260,1.1667,100,120,220,1.2,105,62
1020,280,720,190,520,710,2.7368,170,390,560,2.2941,150,320,470,2.1333,130,210,340,1.6154,110,130,240,1.1818,100,110,210,1.1,103,61
1020,300,700,200,470,670,2.35,160,350,510,2.1875,150,280,430,1.8667,130,170,300,1.3077,120,140,260,1.1667,100,120,220,1.2,103,61
750,320,670,190,530,720,2.7895,170,390,560,2.2941,160,340,500,2.125,140,220,360,1.5714,120,150,270,1.25,100,120,220,1.2,104,61
1010,230,700,190,480,670,2.5263,160,350,510,2.1875,160,290,450,1.8125,130,190,320,1.4615,120,140,260,1.1667,100,110,210,1.1,104,62
1030,320,780,180,530,710,2.9444,150,390,540,2.6,150,330,480,2.2,130,210,340,1.6154,100,140,240,1.4,90,120,210,1.3333,103,61
1010,250,730,200,470,670,2.35,180,340,520,1.8889,170,280,450,1.6471,140,170,310,1.2143,120,140,260,1.1667,100,110,210,1.1,103,61
1030,280,590,190,560,750,2.9474,170,400,570,2.3529,150,330,480,2.2,130,210,340,1.6154,110,140,250,1.2727,100,120,220,1.2,104,61
1000,270,730,190,520,710,2.7368,170,380,550,2.2353,160,330,490,2.0625,130,210,340,1.6154,120,130,250,1.0833,100,100,200,1.0,104,61
1020,270,800,200,510,710,2.55,160,390,550,2.4375,150,340,490,2.2667,130,230,360,1.7692,110,150,260,1.3636,90,130,220,1.4444,103,61
1030,220,710,180,540,720,3.0,150,390,540,2.6,140,330,470,2.3571,130,210,340,1.6154,100,150,250,1.5,90,120,210,1.3333,103,61
1030,320,650,200,480,680,2.4,180,350,530,1.9444,160,280,440,1.75,140,190,330,1.3571,120,140,260,1.1667,100,120,220,1.2,104,61
1030,220,610,180,540,720,3.0,160,380,540,2.375,150,320,470,2.1333,120,200,320,1.6667,110,140,250,1.2727,90,110,200,1.2222,104,62
1030,270,650,170,550,720,3.2353,160,420,580,2.625,150,370,520,2.4667,130,260,390,2.0,110,130,240,1.1818,100,110,210,1.1,103,61
1020,380,720,190,500,690,2.6316,160,380,540,2.375,160,320,480,2.0,130,210,340,1.6154,120,140,260,1.1667,100,110,210,1.1,103,61
1040,300,700,180,480,660,2.6667,160,350,510,2.1875,150,290,440,1.9333,130,180,310,1.3846,110,160,270,1.4545,100,120,220,1.2,103,61
1030,340,650,200,480,680,2.4,180,350,530,1.9444,170,290,460,1.7059,140,190,330,1.3571,120,130,250,1.0833,100,110,210,1.1,103,61
980,260,750,180,610,790,3.3889,160,430,590,2.6875,150,360,510,2.4,140,240,380,1.7143,110,140,250,1.2727,100,110,210,1.1,102,61
1020,350,720,180,520,700,2.8889,160,400,560,2.5,150,330,480,2.2,130,210,340,1.6154,110,130,240,1.1818,100,110,210,1.1,101,60
1020,300,640,200,490,690,2.45,170,350,520,2.0588,160,290,450,1.8125,130,180,310,1.3846,120,140,260,1.1667,100,120,220,1.2,102,60
1020,380,620,200,570,770,2.85,170,410,580,2.4118,160,360,520,2.25,140,240,380,1.7143,120,160,280,1.3333,100,120,220,1.2,102,61
1020,210,730,180,490,670,2.7222,160,360,520,2.25,140,310,450,2.2143,130,200,330,1.5385,110,140,250,1.2727,100,120,220,1.2,102,60
1040,220,700,170,550,720,3.2353,150,410,560,2.7333,140,360,500,2.5714,120,210,330,1.75,100,140,240,1.4,90,120,210,1.3333,101,60
1020,340,710,200,490,690,2.45,170,350,520,2.0588,160,290,450,1.8125,140,170,310,1.2143,120,130,250,1.0833,100,110,210,1.1,100,60
1000,240,660,200,470,670,2.35,180,350,530,1.9444,160,280,440,1.75,140,170,310,1.2143,120,140,260,1.1667,110,120,230,1.0909,101,60
1030,340,740,190,550,740,2.8947,160,410,570,2.5625,150,350,500,2.3333,130,220,350,1.6923,100,140,240,1.4,100,120,220,1.2,100,60
1010,290,720,210,510,720,2.4286,170,390,560,2.2941,160,330,490,2.0625,140,230,370,1.6429,120,140,260,1.1667,110,110,220,1.0,100,60
1020,290,690,190,540,730,2.8421,160,390,550,2.4375,140,340,480,2.4286,130,210,340,1.6154,110,150,260,1.3636,100,120,220,1.2,100,60
1050,330,790,180,500,680,2.7778,160,370,530,2.3125,150,310,460,2.0667,130,200,330,1.5385,110,160,270,1.4545,90,130,220,1.4444,101,60
990,210,620,200,470,670,2.35,170,350,520,2.0588,150,350,500,2.3333,140,180,320,1.2857,110,130,240,1.1818,110,110,220,1.0,101,60
1000,370,680,180,620,800,3.4444,160,420,580,2.625,140,360,500,2.5714,130,230,360,1.7692,110,140,250,1.2727,100,120,220,1.2,100,60
1000,240,750,210,540,750,2.5714,180,380,560,2.1111,170,330,500,1.9412,150,220,370,1.4667,130,130,260,1.0,110,100,210,0.90909,132,78
1010,250,760,200,490,690,2.45,180,350,530,1.9444,170,290,460,1.7059,150,240,390,1.6,130,140,270,1.0769,120,110,230,0.91667,132,78
1020,250,790,240,560,800,2.3333,190,410,600,2.1579,180,360,540,2.0,160,250,410,1.5625,140,150,290,1.0714,120,120,240,1.0,132,78
1010,230,750,250,460,710,1.84,190,350,540,1.8421,170,300,470,1.7647,150,200,350,1.3333,120,130,250,1.0833,110,110,220,1.0,132,78
1000,260,750,200,580,780,2.9,170,390,560,2.2941,170,330,500,1.9412,140,220,360,1.5714,120,130,250,1.0833,110,100,210,0.90909,132,77
1010,260,740,200,490,690,2.45,170,370,540,2.1765,170,320,490,1.8824,140,210,350,1.5,120,130,250,1.0833,110,100,210,0.90909,130,76
980,270,730,200,460,660,2.3,180,350,530,1.9444,160,320,480,2.0,140,220,360,1.5714,120,130,250,1.0833,100,110,210,1.1,130,76
1010,250,770,200,490,690,2.45,180,360,540,2.0,170,310,480,1.8235,150,210,360,1.4,130,140,270,1.0769,120,100,220,0.8333299999999999,130,76
1010,240,730,260,480,740,1.8462,230,390,620,1.6957,210,360,570,1.7143,170,250,420,1.4706,140,150,290,1.0714,130,120,250,0.92308,130,76
1010,280,730,190,480,670,2.5263,170,350,520,2.0588,150,310,460,2.0667,140,190,330,1.3571,110,120,230,1.0909,100,100,200,1.0,129,75
1010,220,780,190,510,700,2.6842,160,390,550,2.4375,150,340,490,2.2667,130,230,360,1.7692,120,130,250,1.0833,100,110,210,1.1,127,74
1010,250,780,220,580,800,2.6364,190,440,630,2.3158,190,370,560,1.9474,160,270,430,1.6875,150,150,300,1.0,130,110,240,0.84615,128,74
1000,230,760,250,520,770,2.08,210,390,600,1.8571,190,340,530,1.7895,170,240,410,1.4118,140,140,280,1.0,130,110,240,0.84615,127,74
1010,260,740,210,640,850,3.0476,180,430,610,2.3889,170,370,540,2.1765,150,260,410,1.7333,130,150,280,1.1538,120,110,230,0.91667,125,73
1010,270,760,230,590,820,2.5652,190,450,640,2.3684,180,390,570,2.1667,160,270,430,1.6875,140,170,310,1.2143,120,120,240,1.0,126,73
980,250,760,270,560,830,2.0741,200,420,620,2.1,190,370,560,1.9474,160,270,430,1.6875,140,160,300,1.1429,120,120,240,1.0,127,74
1000,220,640,220,470,690,2.1364,170,360,530,2.1176,170,310,480,1.8235,140,200,340,1.4286,120,120,240,1.0,110,100,210,0.90909,126,74
1000,280,680,200,520,720,2.6,170,390,560,2.2941,160,330,490,2.0625,140,220,360,1.5714,120,130,250,1.0833,110,100,210,0.90909,125,73
1010,320,760,200,560,760,2.8,170,400,570,2.3529,170,340,510,2.0,140,240,380,1.7143,120,140,260,1.1667,110,110,220,1.0,125,73
1020,240,790,200,540,740,2.7,180,390,570,2.1667,170,340,510,2.0,150,230,380,1.5333,120,140,260,1.1667,110,110,220,1.0,126,73
990,230,750,250,520,770,2.08,200,390,590,1.95,180,340,520,1.8889,160,250,410,1.5625,140,160,300,1.1429,110,130,240,1.1818,126,73
1000,240,690,210,700,910,3.3333,170,440,610,2.5882,160,370,530,2.3125,140,250,390,1.7857,120,140,260,1.1667,100,120,220,1.2,125,73
990,310,770,200,530,730,2.65,170,390,560,2.2941,160,330,490,2.0625,140,220,360,1.5714,120,130,250,1.0833,110,100,210,0.90909,125,73
1010,220,780,190,520,710,2.7368,160,390,550,2.4375,160,340,500,2.125,140,230,370,1.6429,110,140,250,1.2727,100,110,210,1.1,125,73
1020,230,770,200,560,760,2.8,170,410,580,2.4118,160,350,510,2.1875,140,240,380,1.7143,130,130,260,1.0,110,110,220,1.0,125,73
990,250,790,210,620,830,2.9524,190,420,610,2.2105,180,350,530,1.9444,150,240,390,1.6,130,140,270,1.0769,120,110,230,0.91667,126,73
1020,200,820,220,550,770,2.5,220,420,640,1.9091,220,360,580,1.6364,180,250,430,1.3889,140,160,300,1.1429,120,130,250,1.0833,126,73
1020,230,750,250,550,800,2.2,210,410,620,1.9524,190,360,550,1.8947,170,250,420,1.4706,140,140,280,1.0,130,110,240,0.84615,127,73
1060,250,760,200,560,760,2.8,180,420,600,2.3333,170,360,530,2.1176,150,260,410,1.7333,130,140,270,1.0769,110,110,220,1.0,126,73
1020,240,780,220,530,750,2.4091,190,370,560,1.9474,180,320,500,1.7778,150,190,340,1.2667,130,100,230,0.76923,120,80,200,0.66667,127,74
1010,240,770,260,510,770,1.9615,230,380,610,1.6522,200,330,530,1.65,170,230,400,1.3529,150,150,300,1.0,130,110,240,0.84615,128,74
1020,310,780,190,560,750,2.9474,170,420,590,2.4706,160,350,510,2.1875,130,250,380,1.9231,110,140,250,1.2727,100,110,210,1.1,128,74
1010,240,760,200,520,720,2.6,180,400,580,2.2222,170,350,520,2.0588,150,260,410,1.7333,120,160,280,1.3333,110,120,230,1.0909,128,74
1000,250,730,200,530,730,2.65,180,380,560,2.1111,170,320,490,1.8824,150,220,370,1.4667,120,130,250,1.0833,110,100,210,0.90909,128,74
1000,270,750,210,510,720,2.4286,190,350,540,1.8421,180,310,490,1.7222,150,190,340,1.2667,130,140,270,1.0769,120,110,230,0.91667,128,74
1010,250,790,220,540,760,2.4545,190,380,570,2.0,180,330,510,1.8333,150,230,380,1.5333,130,140,270,1.0769,120,110,230,0.91667,128,74
1010,220,710,240,470,710,1.9583,210,340,550,1.619,180,300,480,1.6667,160,200,360,1.25,130,130,260,1.0,120,110,230,0.91667,129,74
1010,300,720,190,600,790,3.1579,170,400,570,2.3529,150,350,500,2.3333,130,230,360,1.7692,120,130,250,1.0833,100,100,200,1.0,128,74
1010,290,780,190,500,690,2.6316,160,380,540,2.375,150,320,470,2.1333,140,220,360,1.5714,110,140,250,1.2727,100,110,210,1.1,127,74
1000,230,770,220,480,700,2.1818,180,350,530,1.9444,170,310,480,1.8235,150,240,390,1.6,120,140,260,1.1667,110,110,220,1.0,127,73
1030,230,790,190,540,730,2.8421,170,390,560,2.2941,160,340,500,2.125,140,240,380,1.7143,120,150,270,1.25,100,120,220,1.2,127,74
970,240,750,260,540,800,2.0769,210,410,620,1.9524,190,360,550,1.8947,170,270,440,1.5882,150,160,310,1.0667,120,120,240,1.0,127,74
1020,240,760,220,520,740,2.3636,180,410,590,2.2778,170,390,560,2.2941,150,280,430,1.8667,130,160,290,1.2308,110,130,240,1.1818,125,73
1010,260,780,260,490,750,1.8846,210,400,610,1.9048,200,380,580,1.9,180,270,450,1.5,150,160,310,1.0667,140,110,250,0.78571,126,73
990,230,710,250,500,750,2.0,220,380,600,1.7273,200,330,530,1.65,160,230,390,1.4375,150,140,290,0.93333,130,110,240,0.84615,126,73
1010,270,770,190,570,760,3.0,170,410,580,2.4118,160,360,520,2.25,140,250,390,1.7857,120,130,250,1.0833,100,110,210,1.1,125,73
1000,240,770,220,510,730,2.3182,180,410,590,2.2778,170,360,530,2.1176,150,240,390,1.6,130,140,270,1.0769,110,110,220,1.0,125,72
1000,230,770,200,480,680,2.4,180,360,540,2.0,160,310,470,1.9375,140,200,340,1.4286,120,120,240,1.0,110,100,210,0.90909,125,72
1040,230,760,200,520,720,2.6,170,400,570,2.3529,160,350,510,2.1875,140,250,390,1.7857,120,150,270,1.25,100,120,220,1.2,125,72
1000,230,760,200,570,770,2.85,170,400,570,2.3529,160,340,500,2.125,140,250,390,1.7857,120,160,280,1.3333,100,120,220,1.2,123,72
1020,250,770,210,530,740,2.5238,200,380,580,1.9,180,330,510,1.8333,160,230,390,1.4375,140,140,280,1.0,120,110,230,0.91667,123,72
1000,250,680,270,510,780,1.8889,210,390,600,1.8571,200,340,540,1.7,180,240,420,1.3333,140,160,300,1.1429,130,120,250,0.92308,124,72
990,320,740,210,600,810,2.8571,180,390,570,2.1667,170,340,510,2.0,140,230,370,1.6429,130,130,260,1.0,110,110,220,1.0,124,72
1000,250,730,190,570,760,3.0,170,410,580,2.4118,150,350,500,2.3333,140,240,380,1.7143,110,140,250,1.2727,90,110,200,1.2222,124,72
990,270,750,190,540,730,2.8421,170,400,570,2.3529,160,340,500,2.125,140,230,370,1.6429,110,140,250,1.2727,100,120,220,1.2,123,72
990,240,740,200,500,700,2.5,170,370,540,2.1765,160,320,480,2.0,140,220,360,1.5714,130,130,260,1.0,110,100,210,0.90909,123,72
1000,250,750,200,510,710,2.55,180,370,550,2.0556,160,320,480,2.0,150,220,370,1.4667,120,130,250,1.0833,110,110,220,1.0,123,72
1010,250,770,200,490,690,2.45,190,360,550,1.8947,170,310,480,1.8235,160,220,380,1.375,130,140,270,1.0769,120,110,230,0.91667,124,72
1010,240,740,260,490,750,1.8846,260,360,620,1.3846,210,310,520,1.4762,180,210,390,1.1667,140,130,270,0.92857,120,110,230,0.91667,125,72
1000,270,720,190,540,730,2.8421,170,390,560,2.2941,160,330,490,2.0625,130,210,340,1.6154,120,130,250,1.0833,100,100,200,1.0,125,72
1000,240,760,190,520,710,2.7368,170,390,560,2.2941,150,330,480,2.2,140,230,370,1.6429,110,140,250,1.2727,100,120,220,1.2,124,72
980,240,740,200,460,660,2.3,180,350,530,1.9444,170,300,470,1.7647,140,190,330,1.3571,120,120,240,1.0,100,100,200,1.0,123,72
1010,240,780,260,510,770,1.9615,190,370,560,1.9474,170,310,480,1.8235,150,200,350,1.3333,120,130,250,1.0833,110,90,200,0.81818,124,72
1000,230,720,250,470,720,1.88,200,350,550,1.75,180,310,490,1.7222,160,210,370,1.3125,130,130,260,1.0,120,110,230,0.91667,125,72
980,230,740,180,550,730,3.0556,160,400,560,2.5,140,350,490,2.5,130,240,370,1.8462,110,150,260,1.3636,90,120,210,1.3333,124,72
970,240,720,200,540,740,2.7,170,420,590,2.4706,160,370,530,2.3125,140,270,410,1.9286,120,140,260,1.1667,110,110,220,1.0,123,72
990,250,750,190,690,880,3.6316,170,410,580,2.4118,160,360,520,2.25,130,240,370,1.8462,110,140,250,1.2727,100,120,220,1.2,123,72
990,240,760,200,490,690,2.45,180,350,530,1.9444,170,300,470,1.7647,160,240,400,1.5,130,140,270,1.0769,120,110,230,0.91667,124,72
1010,230,770,250,550,800,2.2,190,420,610,2.2105,190,370,560,1.9474,150,270,420,1.8,140,160,300,1.1429,120,120,240,1.0,124,72
1000,240,700,200,470,670,2.35,170,340,510,2.0,170,300,470,1.7647,140,180,320,1.2857,120,120,240,1.0,110,100,210,0.90909,125,72
980,300,710,200,580,780,2.9,180,410,590,2.2778,160,350,510,2.1875,150,240,390,1.6,130,130,260,1.0,120,100,220,0.8333299999999999,124,72
990,270,730,200,700,900,3.5,180,450,630,2.5,160,390,550,2.4375,140,240,380,1.7143,120,130,250,1.0833,100,110,210,1.1,124,72
980,260,730,220,500,720,2.2727,190,370,560,1.9474,180,330,510,1.8333,150,220,370,1.4667,130,120,250,0.92308,120,100,220,0.8333299999999999,124,72
1000,250,750,200,540,740,2.7,180,420,600,2.3333,170,350,520,2.0588,150,240,390,1.6,130,150,280,1.1538,110,110,220,1.0,125,73
1010,250,760,210,590,800,2.8095,190,380,570,2.0,180,330,510,1.8333,160,230,390,1.4375,130,150,280,1.1538,120,110,230,0.91667,126,73
1010,250,740,270,500,770,1.8519,270,410,680,1.5185,210,360,570,1.7143,180,260,440,1.4444,160,160,320,1.0,130,120,250,0.92308,126,73
1000,270,710,210,530,740,2.5238,180,390,570,2.1667,170,330,500,1.9412,150,220,370,1.4667,130,130,260,1.0,110,100,210,0.90909,126,73
1000,290,490,210,500,710,2.381,180,410,590,2.2778,170,350,520,2.0588,150,240,390,1.6,130,130,260,1.0,120,100,220,0.8333299999999999,126,73
990,250,730,220,580,800,2.6364,180,410,590,2.2778,180,360,540,2.0,150,250,400,1.6667,130,140,270,1.0769,110,110,220,1.0,126,73
1010,260,750,210,700,910,3.3333,190,410,600,2.1579,170,350,520,2.0588,160,240,400,1.5,140,130,270,0.92857,120,110,230,0.91667,126,73
1000,260,770,240,630,870,2.625,210,400,610,1.9048,190,340,530,1.7895,170,230,400,1.3529,150,140,290,0.93333,130,110,240,0.84615,127,74
1000,230,740,250,470,720,1.88,200,350,550,1.75,180,300,480,1.6667,160,250,410,1.5625,140,130,270,0.92857,120,110,230,0.91667,127,74
1010,240,740,200,510,710,2.55,170,380,550,2.2353,160,320,480,2.0,140,220,360,1.5714,120,140,260,1.1667,110,110,220,1.0,127,74
1010,270,770,200,500,700,2.5,180,370,550,2.0556,170,310,480,1.8235,150,200,350,1.3333,130,120,250,0.92308,120,90,210,0.75,127,74
1000,240,770,260,540,800,2.0769,210,400,610,1.9048,190,350,540,1.8421,170,250,420,1.4706,140,150,290,1.0714,130,110,240,0.84615,128,74
1000,230,710,210,480,690,2.2857,180,360,540,2.0,160,300,460,1.875,140,200,340,1.4286,120,130,250,1.0833,110,110,220,1.0,128,74
990,240,710,200,550,750,2.75,170,400,570,2.3529,170,340,510,2.0,140,240,380,1.7143,130,130,260,1.0,110,100,210,0.90909,127,74
1000,280,750,190,530,720,2.7895,160,390,550,2.4375,160,330,490,2.0625,140,230,370,1.6429,130,140,270,1.0769,110,100,210,0.90909,126,73
980,250,750,230,510,740,2.2174,200,380,580,1.9,190,330,520,1.7368,160,240,400,1.5,150,140,290,0.93333,140,110,250,0.78571,126,73
960,230,770,250,520,770,2.08,220,400,620,1.8182,190,350,540,1.8421,160,260,420,1.625,140,170,310,1.2143,120,120,240,1.0,126,73
1040,280,730,200,570,770,2.85,170,400,570,2.3529,170,350,520,2.0588,140,240,380,1.7143,130,130,260,1.0,110,100,210,0.90909,125,73
950,310,690,260,480,740,1.8462,220,350,570,1.5909,210,300,510,1.4286,190,210,400,1.1053,170,110,280,0.6470600000000001,150,80,230,0.53333,125,73
1000,260,730,210,530,740,2.5238,170,380,550,2.2353,170,340,510,2.0,140,230,370,1.6429,120,140,260,1.1667,110,110,220,1.0,125,73
1010,270,760,210,510,720,2.4286,180,370,550,2.0556,170,310,480,1.8235,150,190,340,1.2667,120,110,230,0.91667,120,90,210,0.75,125,73
1010,250,790,210,500,710,2.381,190,370,560,1.9474,180,320,500,1.7778,160,220,380,1.375,130,140,270,1.0769,120,120,240,1.0,125,73
1010,220,710,240,470,710,1.9583,240,360,600,1.5,200,300,500,1.5,160,190,350,1.1875,140,130,270,0.92857,120,120,240,1.0,126,73
1000,300,700,190,590,780,3.1053,160,400,560,2.5,160,340,500,2.125,140,230,370,1.6429,120,130,250,1.0833,100,110,210,1.1,126,73
1000,290,760,180,500,680,2.7778,160,370,530,2.3125,150,320,470,2.1333,130,210,340,1.6154,110,140,250,1.2727,100,110,210,1.1,125,73
1000,240,760,190,450,640,2.3684,170,330,500,1.9412,160,280,440,1.75,140,210,350,1.5,110,140,250,1.2727,100,120,220,1.2,125,73
1010,240,780,190,560,750,2.9474,170,400,570,2.3529,160,340,500,2.125,140,240,380,1.7143,120,150,270,1.25,100,120,220,1.2,125,73
1020,230,780,250,550,800,2.2,190,410,600,2.1579,180,350,530,1.9444,150,260,410,1.7333,130,170,300,1.3077,120,140,260,1.1667,126,73
1000,240,650,210,460,670,2.1905,170,340,510,2.0,170,290,460,1.7059,140,190,330,1.3571,120,130,250,1.0833,100,110,210,1.1,126,73
980,230,700,180,530,710,2.9444,170,390,560,2.2941,150,330,480,2.2,130,220,350,1.6923,110,130,240,1.1818,100,110,210,1.1,125,73
990,280,720,200,480,680,2.4,170,390,560,2.2941,160,350,510,2.1875,140,230,370,1.6429,120,140,260,1.1667,110,110,220,1.0,125,72
1010,270,760,190,600,790,3.1579,170,400,570,2.3529,150,340,490,2.2667,140,240,380,1.7143,110,140,250,1.2727,110,110,220,1.0,125,72
1010,250,770,210,460,670,2.1905,180,370,550,2.0556,170,320,490,1.8824,150,230,380,1.5333,130,140,270,1.0769,110,110,220,1.0,126,73
1010,240,700,260,500,760,1.9231,210,380,590,1.8095,190,340,530,1.7895,160,240,400,1.5,130,150,280,1.1538,120,120,240,1.0,126,73
1000,310,450,180,460,640,2.5556,160,360,520,2.25,150,310,460,2.0667,130,200,330,1.5385,110,130,240,1.1818,100,110,210,1.1,125,73
990,240,700,200,480,680,2.4,170,360,530,2.1176,160,310,470,1.9375,140,200,340,1.4286,120,130,250,1.0833,110,90,200,0.81818,124,72
1000,290,710,190,490,680,2.5789,160,370,530,2.3125,160,310,470,1.9375,140,210,350,1.5,110,140,250,1.2727,110,110,220,1.0,124,72
1000,290,760,200,590,790,2.95,180,400,580,2.2222,160,340,500,2.125,150,230,380,1.5333,120,140,260,1.1667,110,110,220,1.0,124,72
1000,240,780,200,480,680,2.4,180,360,540,2.0,170,310,480,1.8235,150,210,360,1.4,130,140,270,1.0769,110,110,220,1.0,125,72
1010,220,620,240,460,700,1.9167,190,350,540,1.8421,180,300,480,1.6667,150,190,340,1.2667,130,140,270,1.0769,110,120,230,1.0909,125,72
990,390,690,250,700,950,2.8,170,450,620,2.6471,170,370,540,2.1765,140,250,390,1.7857,120,140,260,1.1667,100,110,210,1.1,124,72
990,270,770,210,490,700,2.3333,180,360,540,2.0,160,300,460,1.875,140,190,330,1.3571,120,130,250,1.0833,110,100,210,0.90909,123,72
1000,220,740,190,470,660,2.4737,180,360,540,2.0,160,310,470,1.9375,150,210,360,1.4,120,130,250,1.0833,110,110,220,1.0,123,72
1010,260,780,250,510,760,2.04,190,380,570,2.0,180,330,510,1.8333,150,230,380,1.5333,130,140,270,1.0769,110,110,220,1.0,123,72
1000,230,620,250,460,710,1.84,190,340,530,1.7895,170,290,460,1.7059,150,180,330,1.2,130,130,260,1.0,120,100,220,0.8333299999999999,124,72
990,380,700,200,580,780,2.9,170,400,570,2.3529,170,340,510,2.0,140,220,360,1.5714,120,130,250,1.0833,110,100,210,0.90909,123,72
990,260,730,190,490,680,2.5789,170,360,530,2.1176,160,310,470,1.9375,140,200,340,1.4286,120,130,250,1.0833,110,100,210,0.90909,122,72
1000,260,740,210,450,660,2.1429,180,330,510,1.8333,170,290,460,1.7059,150,180,330,1.2,130,120,250,0.92308,120,100,220,0.8333299999999999,122,72
960,260,750,210,510,720,2.4286,190,370,560,1.9474,180,320,500,1.7778,150,210,360,1.4,130,130,260,1.0,120,100,220,0.8333299999999999,123,72
1040,210,760,230,540,770,2.3478,190,420,610,2.2105,170,370,540,2.1765,140,250,390,1.7857,110,170,280,1.5455,90,130,220,1.4444,123,72
1040,280,700,190,480,670,2.5263,170,350,520,2.0588,150,300,450,2.0,130,180,310,1.3846,120,130,250,1.0833,100,110,210,1.1,124,72
1000,270,730,190,520,710,2.7368,160,390,550,2.4375,150,340,490,2.2667,130,220,350,1.6923,110,130,240,1.1818,90,110,200,1.2222,123,72
890,270,650,200,480,680,2.4,170,360,530,2.1176,160,320,480,2.0,140,210,350,1.5,120,140,260,1.1667,100,120,220,1.2,122,72
930,240,690,200,530,730,2.65,180,360,540,2.0,170,310,480,1.8235,140,200,340,1.4286,130,120,250,0.92308,110,100,210,0.90909,122,71
1000,240,770,220,450,670,2.0455,190,340,530,1.7895,170,310,480,1.8235,150,220,370,1.4667,130,140,270,1.0769,110,100,210,0.90909,123,71
1020,230,700,250,520,770,2.08,200,370,570,1.85,180,320,500,1.7778,150,220,370,1.4667,130,150,280,1.1538,110,120,230,1.0909,123,72
970,320,680,190,690,880,3.6316,170,450,620,2.6471,160,330,490,2.0625,140,180,320,1.2857,120,120,240,1.0,100,100,200,1.0,123,72
990,290,710,190,510,700,2.6842,160,370,530,2.3125,150,320,470,2.1333,140,200,340,1.4286,110,120,230,1.0909,110,100,210,0.90909,123,72
1000,280,710,200,490,690,2.45,170,370,540,2.1765,160,310,470,1.9375,140,200,340,1.4286,120,120,240,1.0,110,100,210,0.90909,122,71
1000,290,710,200,480,680,2.4,180,360,540,2.0,170,300,470,1.7647,140,200,340,1.4286,130,130,260,1.0,110,100,210,0.90909,122,71
1000,290,760,210,500,710,2.381,170,400,570,2.3529,170,340,510,2.0,150,230,380,1.5333,130,130,260,1.0,110,100,210,0.90909,123,72
1010,240,790,210,490,700,2.3333,180,380,560,2.1111,170,330,500,1.9412,150,230,380,1.5333,130,140,270,1.0769,110,120,230,1.0909,124,72
980,220,700,240,410,650,1.7083,180,310,490,1.7222,170,270,440,1.5882,140,180,320,1.2857,120,130,250,1.0833,100,110,210,1.1,123,72
980,280,710,190,550,740,2.8947,170,390,560,2.2941,160,330,490,2.0625,130,220,350,1.6923,120,120,240,1.0,100,100,200,1.0,123,72
1000,270,580,190,500,690,2.6316,160,370,530,2.3125,150,320,470,2.1333,130,200,330,1.5385,110,130,240,1.1818,100,110,210,1.1,122,71
1010,270,700,200,610,810,3.05,170,390,560,2.2941,160,330,490,2.0625,140,220,360,1.5714,120,130,250,1.0833,100,110,210,1.1,122,71
1020,310,780,200,550,750,2.75,180,390,570,2.1667,160,330,490,2.0625,150,220,370,1.4667,120,140,260,1.1667,110,110,220,1.0,122,71
1000,240,800,260,610,870,2.3462,200,450,650,2.25,180,370,550,2.0556,160,250,410,1.5625,140,150,290,1.0714,120,120,240,1.0,122,71
980,200,700,220,470,690,2.1364,160,360,520,2.25,150,300,450,2.0,130,200,330,1.5385,100,150,250,1.5,90,130,220,1.4444,122,71
990,280,710,180,600,780,3.3333,160,400,560,2.5,150,340,490,2.2667,120,220,340,1.8333,110,140,250,1.2727,100,110,210,1.1,121,71
990,280,720,190,500,690,2.6316,170,370,540,2.1765,160,320,480,2.0,140,210,350,1.5,120,130,250,1.0833,110,110,220,1.0,120,70
1010,270,730,180,490,670,2.7222,160,370,530,2.3125,150,310,460,2.0667,130,210,340,1.6154,110,130,240,1.1818,100,110,210,1.1,120,70
1010,280,770,210,520,730,2.4762,190,380,570,2.0,170,320,490,1.8824,150,220,370,1.4667,130,130,260,1.0,110,110,220,1.0,121,70
1010,240,780,260,520,780,2.0,260,400,660,1.5385,230,350,580,1.5217,170,250,420,1.4706,140,160,300,1.1429,120,120,240,1.0,121,70
1000,230,700,190,490,680,2.5789,160,370,530,2.3125,160,310,470,1.9375,130,190,320,1.4615,120,130,250,1.0833,100,110,210,1.1,120,70
1000,280,720,210,480,690,2.2857,170,360,530,2.1176,160,310,470,1.9375,130,210,340,1.6154,100,130,230,1.3,80,110,190,1.375,119,70
1010,210,720,230,480,710,2.087,190,360,550,1.8947,170,300,470,1.7647,150,200,350,1.3333,120,140,260,1.1667,110,120,230,1.0909,121,70
970,280,730,200,500,700,2.5,170,370,540,2.1765,160,310,470,1.9375,140,200,340,1.4286,120,120,240,1.0,110,100,210,0.90909,120,70
980,240,670,210,490,700,2.3333,180,360,540,2.0,170,310,480,1.8235,150,200,350,1.3333,130,120,250,0.92308,120,100,220,0.8333299999999999,120,70
990,230,790,190,600,790,3.1579,180,420,600,2.3333,170,360,530,2.1176,140,260,400,1.8571,130,160,290,1.2308,110,120,230,1.0909,120,70
990,200,770,220,530,750,2.4091,220,390,610,1.7727,220,330,550,1.5,150,280,430,1.8667,130,170,300,1.3077,110,150,260,1.3636,121,71
1010,250,760,220,670,890,3.0455,190,450,640,2.3684,180,390,570,2.1667,160,280,440,1.75,140,170,310,1.2143,120,130,250,1.0833,122,71
990,230,710,250,490,740,1.96,180,370,550,2.0556,170,330,500,1.9412,150,210,360,1.4,130,140,270,1.0769,110,110,220,1.0,122,71
990,280,510,200,520,720,2.6,160,410,570,2.5625,160,340,500,2.125,140,230,370,1.6429,120,130,250,1.0833,110,100,210,0.90909,122,71
1010,280,720,210,520,730,2.4762,190,390,580,2.0526,170,350,520,2.0588,150,240,390,1.6,130,140,270,1.0769,110,100,210,0.90909,122,71
1000,260,750,220,610,830,2.7727,190,410,600,2.1579,180,350,530,1.9444,170,240,410,1.4118,140,150,290,1.0714,130,110,240,0.84615,123,72
1000,250,770,270,550,820,2.037,220,430,650,1.9545,200,370,570,1.85,170,270,440,1.5882,140,170,310,1.2143,130,130,260,1.0,124,72
990,230,640,190,530,720,2.7895,170,380,550,2.2353,160,330,490,2.0625,130,210,340,1.6154,120,130,250,1.0833,100,110,210,1.1,123,72
990,350,690,210,700,910,3.3333,170,420,590,2.4706,160,370,530,2.3125,140,250,390,1.7857,120,130,250,1.0833,110,100,210,0.90909,123,72
990,300,750,190,500,690,2.6316,170,380,550,2.2353,160,320,480,2.0,140,220,360,1.5714,120,130,250,1.0833,110,110,220,1.0,123,72
1000,240,710,190,480,670,2.5263,170,350,520,2.0588,160,310,470,1.9375,140,200,340,1.4286,120,120,240,1.0,110,110,220,1.0,123,72
990,210,780,230,540,770,2.3478,190,380,570,2.0,180,330,510,1.8333,160,230,390,1.4375,140,150,290,1.0714,120,110,230,0.91667,124,73
1020,240,770,200,610,810,3.05,180,410,590,2.2778,170,370,540,2.1765,160,260,420,1.625,140,150,290,1.0714,130,120,250,0.92308,124,72
930,250,770,270,580,850,2.1481,200,440,640,2.2,180,390,570,2.1667,170,280,450,1.6471,140,170,310,1.2143,130,120,250,0.92308,124,72
1010,250,750,220,490,710,2.2273,190,360,550,1.8947,180,300,480,1.6667,160,180,340,1.125,140,100,240,0.71429,120,80,200,0.66667,123,72
1010,260,760,220,550,770,2.5,190,390,580,2.0526,180,330,510,1.8333,160,230,390,1.4375,140,130,270,0.92857,120,110,230,0.91667,124,72
1020,250,740,270,510,780,1.8889,230,370,600,1.6087,200,310,510,1.55,170,220,390,1.2941,150,130,280,0.86667,130,110,240,0.84615,124,72
1000,280,710,210,510,720,2.4286,180,370,550,2.0556,170,310,480,1.8235,150,210,360,1.4,130,120,250,0.92308,120,100,220,0.8333299999999999,123,72
1000,280,720,210,570,780,2.7143,170,380,550,2.2353,170,330,500,1.9412,140,210,350,1.5,130,120,250,0.92308,110,100,210,0.90909,123,72
1000,280,720,210,460,670,2.1905,180,330,510,1.8333,170,270,440,1.5882,150,180,330,1.2,130,140,270,1.0769,120,110,230,0.91667,123,72
1010,280,760,210,570,780,2.7143,180,400,580,2.2222,170,330,500,1.9412,150,230,380,1.5333,130,140,270,1.0769,110,110,220,1.0,123,72
1000,250,770,220,510,730,2.3182,190,350,540,1.8421,190,290,480,1.5263,160,200,360,1.25,140,150,290,1.0714,120,120,240,1.0,124,72
990,230,700,250,460,710,1.84,200,350,550,1.75,190,300,490,1.5789,160,200,360,1.25,140,130,270,0.92857,120,110,230,0.91667,124,72
1000,280,710,190,500,690,2.6316,160,370,530,2.3125,160,330,490,2.0625,130,220,350,1.6923,120,130,250,1.0833,100,100,200,1.0,123,72
1000,290,770,210,480,690,2.2857,170,360,530,2.1176,160,320,480,2.0,140,220,360,1.5714,120,140,260,1.1667,110,100,210,0.90909,122,71
1000,230,710,200,500,700,2.5,170,370,540,2.1765,160,310,470,1.9375,140,200,340,1.4286,120,130,250,1.0833,110,100,210,0.90909,122,71
1000,290,700,200,500,700,2.5,180,370,550,2.0556,160,330,490,2.0625,120,220,340,1.8333,120,140,260,1.1667,110,100,210,0.90909,123,71
990,230,670,200,480,680,2.4,170,340,510,2.0,160,290,450,1.8125,130,190,320,1.4615,120,130,250,1.0833,100,110,210,1.1,123,71
980,320,760,200,520,720,2.6,170,410,580,2.4118,170,360,530,2.1176,140,210,350,1.5,120,130,250,1.0833,110,100,210,0.90909,122,71
1010,290,720,210,480,690,2.2857,180,350,530,1.9444,160,300,460,1.875,150,200,350,1.3333,120,140,260,1.1667,110,110,220,1.0,121,71
990,290,770,220,540,760,2.4545,190,440,630,2.3158,170,370,540,2.1765,150,250,400,1.6667,130,150,280,1.1538,110,110,220,1.0,122,71
1000,220,760,190,520,710,2.7368,170,390,560,2.2941,160,340,500,2.125,140,240,380,1.7143,120,140,260,1.1667,100,120,220,1.2,122,71
1000,240,560,260,460,720,1.7692,200,350,550,1.75,180,290,470,1.6111,150,190,340,1.2667,140,140,280,1.0,120,120,240,1.0,122,71
990,390,610,200,600,800,3.0,170,400,570,2.3529,160,350,510,2.1875,140,220,360,1.5714,120,120,240,1.0,110,100,210,0.90909,121,71
1000,380,720,200,530,730,2.65,170,390,560,2.2941,160,340,500,2.125,130,230,360,1.7692,120,130,250,1.0833,110,110,220,1.0,121,71
990,280,720,220,680,900,3.0909,180,430,610,2.3889,170,360,530,2.1176,150,240,390,1.6,130,140,270,1.0769,110,110,220,1.0,121,71
1000,250,770,210,550,760,2.619,190,390,580,2.0526,170,330,500,1.9412,150,240,390,1.6,130,150,280,1.1538,120,120,240,1.0,122,71
990,230,710,250,470,720,1.88,220,340,560,1.5455,200,290,490,1.45,170,200,370,1.1765,140,130,270,0.92857,130,110,240,0.84615,122,71
970,280,720,210,550,760,2.619,170,380,550,2.2353,170,320,490,1.8824,150,210,360,1.4,120,120,240,1.0,120,100,220,0.8333299999999999,121,71
990,260,720,210,490,700,2.3333,180,370,550,2.0556,180,320,500,1.7778,150,210,360,1.4,130,130,260,1.0,110,100,210,0.90909,120,71
1000,270,740,210,470,680,2.2381,180,350,530,1.9444,170,300,470,1.7647,140,210,350,1.5,120,130,250,1.0833,110,100,210,0.90909,120,71
1010,260,750,210,540,750,2.5714,190,380,570,2.0,170,330,500,1.9412,150,210,360,1.4,130,130,260,1.0,120,100,220,0.8333299999999999,121,71
1000,260,770,280,520,800,1.8571,210,380,590,1.8095,200,330,530,1.65,180,220,400,1.2222,160,130,290,0.8125,140,110,250,0.78571,122,71
990,230,690,250,450,700,1.8,190,330,520,1.7368,180,290,470,1.6111,150,180,330,1.2,130,130,260,1.0,120,110,230,0.91667,121,71
1000,230,760,180,500,680,2.7778,170,360,530,2.1176,150,310,460,2.0667,140,200,340,1.4286,110,130,240,1.1818,100,110,210,1.1,121,71
1000,230,760,190,560,750,2.9474,170,380,550,2.2353,160,320,480,2.0,140,200,340,1.4286,120,130,250,1.0833,100,110,210,1.1,122,71
1010,240,770,200,470,670,2.35,170,350,520,2.0588,170,290,460,1.7059,140,190,330,1.3571,120,120,240,1.0,100,110,210,1.1,122,71
1010,240,760,260,520,780,2.0,200,400,600,2.0,180,350,530,1.9444,160,250,410,1.5625,140,150,290,1.0714,120,120,240,1.0,123,71
980,250,650,190,660,850,3.4737,160,410,570,2.5625,150,340,490,2.2667,130,220,350,1.6923,110,120,230,1.0909,100,110,210,1.1,122,71
970,330,660,190,530,720,2.7895,170,370,540,2.1765,160,330,490,2.0625,130,210,340,1.6154,120,130,250,1.0833,100,100,200,1.0,121,71
1000,310,740,180,520,700,2.8889,150,390,540,2.6,140,350,490,2.5,120,210,330,1.75,100,140,240,1.4,90,110,200,1.2222,121,71
990,260,760,190,480,670,2.5263,160,360,520,2.25,150,310,460,2.0667,140,210,350,1.5,110,140,250,1.2727,100,110,210,1.1,122,71
1010,230,770,180,510,690,2.8333,160,360,520,2.25,150,310,460,2.0667,140,240,380,1.7143,110,150,260,1.3636,90,120,210,1.3333,122,71
1020,240,790,190,480,670,2.5263,170,360,530,2.1176,160,320,480,2.0,150,220,370,1.4667,120,150,270,1.25,110,120,230,1.0909,122,71
1010,230,740,250,490,740,1.96,250,350,600,1.4,220,320,540,1.4545,170,240,410,1.4118,150,150,300,1.0,130,120,250,0.92308,122,71
1010,240,750,240,490,730,2.0417,190,410,600,2.1579,170,400,570,2.3529,160,280,440,1.75,130,140,270,1.0769,120,110,230,0.91667,120,70
990,270,730,230,540,770,2.3478,180,450,630,2.5,170,390,560,2.2941,150,270,420,1.8,130,160,290,1.2308,110,120,230,1.0909,120,70
990,260,740,210,610,820,2.9048,180,410,590,2.2778,170,340,510,2.0,150,230,380,1.5333,130,130,260,1.0,120,100,220,0.8333299999999999,121,71
1000,250,750,220,580,800,2.6364,190,400,590,2.1053,180,350,530,1.9444,150,230,380,1.5333,130,140,270,1.0769,110,100,210,0.90909,121,71
1000,250,750,270,550,820,2.037,220,430,650,1.9545,190,370,560,1.9474,170,270,440,1.5882,150,160,310,1.0667,130,120,250,0.92308,122,71
990,250,640,200,470,670,2.35,170,340,510,2.0,160,300,460,1.875,140,190,330,1.3571,120,120,240,1.0,110,100,210,0.90909,121,71
1000,270,700,190,620,810,3.2632,170,440,610,2.5882,160,380,540,2.375,140,250,390,1.7857,120,150,270,1.25,110,110,220,1.0,121,71
1000,300,740,200,510,710,2.55,180,390,570,2.1667,170,330,500,1.9412,140,230,370,1.6429,120,140,260,1.1667,110,110,220,1.0,121,71
1000,220,760,210,480,690,2.2857,180,360,540,2.0,180,310,490,1.7222,150,210,360,1.4,130,130,260,1.0,120,110,230,0.91667,122,71
970,240,730,260,480,740,1.8462,230,360,590,1.5652,200,320,520,1.6,170,220,390,1.2941,140,140,280,1.0,130,110,240,0.84615,122,71
990,290,750,180,530,710,2.9444,150,390,540,2.6,150,340,490,2.2667,130,230,360,1.7692,110,140,250,1.2727,90,110,200,1.2222,121,71
990,240,750,180,500,680,2.7778,160,380,540,2.375,150,320,470,2.1333,120,220,340,1.8333,100,140,240,1.4,90,120,210,1.3333,121,71
960,240,690,210,490,700,2.3333,170,360,530,2.1176,170,300,470,1.7647,150,210,360,1.4,130,130,260,1.0,120,100,220,0.8333299999999999,121,70
1030,270,780,180,520,700,2.8889,150,380,530,2.5333,130,320,450,2.4615,110,200,310,1.8182,100,120,220,1.2,90,100,190,1.1111,121,70
990,250,770,210,500,710,2.381,190,370,560,1.9474,160,310,470,1.9375,160,210,370,1.3125,130,140,270,1.0769,120,100,220,0.8333299999999999,121,71
1000,220,700,240,480,720,2.0,240,350,590,1.4583,190,300,490,1.5789,160,190,350,1.1875,130,130,260,1.0,110,100,210,0.90909,122,71
980,300,700,190,660,850,3.4737,150,400,550,2.6667,150,350,500,2.3333,130,230,360,1.7692,110,130,240,1.1818,100,100,200,1.0,122,71
1000,260,750,210,570,780,2.7143,190,390,580,2.0526,180,330,510,1.8333,160,230,390,1.4375,140,130,270,0.92857,120,110,230,0.91667,121,71
990,250,760,270,520,790,1.9259,210,380,590,1.8095,190,320,510,1.6842,170,230,400,1.3529,150,150,300,1.0,130,120,250,0.92308,122,71
990,230,640,250,450,700,1.8,180,340,520,1.8889,170,290,460,1.7059,140,180,320,1.2857,120,130,250,1.0833,110,110,220,1.0,122,72
980,330,670,190,520,710,2.7368,170,390,560,2.2941,160,330,490,2.0625,140,210,350,1.5,120,130,250,1.0833,100,100,200,1.0,121,71
990,310,750,210,480,690,2.2857,170,380,550,2.2353,160,350,510,2.1875,140,240,380,1.7143,120,140,260,1.1667,100,120,220,1.2,121,71
990,240,690,200,700,900,3.5,170,400,570,2.3529,160,340,500,2.125,150,220,370,1.4667,120,130,250,1.0833,110,100,210,0.90909,122,71
990,300,750,210,460,670,2.1905,180,380,560,2.1111,170,330,500,1.9412,150,220,370,1.4667,130,140,270,1.0769,110,110,220,1.0,123,72
1000,240,710,260,520,780,2.0,210,400,610,1.9048,190,350,540,1.8421,160,250,410,1.5625,140,150,290,1.0714,120,120,240,1.0,123,72
990,290,490,190,460,650,2.4211,170,340,510,2.0,160,290,450,1.8125,140,180,320,1.2857,120,120,240,1.0,100,100,200,1.0,122,72
980,270,700,200,490,690,2.45,170,370,540,2.1765,160,320,480,2.0,140,210,350,1.5,120,130,250,1.0833,110,100,210,0.90909,122,72
990,280,650,190,470,660,2.4737,170,350,520,2.0588,160,310,470,1.9375,140,200,340,1.4286,120,120,240,1.0,100,110,210,1.1,122,72
980,340,740,210,650,860,3.0952,180,400,580,2.2222,180,340,520,1.8889,150,230,380,1.5333,130,130,260,1.0,110,100,210,0.90909,122,72
990,240,760,200,480,680,2.4,180,360,540,2.0,160,310,470,1.9375,150,210,360,1.4,120,140,260,1.1667,110,110,220,1.0,123,72
1000,230,680,250,480,730,1.92,210,360,570,1.7143,180,310,490,1.7222,150,210,360,1.4,140,150,290,1.0714,110,120,230,1.0909,124,72
990,350,690,190,510,700,2.6842,170,370,540,2.1765,150,330,480,2.2,140,200,340,1.4286,110,130,240,1.1818,90,100,190,1.1111,123,72
970,300,690,200,490,690,2.45,170,380,550,2.2353,160,330,490,2.0625,140,210,350,1.5,120,140,260,1.1667,100,100,200,1.0,123,72
990,280,720,190,490,680,2.5789,160,360,520,2.25,150,310,460,2.0667,130,210,340,1.6154,110,140,250,1.2727,100,110,210,1.1,123,72
990,270,580,200,470,670,2.35,180,360,540,2.0,170,300,470,1.7647,150,200,350,1.3333,130,140,270,1.0769,110,100,210,0.90909,123,72
1030,170,700,190,500,690,2.6316,190,380,570,2.0,160,330,490,2.0625,130,220,350,1.6923,90,180,270,2.0,80,150,230,1.875,124,73
1040,330,660,190,620,810,3.2632,160,410,570,2.5625,160,350,510,2.1875,130,220,350,1.6923,110,140,250,1.2727,100,110,210,1.1,123,73
970,300,740,200,490,690,2.45,170,360,530,2.1176,160,310,470,1.9375,150,200,350,1.3333,120,130,250,1.0833,110,90,200,0.81818,122,72
1000,230,730,200,470,670,2.35,170,370,540,2.1765,160,320,480,2.0,130,210,340,1.6154,120,140,260,1.1667,100,110,210,1.1,122,72
1000,270,720,220,680,900,3.0909,190,410,600,2.1579,170,350,520,2.0588,160,250,410,1.5625,130,130,260,1.0,120,100,220,0.8333299999999999,122,72
970,280,760,240,510,750,2.125,210,380,590,1.8095,200,320,520,1.6,180,210,390,1.1667,150,140,290,0.93333,130,110,240,0.84615,123,72
920,260,740,210,650,860,3.0952,190,440,630,2.3158,170,390,560,2.2941,160,280,440,1.75,140,160,300,1.1429,130,120,250,0.92308,123,72
980,280,740,210,560,770,2.6667,180,420,600,2.3333,160,370,530,2.3125,140,260,400,1.8571,130,140,270,1.0769,120,110,230,0.91667,122,72
1000,210,710,230,480,710,2.087,180,350,530,1.9444,160,290,450,1.8125,140,170,310,1.2143,120,120,240,1.0,100,100,200,1.0,125,73
1000,270,730,200,540,740,2.7,170,410,580,2.4118,160,350,510,2.1875,150,250,400,1.6667,120,130,250,1.0833,120,110,230,0.91667,125,73
1000,270,740,200,540,740,2.7,180,390,570,2.1667,160,320,480,2.0,150,190,340,1.2667,120,150,270,1.25,120,110,230,0.91667,125,73
980,260,740,210,630,840,3.0,200,410,610,2.05,180,350,530,1.9444,150,250,400,1.6667,140,150,290,1.0714,120,110,230,0.91667,126,74
960,240,730,260,510,770,1.9615,260,390,650,1.5,250,330,580,1.32,180,250,430,1.3889,160,190,350,1.1875,130,130,260,1.0,126,73
1000,230,680,180,480,660,2.6667,160,370,530,2.3125,150,310,460,2.0667,130,190,320,1.4615,110,130,240,1.1818,90,110,200,1.2222,125,73
970,290,710,190,520,710,2.7368,170,390,560,2.2941,150,340,490,2.2667,140,230,370,1.6429,120,130,250,1.0833,110,110,220,1.0,125,73
990,260,730,210,480,690,2.2857,170,400,570,2.3529,160,340,500,2.125,140,240,380,1.7143,120,140,260,1.1667,110,110,220,1.0,125,73
970,250,740,210,500,710,2.381,190,360,550,1.8947,180,310,490,1.7222,160,220,380,1.375,140,140,280,1.0,120,100,220,0.8333299999999999,125,73
1020,230,770,250,530,780,2.12,250,400,650,1.6,180,350,530,1.9444,150,250,400,1.6667,130,160,290,1.2308,110,130,240,1.1818,126,73
1000,250,560,190,550,740,2.8947,170,380,550,2.2353,160,320,480,2.0,140,200,340,1.4286,110,130,240,1.1818,110,110,220,1.0,126,73
1000,260,750,200,570,770,2.85,170,420,590,2.4706,160,370,530,2.3125,130,250,380,1.9231,120,150,270,1.25,100,130,230,1.3,125,73
960,250,700,200,490,690,2.45,180,360,540,2.0,170,310,480,1.8235,160,200,360,1.25,130,120,250,0.92308,120,100,220,0.8333299999999999,124,73
990,230,770,220,530,750,2.4091,190,370,560,1.9474,180,320,500,1.7778,150,230,380,1.5333,130,140,270,1.0769,120,110,230,0.91667,125,73
1000,220,710,240,470,710,1.9583,200,350,550,1.75,190,300,490,1.5789,150,200,350,1.3333,130,130,260,1.0,110,120,230,1.0909,126,73
1000,360,740,190,520,710,2.7368,170,390,560,2.2941,160,330,490,2.0625,140,220,360,1.5714,110,130,240,1.1818,100,110,210,1.1,125,73
1000,260,740,200,490,690,2.45,170,370,540,2.1765,160,320,480,2.0,140,200,340,1.4286,120,130,250,1.0833,110,110,220,1.0,124,73
1000,260,610,200,510,710,2.55,180,370,550,2.0556,170,310,480,1.8235,150,200,350,1.3333,120,130,250,1.0833,110,110,220,1.0,124,72
1000,390,760,210,560,770,2.6667,180,390,570,2.1667,180,330,510,1.8333,150,230,380,1.5333,140,140,280,1.0,120,110,230,0.91667,124,73
1010,240,730,260,530,790,2.0385,200,400,600,2.0,190,350,540,1.8421,160,250,410,1.5625,140,150,290,1.0714,120,120,240,1.0,125,73
990,280,620,210,450,660,2.1429,180,340,520,1.8889,170,290,460,1.7059,150,180,330,1.2,130,130,260,1.0,120,110,230,0.91667,125,73
1020,370,730,190,540,730,2.8421,170,400,570,2.3529,150,330,480,2.2,140,210,350,1.5,110,120,230,1.0909,100,110,210,1.1,125,73
970,290,610,220,580,800,2.6364,200,380,580,1.9,180,320,500,1.7778,160,220,380,1.375,130,110,240,0.84615,120,80,200,0.66667,124,73
990,360,710,210,480,690,2.2857,180,350,530,1.9444,170,300,470,1.7647,150,200,350,1.3333,130,130,260,1.0,110,100,210,0.90909,124,72
1000,280,740,200,460,660,2.3,180,340,520,1.8889,160,290,450,1.8125,140,170,310,1.2143,120,110,230,0.91667,110,90,200,0.81818,124,72
1000,260,750,210,480,690,2.2857,190,360,550,1.8947,170,310,480,1.8235,150,210,360,1.4,130,140,270,1.0769,120,110,230,0.91667,124,72
1010,250,640,270,470,740,1.7407,230,340,570,1.4783,200,300,500,1.5,170,200,370,1.1765,140,130,270,0.92857,120,120,240,1.0,125,73
980,370,680,190,490,680,2.5789,170,360,530,2.1176,160,300,460,1.875,130,180,310,1.3846,120,130,250,1.0833,100,100,200,1.0,125,73
990,250,640,190,480,670,2.5263,170,360,530,2.1176,160,310,470,1.9375,140,190,330,1.3571,120,120,240,1.0,110,100,210,0.90909,123,72
990,350,620,210,450,660,2.1429,180,330,510,1.8333,170,280,450,1.6471,150,210,360,1.4,130,130,260,1.0,110,110,220,1.0,123,72
990,250,770,220,460,680,2.0909,200,330,530,1.65,180,300,480,1.6667,160,210,370,1.3125,130,140,270,1.0769,120,110,230,0.91667,125,72
1010,220,670,240,460,700,1.9167,200,350,550,1.75,170,300,470,1.7647,150,200,350,1.3333,130,140,270,1.0769,110,120,230,1.0909,124,72
980,340,670,200,500,700,2.5,170,370,540,2.1765,160,320,480,2.0,140,210,350,1.5,120,130,250,1.0833,110,100,210,0.90909,123,72
1000,310,680,200,470,670,2.35,170,390,560,2.2941,160,330,490,2.0625,140,230,370,1.6429,110,140,250,1.2727,100,120,220,1.2,123,72
990,320,760,190,520,710,2.7368,170,360,530,2.1176,160,310,470,1.9375,140,200,340,1.4286,120,130,250,1.0833,100,110,210,1.1,123,72
1000,230,760,200,490,690,2.45,170,370,540,2.1765,160,320,480,2.0,140,210,350,1.5,120,140,260,1.1667,100,130,230,1.3,124,72
1010,240,780,210,550,760,2.619,170,400,570,2.3529,170,330,500,1.9412,140,240,380,1.7143,130,160,290,1.2308,100,130,230,1.3,124,72
990,230,510,210,410,620,1.9524,180,310,490,1.7222,160,270,430,1.6875,140,170,310,1.2143,120,140,260,1.1667,110,120,230,1.0909,123,72
1010,290,570,170,490,660,2.8824,140,360,500,2.5714,140,310,450,2.2143,120,200,320,1.6667,100,140,240,1.4,90,110,200,1.2222,122,71
1000,240,760,190,620,810,3.2632,170,390,560,2.2941,160,330,490,2.0625,140,220,360,1.5714,120,140,260,1.1667,100,110,210,1.1,122,71
1020,240,780,200,510,710,2.55,170,370,540,2.1765,160,320,480,2.0,140,210,350,1.5,110,150,260,1.3636,100,110,210,1.1,123,71
1020,240,630,260,490,750,1.8846,210,380,590,1.8095,190,320,510,1.6842,170,230,400,1.3529,140,150,290,1.0714,120,140,260,1.1667,123,71
1000,390,620,220,630,850,2.8636,180,430,610,2.3889,160,360,520,2.25,140,230,370,1.6429,120,140,260,1.1667,110,110,220,1.0,122,71
980,380,650,190,540,730,2.8421,160,390,550,2.4375,160,330,490,2.0625,130,220,350,1.6923,110,130,240,1.1818,100,110,210,1.1,122,71
1000,330,710,190,480,670,2.5263,170,370,540,2.1765,160,310,470,1.9375,140,200,340,1.4286,120,130,250,1.0833,100,100,200,1.0,122,71
1000,290,770,210,570,780,2.7143,180,400,580,2.2222,170,340,510,2.0,140,230,370,1.6429,130,140,270,1.0769,110,130,240,1.1818,122,71
1010,230,740,200,560,760,2.8,170,400,570,2.3529,160,330,490,2.0625,130,230,360,1.7692,120,150,270,1.25,100,130,230,1.3,121,70
1010,270,800,210,490,700,2.3333,180,360,540,2.0,170,310,480,1.8235,140,210,350,1.5,130,140,270,1.0769,110,120,230,1.0909,122,71
1010,210,680,230,470,700,2.0435,200,350,550,1.75,180,300,480,1.6667,150,190,340,1.2667,130,140,270,1.0769,110,110,220,1.0,122,71
990,330,700,190,570,760,3.0,160,390,550,2.4375,160,340,500,2.125,130,210,340,1.6154,120,130,250,1.0833,100,100,200,1.0,122,71
990,280,710,190,480,670,2.5263,170,360,530,2.1176,150,320,470,2.1333,140,200,340,1.4286,110,140,250,1.2727,100,120,220,1.2,121,70
1010,280,720,200,450,650,2.25,170,340,510,2.0,160,290,450,1.8125,130,190,320,1.4615,120,130,250,1.0833,100,110,210,1.1,120,70
990,290,750,220,550,770,2.5,180,380,560,2.1111,180,320,500,1.7778,150,220,370,1.4667,140,130,270,0.92857,120,110,230,0.91667,120,70
1010,240,790,260,540,800,2.0769,210,400,610,1.9048,190,340,530,1.7895,170,240,410,1.4118,140,150,290,1.0714,140,130,270,0.92857,121,70
980,220,670,240,440,680,1.8333,180,330,510,1.8333,170,280,450,1.6471,150,180,330,1.2,120,130,250,1.0833,100,120,220,1.2,121,70
970,350,730,190,500,690,2.6316,170,360,530,2.1176,150,320,470,2.1333,140,210,350,1.5,110,130,240,1.1818,100,110,210,1.1,120,70
980,240,680,260,500,760,1.9231,180,380,560,2.1111,160,340,500,2.125,140,240,380,1.7143,110,160,270,1.4545,100,140,240,1.4,120,70
980,300,590,200,600,800,3.0,170,390,560,2.2941,160,330,490,2.0625,140,220,360,1.5714,120,140,260,1.1667,110,110,220,1.0,120,70
980,390,730,220,520,740,2.3636,180,350,530,1.9444,180,280,460,1.5556,150,190,340,1.2667,130,130,260,1.0,120,110,230,0.91667,120,70
1010,250,770,270,520,790,1.9259,210,390,600,1.8571,200,340,540,1.7,160,230,390,1.4375,140,140,280,1.0,120,120,240,1.0,121,70
980,240,680,200,480,680,2.4,170,350,520,2.0588,170,300,470,1.7647,140,180,320,1.2857,130,120,250,0.92308,110,100,210,0.90909,121,70
990,300,700,190,540,730,2.8421,170,390,560,2.2941,160,330,490,2.0625,140,210,350,1.5,120,130,250,1.0833,110,110,220,1.0,120,70
1000,290,750,190,530,720,2.7895,170,400,570,2.3529,160,350,510,2.1875,140,210,350,1.5,110,140,250,1.2727,100,110,210,1.1,120,70
950,250,720,200,480,680,2.4,180,360,540,2.0,170,310,480,1.8235,140,200,340,1.4286,130,130,260,1.0,110,100,210,0.90909,120,70
710,230,700,180,480,660,2.6667,160,410,570,2.5625,150,350,500,2.3333,130,240,370,1.8462,110,160,270,1.4545,90,130,220,1.4444,120,70
1030,240,680,260,480,740,1.8462,210,380,590,1.8095,180,330,510,1.8333,160,230,390,1.4375,140,160,300,1.1429,110,120,230,1.0909,121,70
990,350,650,210,520,730,2.4762,180,360,540,2.0,170,300,470,1.7647,140,190,330,1.3571,130,120,250,0.92308,110,100,210,0.90909,121,70
1010,340,480,190,490,680,2.5789,170,380,550,2.2353,160,320,480,2.0,130,210,340,1.6154,120,140,260,1.1667,100,110,210,1.1,120,70
1000,260,640,210,530,740,2.5238,180,400,580,2.2222,170,330,500,1.9412,150,220,370,1.4667,130,130,260,1.0,110,110,220,1.0,120,70
1000,360,740,210,520,730,2.4762,190,370,560,1.9474,180,320,500,1.7778,150,210,360,1.4,130,120,250,0.92308,120,100,220,0.8333299999999999,121,70
1000,260,780,230,570,800,2.4783,190,390,580,2.0526,180,320,500,1.7778,160,220,380,1.375,130,140,270,1.0769,120,110,230,0.91667,122,70
1010,220,640,240,470,710,1.9583,190,340,530,1.7895,170,290,460,1.7059,150,190,340,1.2667,130,140,270,1.0769,110,120,230,1.0909,121,70
1000,370,600,200,550,750,2.75,170,400,570,2.3529,150,340,490,2.2667,140,200,340,1.4286,110,130,240,1.1818,100,110,210,1.1,121,70
1010,300,750,210,570,780,2.7143,180,400,580,2.2222,160,340,500,2.125,140,230,370,1.6429,120,140,260,1.1667,100,120,220,1.2,120,69
990,260,700,200,550,750,2.75,180,380,560,2.1111,170,310,480,1.8235,150,200,350,1.3333,130,130,260,1.0,110,100,210,0.90909,120,69
1010,290,750,210,510,720,2.4286,180,360,540,2.0,170,310,480,1.8235,150,210,360,1.4,130,140,270,1.0769,110,110,220,1.0,121,70
1020,260,790,280,550,830,1.9643,190,410,600,2.1579,180,360,540,2.0,150,260,410,1.7333,130,150,280,1.1538,110,120,230,1.0909,121,70
1000,230,590,200,450,650,2.25,170,330,500,1.9412,160,280,440,1.75,140,180,320,1.2857,120,130,250,1.0833,100,100,200,1.0,120,70
1010,350,580,200,480,680,2.4,180,370,550,2.0556,160,320,480,2.0,140,210,350,1.5,120,140,260,1.1667,100,120,220,1.2,119,69
1000,340,580,200,590,790,2.95,170,400,570,2.3529,150,340,490,2.2667,140,220,360,1.5714,120,150,270,1.25,100,120,220,1.2,119,69
1010,260,660,180,510,690,2.8333,160,400,560,2.5,150,340,490,2.2667,130,200,330,1.5385,110,130,240,1.1818,100,110,210,1.1,120,69
1000,350,750,190,560,750,2.9474,170,410,580,2.4118,150,350,500,2.3333,120,230,350,1.9167,110,130,240,1.1818,100,100,200,1.0,119,69
980,370,590,210,420,630,2.0,180,300,480,1.6667,170,250,420,1.4706,150,170,320,1.1333,130,130,260,1.0,120,100,220,0.8333299999999999,119,69
1040,390,610,210,620,830,2.9524,170,390,560,2.2941,160,330,490,2.0625,130,220,350,1.6923,110,130,240,1.1818,100,110,210,1.1,119,69
990,220,630,190,480,670,2.5263,160,350,510,2.1875,150,300,450,2.0,130,180,310,1.3846,110,120,230,1.0909,100,110,210,1.1,118,69
980,360,740,200,430,630,2.15,170,330,500,1.9412,160,270,430,1.6875,140,160,300,1.1429,120,120,240,1.0,110,110,220,1.0,118,68
980,240,760,200,500,700,2.5,170,350,520,2.0588,170,290,460,1.7059,150,170,320,1.1333,120,130,250,1.0833,110,100,210,0.90909,118,68
970,220,770,240,520,760,2.1667,200,380,580,1.9,180,360,540,2.0,150,200,350,1.3333,130,150,280,1.1538,110,120,230,1.0909,118,69
980,200,600,220,440,660,2.0,170,320,490,1.8824,150,260,410,1.7333,130,170,300,1.3077,120,130,250,1.0833,100,110,210,1.1,118,69
990,270,720,200,520,720,2.6,160,400,560,2.5,160,350,510,2.1875,140,230,370,1.6429,120,130,250,1.0833,110,110,220,1.0,116,68
1000,270,740,290,520,810,1.7931,190,390,580,2.0526,170,350,520,2.0588,150,230,380,1.5333,120,140,260,1.1667,110,110,220,1.0,116,68
1020,260,730,280,560,840,2.0,200,440,640,2.2,190,390,580,2.0526,160,280,440,1.75,140,170,310,1.2143,120,140,260,1.1667,117,68
990,300,710,210,610,820,2.9048,180,400,580,2.2222,170,350,520,2.0588,150,240,390,1.6,130,140,270,1.0769,120,100,220,0.8333299999999999,116,68
990,280,700,200,540,740,2.7,180,400,580,2.2222,170,350,520,2.0588,150,240,390,1.6,130,150,280,1.1538,120,110,230,0.91667,117,68
990,250,750,210,490,700,2.3333,190,360,550,1.8947,180,310,490,1.7222,160,210,370,1.3125,130,130,260,1.0,120,100,220,0.8333299999999999,119,69
980,240,620,260,470,730,1.8077,240,360,600,1.5,200,310,510,1.55,170,210,380,1.2353,150,130,280,0.86667,130,110,240,0.84615,119,69
1000,310,670,190,480,670,2.5263,160,370,530,2.3125,150,320,470,2.1333,130,200,330,1.5385,110,140,250,1.2727,90,110,200,1.2222,118,69
980,330,740,200,550,750,2.75,180,390,570,2.1667,160,340,500,2.125,150,240,390,1.6,130,140,270,1.0769,110,110,220,1.0,119,69
1000,240,690,200,490,690,2.45,170,360,530,2.1176,160,310,470,1.9375,150,200,350,1.3333,120,130,250,1.0833,100,110,210,1.1,119,69
990,310,740,210,500,710,2.381,190,370,560,1.9474,180,320,500,1.7778,150,220,370,1.4667,130,130,260,1.0,120,110,230,0.91667,120,70
990,250,770,220,450,670,2.0455,190,340,530,1.7895,170,290,460,1.7059,160,180,340,1.125,130,120,250,0.92308,120,100,220,0.8333299999999999,121,70
990,220,610,240,460,700,1.9167,240,350,590,1.4583,210,300,510,1.4286,170,190,360,1.1176,130,140,270,1.0769,120,110,230,0.91667,121,71
1000,380,620,190,490,680,2.5789,170,370,540,2.1765,150,310,460,2.0667,140,200,340,1.4286,110,130,240,1.1818,100,100,200,1.0,121,71
1000,370,640,190,500,690,2.6316,170,370,540,2.1765,160,320,480,2.0,140,200,340,1.4286,120,130,250,1.0833,110,110,220,1.0,121,70
1000,360,600,200,430,630,2.15,180,320,500,1.7778,160,280,440,1.75,150,170,320,1.1333,120,120,240,1.0,100,100,200,1.0,121,70
1000,400,740,210,530,740,2.5238,190,380,570,2.0,170,320,490,1.8824,140,220,360,1.5714,130,130,260,1.0,110,110,220,1.0,122,71
990,280,630,210,450,660,2.1429,180,330,510,1.8333,170,280,450,1.6471,140,180,320,1.2857,120,120,240,1.0,110,100,210,0.90909,123,71
990,370,710,200,490,690,2.45,170,360,530,2.1176,170,310,480,1.8235,140,200,340,1.4286,130,130,260,1.0,110,100,210,0.90909,121,70
990,280,730,210,450,660,2.1429,180,350,530,1.9444,160,310,470,1.9375,140,220,360,1.5714,120,130,250,1.0833,110,110,220,1.0,121,70
990,260,620,200,510,710,2.55,170,380,550,2.2353,160,310,470,1.9375,140,200,340,1.4286,110,130,240,1.1818,110,110,220,1.0,121,70
990,370,760,210,470,680,2.2381,180,330,510,1.8333,180,280,460,1.5556,150,210,360,1.4,130,140,270,1.0769,110,120,230,1.0909,122,71
1010,230,730,250,500,750,2.0,210,380,590,1.8095,180,330,510,1.8333,160,230,390,1.4375,130,160,290,1.2308,110,130,240,1.1818,122,70
1000,280,630,190,640,830,3.3684,170,440,610,2.5882,160,360,520,2.25,140,190,330,1.3571,110,120,230,1.0909,100,110,210,1.1,121,70
980,370,640,200,520,720,2.6,180,370,550,2.0556,170,320,490,1.8824,150,190,340,1.2667,120,120,240,1.0,110,100,210,0.90909,121,70
1000,340,760,200,500,700,2.5,170,370,540,2.1765,160,320,480,2.0,140,210,350,1.5,120,130,250,1.0833,110,110,220,1.0,121,70
990,240,650,200,480,680,2.4,180,350,530,1.9444,160,300,460,1.875,150,200,350,1.3333,120,130,250,1.0833,110,100,210,0.90909,121,70
990,340,660,200,470,670,2.35,180,380,560,2.1111,160,340,500,2.125,150,220,370,1.4667,130,150,280,1.1538,110,110,220,1.0,121,70
1000,330,780,190,480,670,2.5263,170,350,520,2.0588,160,300,460,1.875,140,200,340,1.4286,120,130,250,1.0833,110,110,220,1.0,122,70
1020,220,640,240,460,700,1.9167,220,370,590,1.6818,180,320,500,1.7778,150,210,360,1.4,130,140,270,1.0769,110,120,230,1.0909,121,70
990,380,620,200,560,760,2.8,170,380,550,2.2353,160,330,490,2.0625,140,210,350,1.5,120,130,250,1.0833,110,100,210,0.90909,121,70
990,370,440,200,450,650,2.25,170,370,540,2.1765,150,310,460,2.0667,140,200,340,1.4286,120,130,250,1.0833,110,110,220,1.0,120,70
1010,350,630,210,530,740,2.5238,180,410,590,2.2778,170,340,510,2.0,140,220,360,1.5714,120,140,260,1.1667,100,120,220,1.2,120,69
890,380,760,210,460,670,2.1905,190,360,550,1.8947,180,310,490,1.7222,150,200,350,1.3333,130,120,250,0.92308,120,100,220,0.8333299999999999,120,69
1000,290,700,200,470,670,2.35,170,360,530,2.1176,150,310,460,2.0667,130,200,330,1.5385,120,140,260,1.1667,100,110,210,1.1,120,69
980,300,580,190,480,670,2.5263,160,350,510,2.1875,150,290,440,1.9333,130,170,300,1.3077,120,120,240,1.0,100,100,200,1.0,119,69
1010,270,640,210,480,690,2.2857,180,370,550,2.0556,170,320,490,1.8824,140,200,340,1.4286,130,130,260,1.0,110,100,210,0.90909,119,69
1000,300,780,210,570,780,2.7143,180,390,570,2.1667,170,340,510,2.0,160,220,380,1.375,130,140,270,1.0769,120,100,220,0.8333299999999999,120,69
990,220,700,240,510,750,2.125,240,400,640,1.6667,200,350,550,1.75,170,240,410,1.4118,140,160,300,1.1429,130,130,260,1.0,120,69
990,210,780,210,610,820,2.9048,190,420,610,2.2105,180,370,550,2.0556,160,270,430,1.6875,140,140,280,1.0,130,110,240,0.84615,120,69
1010,210,740,230,540,770,2.3478,230,420,650,1.8261,230,360,590,1.5652,170,240,410,1.4118,140,160,300,1.1429,120,130,250,1.0833,120,69
980,290,750,180,570,750,3.1667,150,430,580,2.8667,150,370,520,2.4667,140,250,390,1.7857,120,140,260,1.1667,110,110,220,1.0,119,69
1010,230,750,250,510,760,2.04,250,370,620,1.48,170,320,490,1.8824,140,200,340,1.4286,110,140,250,1.2727,90,120,210,1.3333,121,70
990,290,720,220,480,700,2.1818,190,340,530,1.7895,180,280,460,1.5556,160,180,340,1.125,140,150,290,1.0714,130,110,240,0.84615,123,70
980,270,740,220,670,890,3.0455,190,420,610,2.2105,190,360,550,1.8947,160,260,420,1.625,140,140,280,1.0,130,110,240,0.84615,124,71
980,230,660,190,470,660,2.4737,170,330,500,1.9412,160,280,440,1.75,140,170,310,1.2143,120,130,250,1.0833,100,110,210,1.1,125,72
970,320,700,210,580,790,2.7619,180,440,620,2.4444,170,380,550,2.2353,150,260,410,1.7333,130,140,270,1.0769,120,110,230,0.91667,125,72
1010,270,720,290,500,790,1.7241,200,440,640,2.2,190,380,570,2.0,150,270,420,1.8,130,160,290,1.2308,110,120,230,1.0909,126,72
960,220,710,240,520,760,2.1667,240,410,650,1.7083,200,360,560,1.8,170,250,420,1.4706,140,160,300,1.1429,130,130,260,1.0,128,74
980,250,660,190,500,690,2.6316,160,360,520,2.25,150,310,460,2.0667,130,170,300,1.3077,110,120,230,1.0909,110,110,220,1.0,128,74
1000,300,660,190,590,780,3.1053,170,440,610,2.5882,150,390,540,2.6,140,280,420,2.0,120,160,280,1.3333,110,130,240,1.1818,128,74
990,340,750,200,560,760,2.8,180,410,590,2.2778,170,360,530,2.1176,150,250,400,1.6667,130,150,280,1.1538,110,110,220,1.0,129,74
670,240,600,210,520,730,2.4762,190,390,580,2.0526,180,340,520,1.8889,160,250,410,1.5625,130,150,280,1.1538,120,110,230,0.91667,131,75
970,290,640,200,490,690,2.45,170,380,550,2.2353,170,320,490,1.8824,140,210,350,1.5,130,130,260,1.0,110,100,210,0.90909,131,75
970,330,670,190,530,720,2.7895,170,390,560,2.2941,160,340,500,2.125,140,230,370,1.6429,120,130,250,1.0833,100,110,210,1.1,131,75
980,300,700,190,520,710,2.7368,150,390,540,2.6,150,340,490,2.2667,110,220,330,2.0,90,140,230,1.5556,80,110,190,1.375,131,75
970,330,670,190,560,750,2.9474,170,420,590,2.4706,160,360,520,2.25,150,250,400,1.6667,120,120,240,1.0,100,100,200,1.0,132,76
970,300,690,190,480,670,2.5263,170,370,540,2.1765,160,320,480,2.0,140,200,340,1.4286,120,130,250,1.0833,110,110,220,1.0,132,76
980,280,720,200,460,660,2.3,180,360,540,2.0,170,310,480,1.8235,150,230,380,1.5333,120,140,260,1.1667,110,110,220,1.0,132,76
960,260,720,220,600,820,2.7273,190,390,580,2.0526,180,330,510,1.8333,160,230,390,1.4375,140,130,270,0.92857,120,110,230,0.91667,132,76
980,240,690,260,520,780,2.0,210,400,610,1.9048,190,380,570,2.0,160,280,440,1.75,140,170,310,1.2143,120,130,250,1.0833,133,76
970,360,470,200,480,680,2.4,170,390,560,2.2941,160,330,490,2.0625,130,210,340,1.6154,120,120,240,1.0,100,100,200,1.0,130,74
950,310,680,200,540,740,2.7,180,380,560,2.1111,160,340,500,2.125,150,230,380,1.5333,120,130,250,1.0833,110,110,220,1.0,130,74
930,270,690,190,700,890,3.6842,170,410,580,2.4118,160,340,500,2.125,140,210,350,1.5,120,130,250,1.0833,100,110,210,1.1,130,74
910,240,680,200,510,710,2.55,180,380,560,2.1111,170,330,500,1.9412,150,220,370,1.4667,130,130,260,1.0,110,100,210,0.90909,131,75
900,230,690,250,520,770,2.08,200,400,600,2.0,180,360,540,2.0,150,250,400,1.6667,130,160,290,1.2308,110,120,230,1.0909,131,75
960,210,600,230,450,680,1.9565,170,340,510,2.0,160,290,450,1.8125,130,180,310,1.3846,110,140,250,1.2727,90,110,200,1.2222,130,75
840,220,580,190,420,610,2.2105,160,330,490,2.0625,150,280,430,1.8667,130,170,300,1.3077,110,120,230,1.0909,100,90,190,0.9,130,75
830,260,610,200,450,650,2.25,180,350,530,1.9444,160,300,460,1.875,150,190,340,1.2667,120,120,240,1.0,110,90,200,0.81818,130,75
870,220,620,190,430,620,2.2632,160,320,480,2.0,160,270,430,1.6875,130,170,300,1.3077,110,110,220,1.0,100,100,200,1.0,130,75
870,250,640,190,650,840,3.4211,180,370,550,2.0556,160,320,480,2.0,140,200,340,1.4286,120,130,250,1.0833,100,110,210,1.1,130,75
870,230,650,200,430,630,2.15,170,330,500,1.9412,170,290,460,1.7059,150,180,330,1.2,140,130,270,0.92857,100,100,200,1.0,131,76
870,220,650,240,460,700,1.9167,210,350,560,1.6667,190,300,490,1.5789,160,210,370,1.3125,130,140,270,1.0769,120,110,230,0.91667,131,76
930,220,540,180,550,730,3.0556,150,390,540,2.6,150,330,480,2.2,120,160,280,1.3333,110,110,220,1.0,100,100,200,1.0,130,76
920,390,600,190,480,670,2.5263,170,360,530,2.1176,160,290,450,1.8125,130,180,310,1.3846,120,120,240,1.0,100,90,190,0.9,130,76
940,320,680,190,480,670,2.5263,160,350,510,2.1875,160,300,460,1.875,130,180,310,1.3846,110,130,240,1.1818,100,100,200,1.0,130,76
930,260,630,200,450,650,2.25,180,330,510,1.8333,160,280,440,1.75,140,180,320,1.2857,120,120,240,1.0,110,90,200,0.81818,130,76
970,370,620,200,630,830,3.15,170,450,620,2.6471,160,370,530,2.3125,140,250,390,1.7857,120,140,260,1.1667,100,100,200,1.0,131,76
960,350,660,200,470,670,2.35,180,350,530,1.9444,170,300,470,1.7647,140,190,330,1.3571,130,120,250,0.92308,110,90,200,0.81818,130,75
980,280,610,210,540,750,2.5714,180,370,550,2.0556,170,300,470,1.7647,150,190,340,1.2667,130,120,250,0.92308,110,100,210,0.90909,130,75
950,370,730,220,480,700,2.1818,190,330,520,1.7368,180,270,450,1.5,160,170,330,1.0625,130,130,260,1.0,120,100,220,0.8333299999999999,130,76
980,220,680,240,460,700,1.9167,200,340,540,1.7,180,290,470,1.6111,150,200,350,1.3333,120,140,260,1.1667,110,120,230,1.0909,130,75
970,300,690,210,500,710,2.381,170,370,540,2.1765,170,300,470,1.7647,140,200,340,1.4286,130,130,260,1.0,110,100,210,0.90909,129,75
990,280,620,200,440,640,2.2,180,360,540,2.0,160,310,470,1.9375,140,200,340,1.4286,120,130,250,1.0833,100,110,210,1.1,129,75
960,370,610,210,490,700,2.3333,180,360,540,2.0,170,320,490,1.8824,150,210,360,1.4,130,130,260,1.0,120,100,220,0.8333299999999999,130,75
990,350,740,200,480,680,2.4,170,370,540,2.1765,160,320,480,2.0,140,200,340,1.4286,120,140,260,1.1667,100,120,220,1.2,130,75
1000,250,770,210,470,680,2.2381,180,340,520,1.8889,160,290,450,1.8125,150,190,340,1.2667,130,130,260,1.0,110,100,210,0.90909,130,75
980,230,530,250,420,670,1.68,190,320,510,1.6842,170,270,440,1.5882,150,170,320,1.1333,130,130,260,1.0,120,100,220,0.8333299999999999,130,75
990,390,590,200,550,750,2.75,170,420,590,2.4706,150,360,510,2.4,130,240,370,1.8462,110,140,250,1.2727,100,110,210,1.1,129,74
1000,400,610,210,450,660,2.1429,170,340,510,2.0,160,290,450,1.8125,140,180,320,1.2857,120,130,250,1.0833,110,100,210,0.90909,130,74
1010,390,710,200,550,750,2.75,170,360,530,2.1176,160,300,460,1.875,140,190,330,1.3571,120,130,250,1.0833,100,100,200,1.0,130,75
980,300,750,210,490,700,2.3333,190,360,550,1.8947,170,330,500,1.9412,160,210,370,1.3125,130,130,260,1.0,120,100,220,0.8333299999999999,130,75
980,230,690,250,500,750,2.0,190,390,580,2.0526,180,340,520,1.8889,160,240,400,1.5,130,150,280,1.1538,120,110,230,0.91667,129,74
1000,290,610,210,450,660,2.1429,170,330,500,1.9412,160,290,450,1.8125,140,180,320,1.2857,120,130,250,1.0833,110,110,220,1.0,129,74
990,390,610,210,550,760,2.619,170,380,550,2.2353,170,320,490,1.8824,140,200,340,1.4286,120,120,240,1.0,110,100,210,0.90909,129,74
980,380,630,220,620,840,2.8182,180,410,590,2.2778,170,350,520,2.0588,150,220,370,1.4667,120,130,250,1.0833,110,100,210,0.90909,128,74
990,350,640,190,490,680,2.5789,180,370,550,2.0556,160,310,470,1.9375,140,200,340,1.4286,120,120,240,1.0,100,100,200,1.0,129,74
980,350,610,210,480,690,2.2857,180,360,540,2.0,180,300,480,1.6667,140,190,330,1.3571,120,130,250,1.0833,100,100,200,1.0,129,74
910,370,730,210,490,700,2.3333,190,350,540,1.8421,180,310,490,1.7222,160,220,380,1.375,130,140,270,1.0769,120,110,230,0.91667,129,74
980,280,590,190,440,630,2.3158,170,320,490,1.8824,160,280,440,1.75,130,170,300,1.3077,120,120,240,1.0,100,100,200,1.0,129,74
990,220,640,180,460,640,2.5556,150,360,510,2.4,140,310,450,2.2143,130,190,320,1.4615,100,140,240,1.4,90,120,210,1.3333,128,73
970,350,710,300,470,770,1.5667,190,340,530,1.7895,170,300,470,1.7647,150,190,340,1.2667,130,130,260,1.0,120,100,220,0.8333299999999999,128,74
960,240,730,200,420,620,2.1,180,310,490,1.7222,170,280,450,1.6471,150,190,340,1.2667,130,120,250,0.92308,110,100,210,0.90909,129,74
970,230,600,250,460,710,1.84,250,340,590,1.36,200,300,500,1.5,160,210,370,1.3125,140,140,280,1.0,120,110,230,0.91667,128,74
960,370,380,200,390,590,1.95,170,360,530,2.1176,160,300,460,1.875,140,180,320,1.2857,120,120,240,1.0,110,100,210,0.90909,128,74
950,240,660,230,580,810,2.5217,180,400,580,2.2222,160,340,500,2.125,140,220,360,1.5714,110,140,250,1.2727,100,110,210,1.1,128,74
940,290,660,190,450,640,2.3684,170,340,510,2.0,160,290,450,1.8125,130,180,310,1.3846,110,120,230,1.0909,100,100,200,1.0,128,74
960,280,610,190,440,630,2.3158,170,330,500,1.9412,160,270,430,1.6875,140,180,320,1.2857,110,120,230,1.0909,110,100,210,0.90909,129,74
970,350,740,200,550,750,2.75,180,360,540,2.0,170,310,480,1.8235,150,200,350,1.3333,120,140,260,1.1667,110,110,220,1.0,129,75
970,250,650,200,450,650,2.25,180,340,520,1.8889,170,290,460,1.7059,150,180,330,1.2,120,120,240,1.0,110,100,210,0.90909,128,75
980,320,740,210,450,660,2.1429,180,330,510,1.8333,160,270,430,1.6875,150,160,310,1.0667,120,120,240,1.0,110,100,210,0.90909,129,75
970,240,760,210,480,690,2.2857,190,360,550,1.8947,170,310,480,1.8235,150,200,350,1.3333,130,130,260,1.0,110,110,220,1.0,129,75
990,210,620,230,450,680,1.9565,230,330,560,1.4348,230,270,500,1.1739,160,210,370,1.3125,140,150,290,1.0714,120,120,240,1.0,128,74
1000,370,630,190,570,760,3.0,170,400,570,2.3529,150,340,490,2.2667,140,210,350,1.5,110,130,240,1.1818,100,110,210,1.1,128,74
990,290,720,210,520,730,2.4762,180,390,570,2.1667,170,320,490,1.8824,150,210,360,1.4,130,120,250,0.92308,110,100,210,0.90909,128,74
1000,270,630,210,450,660,2.1429,190,350,540,1.8421,180,330,510,1.8333,150,220,370,1.4667,130,130,260,1.0,120,100,220,0.8333299999999999,128,74
980,240,750,260,510,770,1.9615,200,390,590,1.95,200,370,570,1.85,170,260,430,1.5294,140,160,300,1.1429,120,120,240,1.0,128,74
990,230,650,250,470,720,1.88,210,360,570,1.7143,180,310,490,1.7222,160,190,350,1.1875,140,140,280,1.0,120,120,240,1.0,127,73
980,340,650,200,660,860,3.3,170,400,570,2.3529,170,340,510,2.0,140,210,350,1.5,120,130,250,1.0833,100,100,200,1.0,127,73
990,330,690,190,550,740,2.8947,170,400,570,2.3529,160,340,500,2.125,140,220,360,1.5714,120,130,250,1.0833,100,110,210,1.1,127,73
990,300,700,200,520,720,2.6,180,390,570,2.1667,160,330,490,2.0625,140,220,360,1.5714,120,140,260,1.1667,100,110,210,1.1,127,73
1000,290,700,200,510,710,2.55,170,380,550,2.2353,170,330,500,1.9412,140,210,350,1.5,130,130,260,1.0,110,110,220,1.0,128,73
1000,300,630,220,500,720,2.2727,190,360,550,1.8947,170,300,470,1.7647,160,190,350,1.1875,130,120,250,0.92308,120,100,220,0.8333299999999999,129,73
1010,230,600,210,440,650,2.0952,170,330,500,1.9412,160,280,440,1.75,130,180,310,1.3846,120,130,250,1.0833,100,110,210,1.1,128,73
990,350,680,220,470,690,2.1364,170,350,520,2.0588,170,300,470,1.7647,140,190,330,1.3571,120,120,240,1.0,100,100,200,1.0,127,73
1010,310,660,200,480,680,2.4,160,360,520,2.25,160,310,470,1.9375,130,200,330,1.5385,120,140,260,1.1667,100,110,210,1.1,128,73
1010,230,770,200,490,690,2.45,170,370,540,2.1765,160,320,480,2.0,140,220,360,1.5714,130,140,270,1.0769,110,110,220,1.0,128,73
980,240,640,260,470,730,1.8077,210,370,580,1.7619,190,320,510,1.6842,170,220,390,1.2941,140,140,280,1.0,130,120,250,0.92308,128,73
990,340,610,190,500,690,2.6316,170,370,540,2.1765,150,310,460,2.0667,140,180,320,1.2857,120,130,250,1.0833,100,110,210,1.1,127,73
990,380,620,190,520,710,2.7368,170,380,550,2.2353,150,320,470,2.1333,140,200,340,1.4286,110,130,240,1.1818,100,110,210,1.1,127,73
960,370,630,190,460,650,2.4211,160,370,530,2.3125,140,300,440,2.1429,130,180,310,1.3846,110,130,240,1.1818,100,100,200,1.0,127,73
940,330,620,200,440,640,2.2,170,350,520,2.0588,170,300,470,1.7647,140,200,340,1.4286,120,130,250,1.0833,100,100,200,1.0,126,72
950,320,710,200,470,670,2.35,180,350,530,1.9444,160,280,440,1.75,150,150,300,1.0,120,110,230,0.91667,110,90,200,0.81818,127,72
980,240,560,200,430,630,2.15,180,320,500,1.7778,170,270,440,1.5882,140,170,310,1.2143,130,120,250,0.92308,110,110,220,1.0,127,73
1040,360,610,210,460,670,2.1905,180,330,510,1.8333,170,270,440,1.5882,150,170,320,1.1333,120,120,240,1.0,110,100,210,0.90909,126,72
1000,380,610,190,470,660,2.4737,170,350,520,2.0588,150,300,450,2.0,140,190,330,1.3571,120,130,250,1.0833,100,100,200,1.0,126,73
1000,390,610,210,440,650,2.0952,170,330,500,1.9412,160,280,440,1.75,140,190,330,1.3571,110,140,250,1.2727,110,110,220,1.0,127,73
1000,390,590,200,520,720,2.6,180,380,560,2.1111,160,330,490,2.0625,150,220,370,1.4667,120,140,260,1.1667,110,110,220,1.0,127,73
990,270,620,190,450,640,2.3684,170,360,530,2.1176,160,310,470,1.9375,140,200,340,1.4286,120,130,250,1.0833,110,110,220,1.0,125,72
970,240,740,230,450,680,1.9565,190,360,550,1.8947,180,310,490,1.7222,160,200,360,1.25,130,130,260,1.0,120,100,220,0.8333299999999999,126,72
990,230,660,250,490,740,1.96,190,390,580,2.0526,170,340,510,2.0,150,240,390,1.6,130,160,290,1.2308,110,130,240,1.1818,125,72
990,330,520,200,420,620,2.1,170,320,490,1.8824,160,260,420,1.625,130,160,290,1.2308,120,120,240,1.0,100,100,200,1.0,125,72
1000,380,600,190,490,680,2.5789,160,370,530,2.3125,150,310,460,2.0667,140,190,330,1.3571,110,130,240,1.1818,90,110,200,1.2222,125,72
990,400,610,220,480,700,2.1818,170,360,530,2.1176,170,300,470,1.7647,140,190,330,1.3571,130,130,260,1.0,110,100,210,0.90909,125,72
990,380,700,240,520,760,2.1667,190,390,580,2.0526,170,340,510,2.0,150,230,380,1.5333,120,140,260,1.1667,120,100,220,0.8333299999999999,126,72
990,290,550,210,520,730,2.4762,190,380,570,2.0,170,310,480,1.8235,150,190,340,1.2667,120,130,250,1.0833,110,100,210,0.90909,126,72
970,220,570,200,420,620,2.1,170,310,480,1.8235,150,260,410,1.7333,140,160,300,1.1429,120,120,240,1.0,100,110,210,1.1,124,72
1000,400,630,190,500,690,2.6316,160,380,540,2.375,150,330,480,2.2,120,210,330,1.75,100,140,240,1.4,90,120,210,1.3333,124,72
990,370,610,190,520,710,2.7368,160,380,540,2.375,160,320,480,2.0,140,190,330,1.3571,120,130,250,1.0833,100,100,200,1.0,124,72
980,380,610,200,460,660,2.3,170,350,520,2.0588,160,300,460,1.875,140,190,330,1.3571,110,130,240,1.1818,100,100,200,1.0,124,71
980,370,580,210,480,690,2.2857,180,360,540,2.0,170,300,470,1.7647,140,190,330,1.3571,130,130,260,1.0,110,110,220,1.0,124,72
980,400,750,200,440,640,2.2,180,340,520,1.8889,170,290,460,1.7059,150,190,340,1.2667,120,130,250,1.0833,110,110,220,1.0,124,72
980,230,600,250,430,680,1.72,250,310,560,1.24,220,250,470,1.1364,170,160,330,0.94118,140,120,260,0.85714,130,100,230,0.76923,123,72
980,380,630,200,540,740,2.7,170,380,550,2.2353,150,320,470,2.1333,140,190,330,1.3571,120,130,250,1.0833,100,110,210,1.1,123,71
990,380,610,190,480,670,2.5263,160,360,520,2.25,160,300,460,1.875,130,190,320,1.4615,110,130,240,1.1818,100,100,200,1.0,123,71
980,380,620,220,430,650,1.9545,180,320,500,1.7778,170,270,440,1.5882,150,190,340,1.2667,130,120,250,0.92308,110,100,210,0.90909,123,71
980,360,550,210,560,770,2.6667,180,390,570,2.1667,160,330,490,2.0625,150,220,370,1.4667,130,140,270,1.0769,120,100,220,0.8333299999999999,124,72
1020,210,590,230,460,690,2.0,230,330,560,1.4348,180,270,450,1.5,150,180,330,1.2,110,140,250,1.2727,110,120,230,1.0909,123,72
990,370,650,200,500,700,2.5,170,370,540,2.1765,160,310,470,1.9375,140,190,330,1.3571,120,130,250,1.0833,100,100,200,1.0,122,71
1000,310,590,190,520,710,2.7368,170,360,530,2.1176,160,310,470,1.9375,140,190,330,1.3571,100,140,240,1.4,100,120,220,1.2,123,72
1010,260,650,210,450,660,2.1429,170,320,490,1.8824,160,270,430,1.6875,140,180,320,1.2857,110,130,240,1.1818,110,110,220,1.0,123,72
980,360,630,210,640,850,3.0476,180,390,570,2.1667,160,330,490,2.0625,150,210,360,1.4,120,130,250,1.0833,110,100,210,0.90909,122,71
1000,350,540,190,500,690,2.6316,170,380,550,2.2353,150,330,480,2.2,140,220,360,1.5714,100,140,240,1.4,100,120,220,1.2,122,71
1000,360,650,190,570,760,3.0,170,400,570,2.3529,150,330,480,2.2,140,200,340,1.4286,110,140,250,1.2727,90,120,210,1.3333,122,70
1010,350,590,190,460,650,2.4211,170,360,530,2.1176,150,310,460,2.0667,130,210,340,1.6154,110,140,250,1.2727,90,120,210,1.3333,122,71
970,360,600,200,480,680,2.4,170,350,520,2.0588,160,290,450,1.8125,140,190,330,1.3571,100,120,220,1.2,100,110,210,1.1,121,70
990,370,770,240,500,740,2.0833,180,360,540,2.0,160,300,460,1.875,140,180,320,1.2857,120,130,250,1.0833,110,100,210,0.90909,120,70
990,220,570,190,480,670,2.5263,170,360,530,2.1176,160,310,470,1.9375,140,200,340,1.4286,110,130,240,1.1818,100,110,210,1.1,121,70
990,210,580,230,450,680,1.9565,230,340,570,1.4783,180,280,460,1.5556,150,180,330,1.2,120,140,260,1.1667,110,120,230,1.0909,121,70
950,380,620,200,470,670,2.35,160,360,520,2.25,160,300,460,1.875,140,190,330,1.3571,120,130,250,1.0833,100,100,200,1.0,119,69
1020,330,620,210,470,680,2.2381,150,350,500,2.3333,140,310,450,2.2143,120,210,330,1.75,90,150,240,1.6667,80,140,220,1.75,119,69
980,400,550,210,520,730,2.4762,180,370,550,2.0556,170,320,490,1.8824,150,210,360,1.4,130,130,260,1.0,120,100,220,0.8333299999999999,119,69
1020,220,600,240,460,700,1.9167,240,340,580,1.4167,190,270,460,1.4211,150,170,320,1.1333,120,130,250,1.0833,120,110,230,0.91667,119,69
1010,290,760,220,450,670,2.0455,180,340,520,1.8889,170,280,450,1.6471,150,170,320,1.1333,130,150,280,1.1538,110,130,240,1.1818,120,70
1010,250,670,270,510,780,1.8889,220,410,630,1.8636,200,350,550,1.75,170,250,420,1.4706,140,160,300,1.1429,130,120,250,0.92308,119,70
1040,340,660,200,540,740,2.7,180,400,580,2.2222,160,330,490,2.0625,140,210,350,1.5,120,140,260,1.1667,100,120,220,1.2,119,70
1020,380,640,220,560,780,2.5455,190,410,600,2.1579,180,350,530,1.9444,150,230,380,1.5333,130,130,260,1.0,120,110,230,0.91667,119,69
1000,380,700,210,510,720,2.4286,190,400,590,2.1053,170,340,510,2.0,160,230,390,1.4375,130,130,260,1.0,120,100,220,0.8333299999999999,119,69
1010,300,660,210,480,690,2.2857,180,350,530,1.9444,170,300,470,1.7647,150,200,350,1.3333,130,130,260,1.0,120,100,220,0.8333299999999999,120,69
1000,350,760,220,490,710,2.2273,190,350,540,1.8421,180,290,470,1.6111,160,210,370,1.3125,140,140,280,1.0,120,110,230,0.91667,121,70
990,240,770,210,490,700,2.3333,180,360,540,2.0,170,310,480,1.8235,150,200,350,1.3333,130,130,260,1.0,110,110,220,1.0,121,70
1020,220,610,240,450,690,1.875,240,330,570,1.375,230,290,520,1.2609,170,220,390,1.2941,140,150,290,1.0714,120,120,240,1.0,121,70
1000,230,690,190,550,740,2.8947,170,370,540,2.1765,150,340,490,2.2667,140,210,350,1.5,110,140,250,1.2727,90,110,200,1.2222,121,69
1000,310,770,190,580,770,3.0526,170,380,550,2.2353,160,330,490,2.0625,140,210,350,1.5,120,140,260,1.1667,90,120,210,1.3333,122,70
1010,230,790,250,490,740,1.96,200,400,600,2.0,180,400,580,2.2222,150,260,410,1.7333,130,170,300,1.3077,110,130,240,1.1818,121,70
1010,220,620,240,450,690,1.875,180,330,510,1.8333,170,270,440,1.5882,140,180,320,1.2857,100,130,230,1.3,100,110,210,1.1,121,70
1010,390,420,210,430,640,2.0476,170,400,570,2.3529,160,330,490,2.0625,140,200,340,1.4286,110,130,240,1.1818,100,110,210,1.1,121,70
1000,350,630,250,490,740,1.96,180,400,580,2.2222,170,340,510,2.0,150,200,350,1.3333,110,130,240,1.1818,110,110,220,1.0,120,69
1000,370,610,200,620,820,3.1,180,420,600,2.3333,160,350,510,2.1875,150,220,370,1.4667,110,140,250,1.2727,110,110,220,1.0,120,69
970,390,750,200,500,700,2.5,180,350,530,1.9444,170,310,480,1.8235,150,190,340,1.2667,120,130,250,1.0833,110,110,220,1.0,121,70
990,220,650,240,480,720,2.0,220,380,600,1.7273,180,340,520,1.8889,150,250,400,1.6667,120,160,280,1.3333,110,140,250,1.2727,121,70
1000,340,600,190,490,680,2.5789,160,360,520,2.25,150,300,450,2.0,130,180,310,1.3846,110,130,240,1.1818,100,110,210,1.1,120,70
990,360,630,190,530,720,2.7895,160,400,560,2.5,160,350,510,2.1875,130,230,360,1.7692,110,140,250,1.2727,100,110,210,1.1,119,69
1000,360,600,190,490,680,2.5789,170,380,550,2.2353,150,320,470,2.1333,140,200,340,1.4286,110,140,250,1.2727,100,120,220,1.2,119,69
980,230,550,200,420,620,2.1,180,320,500,1.7778,170,270,440,1.5882,150,170,320,1.1333,120,120,240,1.0,120,100,220,0.8333299999999999,121,70
980,380,620,200,490,690,2.45,170,380,550,2.2353,160,320,480,2.0,140,200,340,1.4286,120,130,250,1.0833,110,100,210,0.90909,120,70
990,360,630,200,470,670,2.35,170,360,530,2.1176,160,320,480,2.0,130,200,330,1.5385,110,130,240,1.1818,110,110,220,1.0,120,70
940,360,600,210,500,710,2.381,180,360,540,2.0,170,310,480,1.8235,150,200,350,1.3333,130,130,260,1.0,110,100,210,0.90909,120,70
1020,340,610,170,550,720,3.2353,150,420,570,2.8,140,360,500,2.5714,120,240,360,2.0,90,160,250,1.7778,80,130,210,1.625,121,70
980,380,630,210,580,790,2.7619,180,410,590,2.2778,160,350,510,2.1875,140,210,350,1.5,120,130,250,1.0833,100,120,220,1.2,121,70
980,350,660,200,510,710,2.55,170,380,550,2.2353,160,330,490,2.0625,130,210,340,1.6154,120,130,250,1.0833,100,110,210,1.1,121,70
980,320,590,200,430,630,2.15,170,300,470,1.7647,160,260,420,1.625,140,190,330,1.3571,120,130,250,1.0833,110,100,210,0.90909,122,71
980,390,740,210,500,710,2.381,170,370,540,2.1765,170,320,490,1.8824,140,210,350,1.5,130,130,260,1.0,110,110,220,1.0,122,71
980,240,770,260,490,750,1.8846,220,370,590,1.6818,190,340,530,1.7895,160,260,420,1.625,140,150,290,1.0714,120,120,240,1.0,122,71
990,210,630,230,450,680,1.9565,190,330,520,1.7368,170,280,450,1.6471,140,180,320,1.2857,120,130,250,1.0833,100,110,210,1.1,121,71
990,360,400,200,410,610,2.05,160,340,500,2.125,160,290,450,1.8125,130,170,300,1.3077,120,120,240,1.0,100,100,200,1.0,121,70
980,360,590,190,470,660,2.4737,170,350,520,2.0588,160,290,450,1.8125,130,180,310,1.3846,110,130,240,1.1818,100,100,200,1.0,121,70
970,390,710,210,500,710,2.381,180,370,550,2.0556,170,310,480,1.8235,150,190,340,1.2667,120,120,240,1.0,110,100,210,0.90909,122,71
980,260,750,210,590,800,2.8095,190,390,580,2.0526,170,340,510,2.0,150,210,360,1.4,130,140,270,1.0769,110,110,220,1.0,122,71
980,230,620,250,480,730,1.92,200,370,570,1.85,190,320,510,1.6842,160,210,370,1.3125,130,140,270,1.0769,120,120,240,1.0,121,71
990,350,680,190,500,690,2.6316,160,370,530,2.3125,150,320,470,2.1333,130,200,330,1.5385,110,140,250,1.2727,90,120,210,1.3333,120,70
980,310,680,200,470,670,2.35,170,340,510,2.0,160,290,450,1.8125,140,180,320,1.2857,120,130,250,1.0833,110,100,210,0.90909,120,70
980,300,590,200,560,760,2.8,180,380,560,2.1111,160,310,470,1.9375,140,190,330,1.3571,120,130,250,1.0833,110,110,220,1.0,121,70
980,390,650,220,430,650,1.9545,190,310,500,1.6316,170,250,420,1.4706,140,170,310,1.2143,120,120,240,1.0,110,100,210,0.90909,121,70
980,350,580,200,590,790,2.95,160,440,600,2.75,160,360,520,2.25,130,210,340,1.6154,120,140,260,1.1667,100,110,210,1.1,120,70
1030,400,630,180,560,740,3.1111,160,400,560,2.5,150,350,500,2.3333,130,220,350,1.6923,100,140,240,1.4,90,110,200,1.2222,120,69
980,390,590,200,440,640,2.2,170,330,500,1.9412,160,270,430,1.6875,140,170,310,1.2143,120,120,240,1.0,110,100,210,0.90909,120,69
980,390,560,210,480,690,2.2857,180,350,530,1.9444,170,290,460,1.7059,140,160,300,1.1429,130,110,240,0.84615,110,100,210,0.90909,121,69
980,210,630,230,450,680,1.9565,230,320,550,1.3913,230,260,490,1.1304,160,200,360,1.25,130,150,280,1.1538,110,130,240,1.1818,119,69
990,350,590,190,560,750,2.9474,150,390,540,2.6,150,330,480,2.2,120,180,300,1.5,110,130,240,1.1818,90,110,200,1.2222,119,69
980,340,600,280,450,730,1.6071,180,350,530,1.9444,180,330,510,1.8333,150,200,350,1.3333,130,130,260,1.0,120,100,220,0.8333299999999999,119,69
990,380,590,210,600,810,2.8571,190,420,610,2.2105,170,360,530,2.1176,150,230,380,1.5333,130,140,270,1.0769,120,110,230,0.91667,119,69
970,230,750,250,510,760,2.04,210,410,620,1.9524,190,360,550,1.8947,170,250,420,1.4706,140,160,300,1.1429,130,120,250,0.92308,119,69
980,220,600,240,460,700,1.9167,200,340,540,1.7,180,280,460,1.5556,150,180,330,1.2,130,120,250,0.92308,110,110,220,1.0,119,69
980,360,640,190,500,690,2.6316,170,390,560,2.2941,150,330,480,2.2,130,210,340,1.6154,110,130,240,1.1818,90,110,200,1.2222,119,69
980,340,600,200,470,670,2.35,170,360,530,2.1176,150,300,450,2.0,140,180,320,1.2857,120,120,240,1.0,110,100,210,0.90909,119,69
900,380,600,210,580,790,2.7619,180,390,570,2.1667,170,320,490,1.8824,150,200,350,1.3333,130,120,250,0.92308,110,100,210,0.90909,120,70
970,320,580,190,500,690,2.6316,160,360,520,2.25,160,290,450,1.8125,140,170,310,1.2143,120,120,240,1.0,100,100,200,1.0,120,70
980,390,620,210,520,730,2.4762,170,390,560,2.2941,150,330,480,2.2,130,190,320,1.4615,110,120,230,1.0909,90,110,200,1.2222,120,70
980,360,640,200,530,730,2.65,170,400,570,2.3529,150,350,500,2.3333,130,240,370,1.8462,120,130,250,1.0833,100,100,200,1.0,120,70
960,340,610,190,450,640,2.3684,170,350,520,2.0588,160,290,450,1.8125,140,180,320,1.2857,120,130,250,1.0833,100,100,200,1.0,121,71
970,350,570,180,460,640,2.5556,160,340,500,2.125,150,280,430,1.8667,130,210,340,1.6154,110,130,240,1.1818,90,110,200,1.2222,122,71
990,400,770,190,480,670,2.5263,170,360,530,2.1176,150,300,450,2.0,140,190,330,1.3571,110,130,240,1.1818,100,110,210,1.1,122,71
920,220,600,240,430,670,1.7917,240,330,570,1.375,240,320,560,1.3333,170,210,380,1.2353,130,140,270,1.0769,120,120,240,1.0,121,71
920,320,590,180,500,680,2.7778,160,370,530,2.3125,150,310,460,2.0667,130,170,300,1.3077,100,130,230,1.3,90,100,190,1.1111,121,71
940,330,520,180,480,660,2.6667,160,360,520,2.25,140,310,450,2.2143,130,170,300,1.3077,100,130,230,1.3,90,110,200,1.2222,120,70
910,300,730,190,470,660,2.4737,160,340,500,2.125,150,270,420,1.8,140,160,300,1.1429,120,110,230,0.91667,110,100,210,0.90909,121,70
980,180,560,170,450,620,2.6471,150,360,510,2.4,140,300,440,2.1429,120,190,310,1.5833,100,140,240,1.4,90,120,210,1.3333,121,71
990,350,590,190,490,680,2.5789,160,340,500,2.125,150,270,420,1.8,140,170,310,1.2143,110,120,230,1.0909,100,110,210,1.1,120,71
980,400,590,210,500,710,2.381,170,370,540,2.1765,160,320,480,2.0,140,180,320,1.2857,120,120,240,1.0,100,90,190,0.9,119,70
980,390,590,190,500,690,2.6316,170,360,530,2.1176,160,310,470,1.9375,130,180,310,1.3846,110,120,230,1.0909,80,100,180,1.25,120,70
980,390,570,200,480,680,2.4,180,350,530,1.9444,160,290,450,1.8125,140,180,320,1.2857,120,120,240,1.0,100,100,200,1.0,120,71
1020,320,590,210,460,670,2.1905,160,340,500,2.125,150,270,420,1.8,130,180,310,1.3846,110,140,250,1.2727,90,110,200,1.2222,120,70
1000,370,630,200,640,840,3.2,170,440,610,2.5882,160,380,540,2.375,130,260,390,2.0,110,150,260,1.3636,100,100,200,1.0,119,70
750,370,590,200,490,690,2.45,170,370,540,2.1765,160,320,480,2.0,140,200,340,1.4286,110,140,250,1.2727,100,120,220,1.2,119,70
990,310,690,190,480,670,2.5263,170,330,500,1.9412,160,270,430,1.6875,130,170,300,1.3077,120,130,250,1.0833,100,110,210,1.1,118,69
980,300,630,200,530,730,2.65,170,370,540,2.1765,160,300,460,1.875,140,190,330,1.3571,120,130,250,1.0833,110,100,210,0.90909,118,69
980,350,730,190,540,730,2.8421,170,400,570,2.3529,160,350,510,2.1875,140,210,350,1.5,110,140,250,1.2727,100,110,210,1.1,117,69
980,250,600,200,450,650,2.25,170,330,500,1.9412,160,270,430,1.6875,130,170,300,1.3077,120,130,250,1.0833,100,110,210,1.1,117,69
980,380,590,200,440,640,2.2,170,370,540,2.1765,160,340,500,2.125,140,220,360,1.5714,110,150,260,1.3636,100,120,220,1.2,118,69
990,310,590,220,390,610,1.7727,170,280,450,1.6471,160,220,380,1.375,140,150,290,1.0714,130,120,250,0.92308,110,90,200,0.81818,117,68
980,400,590,210,600,810,2.8571,170,440,610,2.5882,160,360,520,2.25,140,210,350,1.5,110,140,250,1.2727,100,110,210,1.1,117,68
990,390,490,200,440,640,2.2,170,320,490,1.8824,150,270,420,1.8,130,170,300,1.3077,110,130,240,1.1818,100,100,200,1.0,117,68
980,400,620,210,580,790,2.7619,180,410,590,2.2778,160,350,510,2.1875,140,230,370,1.6429,120,130,250,1.0833,100,110,210,1.1,118,68
990,390,600,210,470,680,2.2381,170,360,530,2.1176,160,300,460,1.875,140,180,320,1.2857,120,130,250,1.0833,100,100,200,1.0,117,68
990,390,600,190,470,660,2.4737,170,350,520,2.0588,150,300,450,2.0,140,190,330,1.3571,120,130,250,1.0833,100,110,210,1.1,117,68
990,390,560,220,570,790,2.5909,180,410,590,2.2778,160,350,510,2.1875,140,220,360,1.5714,120,140,260,1.1667,100,110,210,1.1,117,68
1010,200,600,220,450,670,2.0455,220,340,560,1.5455,180,280,460,1.5556,140,180,320,1.2857,120,140,260,1.1667,100,120,220,1.2,116,68
990,370,610,200,490,690,2.45,160,380,540,2.375,150,310,460,2.0667,130,170,300,1.3077,110,120,230,1.0909,100,100,200,1.0,116,68
980,400,580,200,590,790,2.95,170,430,600,2.5294,160,370,530,2.3125,140,220,360,1.5714,110,130,240,1.1818,100,120,220,1.2,116,68
990,210,620,230,450,680,1.9565,230,340,570,1.4783,180,270,450,1.5,150,180,330,1.2,130,140,270,1.0769,110,110,220,1.0,116,68
980,370,630,200,490,690,2.45,170,380,550,2.2353,140,320,460,2.2857,140,190,330,1.3571,110,130,240,1.1818,100,110,210,1.1,115,68
980,370,580,210,590,800,2.8095,170,450,620,2.6471,170,380,550,2.2353,130,240,370,1.8462,120,140,260,1.1667,100,120,220,1.2,116,68
980,400,580,190,490,680,2.5789,170,340,510,2.0,160,260,420,1.625,140,180,320,1.2857,110,130,240,1.1818,110,100,210,0.90909,116,68
980,380,610,210,530,740,2.5238,170,390,560,2.2941,160,330,490,2.0625,140,170,310,1.2143,120,120,240,1.0,110,100,210,0.90909,115,68
980,370,630,200,530,730,2.65,170,380,550,2.2353,150,310,460,2.0667,140,190,330,1.3571,110,130,240,1.1818,110,110,220,1.0,115,68
1000,350,630,220,480,700,2.1818,170,370,540,2.1765,170,320,490,1.8824,140,200,340,1.4286,120,130,250,1.0833,100,110,210,1.1,115,67
990,370,560,210,570,780,2.7143,180,410,590,2.2778,170,340,510,2.0,140,180,320,1.2857,120,120,240,1.0,110,100,210,0.90909,115,67
1000,220,640,240,450,690,1.875,220,350,570,1.5909,190,300,490,1.5789,160,200,360,1.25,130,140,270,1.0769,120,120,240,1.0,115,67
1000,360,460,200,470,670,2.35,170,410,580,2.4118,160,330,490,2.0625,130,180,310,1.3846,120,130,250,1.0833,100,100,200,1.0,115,67
1000,360,620,280,530,810,1.8929,170,410,580,2.4118,160,340,500,2.125,140,210,350,1.5,120,140,260,1.1667,100,110,210,1.1,115,67
990,380,590,200,580,780,2.9,170,410,580,2.4118,160,340,500,2.125,140,210,350,1.5,120,130,250,1.0833,110,110,220,1.0,115,67
980,400,770,200,470,670,2.35,180,340,520,1.8889,170,290,460,1.7059,150,180,330,1.2,120,130,250,1.0833,110,110,220,1.0,115,67
1040,210,650,230,460,690,2.0,210,330,540,1.5714,170,290,460,1.7059,140,190,330,1.3571,120,140,260,1.1667,100,130,230,1.3,116,67
1020,390,600,220,530,750,2.4091,180,370,550,2.0556,170,310,480,1.8235,140,180,320,1.2857,130,120,250,0.92308,110,100,210,0.90909,115,67
1010,330,710,240,550,790,2.2917,170,390,560,2.2941,160,340,500,2.125,140,220,360,1.5714,110,150,260,1.3636,110,110,220,1.0,114,66
1010,300,610,190,620,810,3.2632,160,430,590,2.6875,150,370,520,2.4667,130,210,340,1.6154,110,140,250,1.2727,80,120,200,1.5,114,66
1030,400,680,200,500,700,2.5,170,400,570,2.3529,160,340,500,2.125,130,220,350,1.6923,120,150,270,1.25,90,130,220,1.4444,114,66
980,360,650,210,550,760,2.619,180,380,560,2.1111,180,320,500,1.7778,150,190,340,1.2667,130,120,250,0.92308,110,100,210,0.90909,114,66
980,320,660,200,530,730,2.65,170,420,590,2.4706,170,360,530,2.1176,140,220,360,1.5714,120,140,260,1.1667,110,120,230,1.0909,113,66
1000,360,640,210,580,790,2.7619,180,410,590,2.2778,170,340,510,2.0,150,200,350,1.3333,120,130,250,1.0833,110,110,220,1.0,114,66
970,360,630,220,550,770,2.5,190,410,600,2.1579,180,360,540,2.0,150,230,380,1.5333,140,130,270,0.92857,120,100,220,0.8333299999999999,114,66
960,340,620,210,520,730,2.4762,190,380,570,2.0,180,310,490,1.7222,160,190,350,1.1875,140,110,250,0.78571,110,90,200,0.81818,115,66
980,340,740,200,640,840,3.2,180,410,590,2.2778,170,350,520,2.0588,150,250,400,1.6667,120,160,280,1.3333,110,130,240,1.1818,116,67
970,240,610,260,440,700,1.6923,260,330,590,1.2692,230,270,500,1.1739,180,160,340,0.88889,150,130,280,0.86667,130,120,250,0.92308,116,67
980,360,640,210,480,690,2.2857,170,370,540,2.1765,160,310,470,1.9375,140,190,330,1.3571,110,130,240,1.1818,110,110,220,1.0,116,67
980,350,680,200,510,710,2.55,170,380,550,2.2353,160,330,490,2.0625,130,220,350,1.6923,120,140,260,1.1667,100,110,210,1.1,116,67
980,300,660,200,490,690,2.45,170,340,510,2.0,160,320,480,2.0,140,200,340,1.4286,120,130,250,1.0833,110,110,220,1.0,117,67
970,320,570,200,450,650,2.25,180,330,510,1.8333,170,270,440,1.5882,140,170,310,1.2143,120,130,250,1.0833,110,100,210,0.90909,118,68
990,300,640,190,510,700,2.6842,160,370,530,2.3125,140,300,440,2.1429,130,190,320,1.4615,100,140,240,1.4,90,110,200,1.2222,117,68
970,350,500,200,510,710,2.55,170,380,550,2.2353,160,320,480,2.0,140,190,330,1.3571,120,130,250,1.0833,100,100,200,1.0,117,68
960,330,660,200,520,720,2.6,180,370,550,2.0556,160,310,470,1.9375,150,190,340,1.2667,120,130,250,1.0833,110,100,210,0.90909,118,68
960,230,690,250,490,740,1.96,230,390,620,1.6957,200,340,540,1.7,170,250,420,1.4706,140,160,300,1.1429,130,120,250,0.92308,118,68
960,270,660,220,630,850,2.8636,180,370,550,2.0556,160,310,470,1.9375,130,190,320,1.4615,120,130,250,1.0833,100,110,210,1.1,118,68
960,300,590,190,600,790,3.1579,170,450,620,2.6471,150,340,490,2.2667,130,200,330,1.5385,110,130,240,1.1818,90,100,190,1.1111,118,68
970,370,610,200,450,650,2.25,170,330,500,1.9412,150,280,430,1.8667,130,170,300,1.3077,110,130,240,1.1818,100,100,200,1.0,118,68
960,360,570,200,450,650,2.25,180,330,510,1.8333,160,280,440,1.75,140,170,310,1.2143,120,120,240,1.0,100,110,210,1.1,118,68
980,390,580,220,400,620,1.8182,180,290,470,1.6111,170,230,400,1.3529,140,150,290,1.0714,120,100,220,0.8333299999999999,100,80,180,0.8,120,69
940,400,740,220,510,730,2.3182,190,350,540,1.8421,180,300,480,1.6667,160,210,370,1.3125,130,140,270,1.0769,120,110,230,0.91667,119,69
980,200,440,220,390,610,1.7727,220,290,510,1.3182,180,240,420,1.3333,140,170,310,1.2143,120,140,260,1.1667,100,120,220,1.2,119,69
970,260,640,190,480,670,2.5263,170,360,530,2.1176,160,310,470,1.9375,140,200,340,1.4286,120,140,260,1.1667,100,110,210,1.1,119,69
950,330,720,210,690,900,3.2857,180,410,590,2.2778,180,370,550,2.0556,150,300,450,2.0,130,160,290,1.2308,110,120,230,1.0909,120,69
950,230,740,210,500,710,2.381,180,370,550,2.0556,160,310,470,1.9375,150,210,360,1.4,120,130,250,1.0833,110,110,220,1.0,120,70
990,210,500,230,420,650,1.8261,230,330,560,1.4348,180,280,460,1.5556,150,190,340,1.2667,110,150,260,1.3636,110,120,230,1.0909,120,70
930,370,590,200,560,760,2.8,180,430,610,2.3889,160,370,530,2.3125,140,230,370,1.6429,120,140,260,1.1667,100,110,210,1.1,120,70
970,340,650,200,490,690,2.45,170,370,540,2.1765,160,310,470,1.9375,150,190,340,1.2667,120,120,240,1.0,110,100,210,0.90909,120,70
950,210,730,200,420,620,2.1,180,320,500,1.7778,180,270,450,1.5,140,170,310,1.2143,120,120,240,1.0,110,100,210,0.90909,121,70
980,220,600,240,460,700,1.9167,190,360,550,1.8947,170,310,480,1.8235,140,220,360,1.5714,120,160,280,1.3333,100,130,230,1.3,122,71
990,380,590,200,600,800,3.0,170,400,570,2.3529,150,330,480,2.2,140,190,330,1.3571,110,130,240,1.1818,110,110,220,1.0,122,71
970,400,610,200,480,680,2.4,170,370,540,2.1765,160,310,470,1.9375,140,180,320,1.2857,120,120,240,1.0,110,90,200,0.81818,121,70
960,360,600,190,480,670,2.5263,160,360,520,2.25,140,300,440,2.1429,120,180,300,1.5,100,120,220,1.2,80,100,180,1.25,121,70
970,360,550,190,500,690,2.6316,160,360,520,2.25,150,300,450,2.0,140,180,320,1.2857,110,120,230,1.0909,100,110,210,1.1,122,70
960,350,710,200,520,720,2.6,180,390,570,2.1667,160,330,490,2.0625,130,210,340,1.6154,120,130,250,1.0833,100,110,210,1.1,121,70
970,300,590,190,550,740,2.8947,170,390,560,2.2941,160,320,480,2.0,140,200,340,1.4286,120,130,250,1.0833,110,110,220,1.0,121,70
950,380,740,210,460,670,2.1905,190,400,590,2.1053,180,380,560,2.1111,150,260,410,1.7333,130,140,270,1.0769,120,110,230,0.91667,121,70
960,210,750,230,540,770,2.3478,180,440,620,2.4444,170,380,550,2.2353,140,270,410,1.9286,120,170,290,1.4167,110,140,250,1.2727,121,70
990,210,520,230,430,660,1.8696,170,320,490,1.8824,150,260,410,1.7333,140,170,310,1.2143,110,130,240,1.1818,110,110,220,1.0,120,70
970,310,630,190,580,770,3.0526,160,430,590,2.6875,160,370,530,2.3125,140,220,360,1.5714,120,140,260,1.1667,100,110,210,1.1,120,70
970,340,660,210,510,720,2.4286,180,400,580,2.2222,170,330,500,1.9412,150,200,350,1.3333,130,130,260,1.0,110,100,210,0.90909,121,70
940,190,710,210,500,710,2.381,190,360,550,1.8947,180,310,490,1.7222,150,210,360,1.4,140,130,270,0.92857,120,110,230,0.91667,123,71
970,230,610,250,450,700,1.8,250,340,590,1.36,190,290,480,1.5263,150,190,340,1.2667,120,140,260,1.1667,110,120,230,1.0909,123,71
950,310,610,190,580,770,3.0526,170,410,580,2.4118,160,340,500,2.125,140,200,340,1.4286,110,130,240,1.1818,100,110,210,1.1,123,71
960,340,660,190,530,720,2.7895,170,410,580,2.4118,160,350,510,2.1875,130,240,370,1.8462,110,170,280,1.5455,100,130,230,1.3,124,71
960,300,690,200,700,900,3.5,170,410,580,2.4118,170,340,510,2.0,140,210,350,1.5,120,130,250,1.0833,100,110,210,1.1,124,71
950,270,720,230,460,690,2.0,190,310,500,1.6316,180,260,440,1.4444,160,200,360,1.25,130,140,270,1.0769,120,120,240,1.0,124,72
960,230,630,250,460,710,1.84,250,340,590,1.36,200,280,480,1.4,160,190,350,1.1875,140,140,280,1.0,120,110,230,0.91667,124,72
950,350,630,200,460,660,2.3,170,350,520,2.0588,160,300,460,1.875,140,180,320,1.2857,110,120,230,1.0909,110,100,210,0.90909,123,71
950,320,610,280,490,770,1.75,180,400,580,2.2222,160,350,510,2.1875,140,200,340,1.4286,120,130,250,1.0833,100,120,220,1.2,123,71
960,340,560,190,540,730,2.8421,170,370,540,2.1765,160,310,470,1.9375,130,170,300,1.3077,120,130,250,1.0833,100,100,200,1.0,123,71
950,400,440,210,450,660,2.1429,180,370,550,2.0556,170,310,480,1.8235,150,210,360,1.4,130,130,260,1.0,120,100,220,0.8333299999999999,124,71
960,310,590,200,450,650,2.25,160,330,490,2.0625,150,270,420,1.8,130,160,290,1.2308,110,120,230,1.0909,100,110,210,1.1,123,71
960,340,640,230,450,680,1.9565,170,350,520,2.0588,160,280,440,1.75,140,170,310,1.2143,110,120,230,1.0909,100,110,210,1.1,122,71
980,320,660,190,670,860,3.5263,160,390,550,2.4375,150,320,470,2.1333,120,210,330,1.75,100,140,240,1.4,80,110,190,1.375,122,71
950,240,740,260,450,710,1.7308,190,310,500,1.6316,180,250,430,1.3889,160,150,310,0.9375,130,100,230,0.76923,110,80,190,0.72727,123,71
980,210,620,230,450,680,1.9565,180,340,520,1.8889,170,280,450,1.6471,150,170,320,1.1333,120,130,250,1.0833,100,110,210,1.1,122,71
950,360,600,200,610,810,3.05,170,450,620,2.6471,160,390,550,2.4375,140,260,400,1.8571,120,120,240,1.0,110,90,200,0.81818,122,71
990,350,600,190,500,690,2.6316,150,380,530,2.5333,150,310,460,2.0667,130,190,320,1.4615,110,130,240,1.1818,90,110,200,1.2222,122,71
990,390,610,220,470,690,2.1364,180,350,530,1.9444,160,310,470,1.9375,140,190,330,1.3571,120,130,250,1.0833,100,110,210,1.1,122,71
960,380,570,220,580,800,2.6364,180,410,590,2.2778,170,340,510,2.0,150,210,360,1.4,130,130,260,1.0,120,100,220,0.8333299999999999,123,71
950,390,760,210,450,660,2.1429,180,340,520,1.8889,170,290,460,1.7059,150,180,330,1.2,130,120,250,0.92308,110,100,210,0.90909,123,71
970,190,610,210,470,680,2.2381,210,350,560,1.6667,190,300,490,1.5789,150,190,340,1.2667,130,140,270,1.0769,110,120,230,1.0909,122,71
950,370,760,210,650,860,3.0952,190,390,580,2.0526,180,340,520,1.8889,160,220,380,1.375,130,140,270,1.0769,110,110,220,1.0,122,70
960,190,600,210,460,670,2.1905,210,350,560,1.6667,210,290,500,1.381,170,190,360,1.1176,140,130,270,0.92857,130,110,240,0.84615,122,71
980,360,620,210,530,740,2.5238,180,400,580,2.2222,170,330,500,1.9412,140,190,330,1.3571,120,120,240,1.0,100,100,200,1.0,122,71
960,310,660,200,490,690,2.45,180,380,560,2.1111,160,320,480,2.0,150,190,340,1.2667,130,130,260,1.0,110,90,200,0.81818,121,70
950,300,620,200,470,670,2.35,180,340,520,1.8889,170,280,450,1.6471,150,160,310,1.0667,120,110,230,0.91667,120,100,220,0.8333299999999999,122,70
970,330,740,190,520,710,2.7368,170,380,550,2.2353,160,330,490,2.0625,140,230,370,1.6429,110,150,260,1.3636,100,120,220,1.2,123,71
970,230,610,250,470,720,1.88,250,370,620,1.48,250,310,560,1.24,170,210,380,1.2353,150,180,330,1.2,130,140,270,1.0769,123,71
950,360,600,200,450,650,2.25,170,330,500,1.9412,160,270,430,1.6875,140,160,300,1.1429,120,110,230,0.91667,110,90,200,0.81818,122,71
950,320,610,200,480,680,2.4,170,350,520,2.0588,160,300,460,1.875,140,180,320,1.2857,120,120,240,1.0,100,100,200,1.0,122,71
960,340,580,190,450,640,2.3684,160,380,540,2.375,150,310,460,2.0667,130,190,320,1.4615,110,140,250,1.2727,100,110,210,1.1,122,71
960,230,660,250,550,800,2.2,200,420,620,2.1,180,360,540,2.0,150,240,390,1.6,130,150,280,1.1538,110,120,230,1.0909,123,71
960,360,610,200,530,730,2.65,170,390,560,2.2941,150,320,470,2.1333,130,190,320,1.4615,110,120,230,1.0909,100,110,210,1.1,121,71
970,330,610,180,480,660,2.6667,160,350,510,2.1875,150,300,450,2.0,130,180,310,1.3846,110,130,240,1.1818,100,110,210,1.1,121,70
950,360,540,200,460,660,2.3,180,350,530,1.9444,170,290,460,1.7059,130,180,310,1.3846,120,120,240,1.0,100,100,200,1.0,122,71
970,180,620,200,450,650,2.25,200,330,530,1.65,200,260,460,1.3,140,180,320,1.2857,120,140,260,1.1667,100,110,210,1.1,120,70
960,350,590,190,600,790,3.1579,160,420,580,2.625,150,360,510,2.4,130,210,340,1.6154,100,130,230,1.3,90,110,200,1.2222,120,70
700,350,540,200,440,640,2.2,170,320,490,1.8824,150,250,400,1.6667,140,150,290,1.0714,120,120,240,1.0,100,90,190,0.9,121,70
950,390,740,200,480,680,2.4,170,350,520,2.0588,160,300,460,1.875,130,190,320,1.4615,120,130,250,1.0833,90,110,200,1.2222,121,70
960,210,590,230,450,680,1.9565,230,360,590,1.5652,190,290,480,1.5263,150,200,350,1.3333,120,140,260,1.1667,110,130,240,1.1818,120,70
970,370,610,180,530,710,2.9444,150,380,530,2.5333,140,310,450,2.2143,130,180,310,1.3846,100,130,230,1.3,90,110,200,1.2222,119,70
960,360,510,190,490,680,2.5789,170,360,530,2.1176,160,300,460,1.875,140,170,310,1.2143,110,120,230,1.0909,100,100,200,1.0,119,70
950,370,710,200,650,850,3.25,170,370,540,2.1765,160,300,460,1.875,130,170,300,1.3077,120,130,250,1.0833,100,100,200,1.0,119,69
960,240,540,190,490,680,2.5789,170,360,530,2.1176,160,310,470,1.9375,140,200,340,1.4286,120,140,260,1.1667,100,110,210,1.1,119,70
990,380,610,200,480,680,2.4,170,350,520,2.0588,160,290,450,1.8125,130,180,310,1.3846,120,130,250,1.0833,100,110,210,1.1,118,69
950,200,760,210,470,680,2.2381,170,340,510,2.0,170,290,460,1.7059,140,190,330,1.3571,120,120,240,1.0,110,110,220,1.0,119,70
980,190,600,210,450,660,2.1429,210,350,560,1.6667,210,330,540,1.5714,140,200,340,1.4286,120,150,270,1.25,100,130,230,1.3,119,70
960,380,620,210,580,790,2.7619,170,400,570,2.3529,150,330,480,2.2,140,190,330,1.3571,110,120,230,1.0909,100,110,210,1.1,119,68
960,340,430,190,440,630,2.3158,170,340,510,2.0,150,280,430,1.8667,140,160,300,1.1429,110,120,230,1.0909,100,100,200,1.0,118,68
950,300,600,200,550,750,2.75,170,380,550,2.2353,160,310,470,1.9375,140,190,330,1.3571,130,130,260,1.0,110,100,210,0.90909,119,68
950,350,610,200,450,650,2.25,180,330,510,1.8333,170,270,440,1.5882,150,170,320,1.1333,120,120,240,1.0,110,110,220,1.0,119,68
970,360,590,200,460,660,2.3,160,350,510,2.1875,150,290,440,1.9333,130,170,300,1.3077,110,130,240,1.1818,90,100,190,1.1111,118,68
960,380,590,210,450,660,2.1429,160,330,490,2.0625,150,270,420,1.8,140,160,300,1.1429,110,120,230,1.0909,100,100,200,1.0,117,68
940,370,550,200,560,760,2.8,170,400,570,2.3529,160,330,490,2.0625,140,180,320,1.2857,110,120,230,1.0909,110,110,220,1.0,117,68
960,390,550,180,420,600,2.3333,160,310,470,1.9375,150,250,400,1.6667,120,160,280,1.3333,110,110,220,1.0,90,90,180,1.0,118,68
960,330,580,190,590,780,3.1053,160,420,580,2.625,150,350,500,2.3333,130,190,320,1.4615,110,120,230,1.0909,90,100,190,1.1111,117,68
960,380,600,200,500,700,2.5,160,370,530,2.3125,150,310,460,2.0667,120,180,300,1.5,110,130,240,1.1818,90,100,190,1.1111,117,68
940,360,600,200,460,660,2.3,160,340,500,2.125,160,300,460,1.875,130,170,300,1.3077,120,110,230,0.91667,100,90,190,0.9,117,68
970,340,590,180,510,690,2.8333,150,370,520,2.4667,150,310,460,2.0667,120,190,310,1.5833,100,140,240,1.4,90,110,200,1.2222,117,68
960,380,540,200,430,630,2.15,170,370,540,2.1765,150,310,460,2.0667,140,190,330,1.3571,110,130,240,1.1818,110,100,210,0.90909,118,69
970,310,500,190,420,610,2.2105,150,300,450,2.0,150,240,390,1.6,130,160,290,1.2308,110,120,230,1.0909,90,110,200,1.2222,117,69
970,360,590,200,520,720,2.6,180,380,560,2.1111,160,320,480,2.0,140,190,330,1.3571,120,120,240,1.0,100,110,210,1.1,117,68
970,380,620,210,530,740,2.5238,180,370,550,2.0556,160,310,470,1.9375,150,190,340,1.2667,120,140,260,1.1667,110,110,220,1.0,117,69
970,230,760,220,490,710,2.2273,190,340,530,1.7895,170,290,460,1.7059,150,180,330,1.2,130,130,260,1.0,120,100,220,0.8333299999999999,118,69
970,210,560,230,430,660,1.8696,190,310,500,1.6316,170,240,410,1.4118,140,160,300,1.1429,120,120,240,1.0,100,110,210,1.1,117,69
980,360,620,210,440,650,2.0952,170,320,490,1.8824,150,270,420,1.8,130,170,300,1.3077,110,120,230,1.0909,80,100,180,1.25,116,68
970,220,770,240,440,680,1.8333,180,310,490,1.7222,160,250,410,1.5625,140,150,290,1.0714,120,100,220,0.8333299999999999,110,90,200,0.81818,117,68
980,200,610,220,450,670,2.0455,210,320,530,1.5238,170,260,430,1.5294,150,170,320,1.1333,130,130,260,1.0,110,110,220,1.0,116,68
980,350,630,190,480,670,2.5263,170,360,530,2.1176,150,300,450,2.0,130,180,310,1.3846,110,130,240,1.1818,90,110,200,1.2222,116,67
970,350,730,210,450,660,2.1429,170,340,510,2.0,160,280,440,1.75,140,190,330,1.3571,110,130,240,1.1818,100,110,210,1.1,116,67
980,240,590,190,600,790,3.1579,160,400,560,2.5,160,340,500,2.125,140,190,330,1.3571,110,130,240,1.1818,110,110,220,1.0,116,68
960,390,550,220,410,630,1.8636,170,350,520,2.0588,170,280,450,1.6471,140,180,320,1.2857,120,130,250,1.0833,110,110,220,1.0,116,68
970,350,620,210,520,730,2.4762,170,380,550,2.2353,160,310,470,1.9375,140,180,320,1.2857,120,130,250,1.0833,100,100,200,1.0,115,67
970,350,580,190,560,750,2.9474,160,360,520,2.25,150,290,440,1.9333,130,170,300,1.3077,110,130,240,1.1818,100,110,210,1.1,114,67
970,390,750,190,480,670,2.5263,160,360,520,2.25,160,310,470,1.9375,140,190,330,1.3571,110,140,250,1.2727,100,110,210,1.1,115,67
980,220,620,240,460,700,1.9167,220,340,560,1.5455,190,300,490,1.5789,160,200,360,1.25,130,140,270,1.0769,120,120,240,1.0,115,67
960,360,600,210,480,690,2.2857,170,340,510,2.0,160,280,440,1.75,140,160,300,1.1429,110,120,230,1.0909,100,100,200,1.0,114,67
980,340,610,190,470,660,2.4737,150,350,500,2.3333,150,290,440,1.9333,130,180,310,1.3846,110,130,240,1.1818,100,110,210,1.1,113,67
960,370,580,210,430,640,2.0476,180,300,480,1.6667,160,230,390,1.4375,130,150,280,1.1538,110,110,220,1.0,90,90,180,1.0,113,67
950,380,550,200,560,760,2.8,180,380,560,2.1111,170,320,490,1.8824,140,190,330,1.3571,120,130,250,1.0833,100,110,210,1.1,114,67
980,300,610,220,460,680,2.0909,180,330,510,1.8333,160,260,420,1.625,130,160,290,1.2308,120,120,240,1.0,100,100,200,1.0,113,67
980,350,600,200,530,730,2.65,160,390,550,2.4375,150,310,460,2.0667,130,190,320,1.4615,110,140,250,1.2727,90,110,200,1.2222,112,66
970,380,600,210,430,640,2.0476,170,300,470,1.7647,160,270,430,1.6875,140,170,310,1.2143,120,120,240,1.0,110,90,200,0.81818,113,66
960,370,550,200,560,760,2.8,180,390,570,2.1667,160,330,490,2.0625,140,200,340,1.4286,120,130,250,1.0833,100,110,210,1.1,113,67
980,200,600,220,440,660,2.0,200,320,520,1.6,170,260,430,1.5294,140,170,310,1.2143,120,130,250,1.0833,100,100,200,1.0,113,67
980,380,460,200,470,670,2.35,160,410,570,2.5625,150,340,490,2.2667,130,190,320,1.4615,110,140,250,1.2727,100,110,210,1.1,112,66
970,370,620,220,550,770,2.5,180,390,570,2.1667,170,320,490,1.8824,140,180,320,1.2857,120,120,240,1.0,110,100,210,0.90909,112,66
970,350,580,200,480,680,2.4,170,360,530,2.1176,170,300,470,1.7647,140,180,320,1.2857,120,130,250,1.0833,110,100,210,0.90909,113,66
970,390,760,210,660,870,3.1429,170,390,560,2.2941,170,320,490,1.8824,140,200,340,1.4286,120,140,260,1.1667,110,120,230,1.0909,113,66
970,210,610,230,440,670,1.913,230,320,550,1.3913,180,260,440,1.4444,150,170,320,1.1333,130,130,260,1.0,110,110,220,1.0,112,66
960,360,600,200,610,810,3.05,170,410,580,2.4118,160,340,500,2.125,130,180,310,1.3846,120,120,240,1.0,100,110,210,1.1,112,66
980,370,620,200,470,670,2.35,170,350,520,2.0588,160,300,460,1.875,130,180,310,1.3846,110,130,240,1.1818,100,110,210,1.1,111,66
950,360,550,210,450,660,2.1429,180,340,520,1.8889,180,280,460,1.5556,150,170,320,1.1333,130,120,250,0.92308,120,100,220,0.8333299999999999,112,66
970,400,590,190,440,630,2.3158,170,330,500,1.9412,160,270,430,1.6875,130,180,310,1.3846,120,130,250,1.0833,100,110,210,1.1,112,66
990,330,600,190,480,670,2.5263,140,360,500,2.5714,140,290,430,2.0714,120,190,310,1.5833,100,140,240,1.4,90,110,200,1.2222,111,66
980,390,590,190,460,650,2.4211,170,330,500,1.9412,150,250,400,1.6667,130,190,320,1.4615,110,130,240,1.1818,100,110,210,1.1,112,66
980,390,590,200,480,680,2.4,170,350,520,2.0588,160,300,460,1.875,140,180,320,1.2857,120,130,250,1.0833,110,110,220,1.0,113,66
980,350,540,200,500,700,2.5,170,340,510,2.0,160,270,430,1.6875,130,160,290,1.2308,120,120,240,1.0,100,90,190,0.9,112,66
970,320,580,190,480,670,2.5263,170,400,570,2.3529,160,320,480,2.0,140,170,310,1.2143,120,130,250,1.0833,100,100,200,1.0,112,66
990,210,540,230,450,680,1.9565,200,350,550,1.75,170,300,470,1.7647,140,190,330,1.3571,120,140,260,1.1667,110,120,230,1.0909,113,66
990,350,620,220,540,760,2.4545,170,400,570,2.3529,160,330,490,2.0625,130,190,320,1.4615,110,130,240,1.1818,100,110,210,1.1,111,66
960,370,610,230,520,750,2.2609,180,380,560,2.1111,160,310,470,1.9375,140,180,320,1.2857,120,130,250,1.0833,110,100,210,0.90909,111,65
980,350,760,190,640,830,3.3684,170,370,540,2.1765,150,300,450,2.0,130,180,310,1.3846,110,130,240,1.1818,90,110,200,1.2222,110,65
970,220,560,190,440,630,2.3158,170,330,500,1.9412,160,270,430,1.6875,140,160,300,1.1429,120,110,230,0.91667,110,100,210,0.90909,111,65
970,330,580,200,450,650,2.25,160,320,480,2.0,150,260,410,1.7333,130,160,290,1.2308,110,120,230,1.0909,100,110,210,1.1,111,65
970,390,600,210,530,740,2.5238,160,380,540,2.375,160,320,480,2.0,130,180,310,1.3846,120,130,250,1.0833,100,100,200,1.0,110,65
960,370,610,190,530,720,2.7895,170,390,560,2.2941,160,320,480,2.0,130,190,320,1.4615,110,120,230,1.0909,90,100,190,1.1111,110,65
960,350,570,200,490,690,2.45,170,360,530,2.1176,160,290,450,1.8125,130,180,310,1.3846,120,120,240,1.0,100,100,200,1.0,110,65
980,390,570,200,480,680,2.4,170,340,510,2.0,150,280,430,1.8667,130,170,300,1.3077,110,120,230,1.0909,100,110,210,1.1,111,65
970,280,600,300,440,740,1.4667,250,310,560,1.24,170,250,420,1.4706,140,190,330,1.3571,110,140,250,1.2727,100,120,220,1.2,110,65
980,370,630,200,550,750,2.75,160,400,560,2.5,150,330,480,2.2,130,180,310,1.3846,100,140,240,1.4,90,110,200,1.2222,110,65
980,340,590,200,480,680,2.4,170,340,510,2.0,160,270,430,1.6875,140,160,300,1.1429,120,120,240,1.0,100,100,200,1.0,110,65
970,390,580,200,460,660,2.3,170,380,550,2.2353,160,330,490,2.0625,140,190,330,1.3571,120,130,250,1.0833,110,100,210,0.90909,110,65
960,390,590,200,440,640,2.2,180,310,490,1.7222,160,240,400,1.5,140,160,300,1.1429,120,120,240,1.0,100,100,200,1.0,111,65
990,310,560,190,480,670,2.5263,160,350,510,2.1875,140,280,420,2.0,130,170,300,1.3077,110,130,240,1.1818,100,110,210,1.1,109,65
960,370,730,200,660,860,3.3,180,410,590,2.2778,160,340,500,2.125,140,210,350,1.5,120,140,260,1.1667,110,110,220,1.0,110,65
980,230,770,190,430,620,2.2632,170,330,500,1.9412,150,270,420,1.8,140,180,320,1.2857,120,130,250,1.0833,100,110,210,1.1,110,65
1000,210,600,230,450,680,1.9565,230,320,550,1.3913,180,250,430,1.3889,150,170,320,1.1333,130,130,260,1.0,110,110,220,1.0,110,65
980,380,610,190,550,740,2.8947,160,400,560,2.5,150,320,470,2.1333,130,190,320,1.4615,110,130,240,1.1818,100,110,210,1.1,109,64
980,370,610,210,470,680,2.2381,170,330,500,1.9412,160,260,420,1.625,130,160,290,1.2308,120,120,240,1.0,100,100,200,1.0,110,64
980,350,640,190,500,690,2.6316,160,340,500,2.125,160,230,390,1.4375,130,160,290,1.2308,110,120,230,1.0909,100,110,210,1.1,109,64
970,340,590,210,470,680,2.2381,170,360,530,2.1176,150,310,460,2.0667,140,190,330,1.3571,110,130,240,1.1818,100,110,210,1.1,109,64
980,380,590,190,560,750,2.9474,170,380,550,2.2353,160,300,460,1.875,140,170,310,1.2143,120,120,240,1.0,110,100,210,0.90909,109,64
980,390,570,210,420,630,2.0,180,310,490,1.7222,170,270,440,1.5882,150,190,340,1.2667,120,130,250,1.0833,120,100,220,0.8333299999999999,110,64
960,350,600,200,480,680,2.4,170,400,570,2.3529,160,340,500,2.125,140,200,340,1.4286,120,130,250,1.0833,100,110,210,1.1,108,64
970,360,590,180,450,630,2.5,160,320,480,2.0,150,260,410,1.7333,130,170,300,1.3077,120,120,240,1.0,100,100,200,1.0,109,64
930,380,570,220,520,740,2.3636,180,380,560,2.1111,160,320,480,2.0,140,210,350,1.5,110,140,250,1.2727,100,120,220,1.2,110,64
970,320,590,180,450,630,2.5,160,310,470,1.9375,150,250,400,1.6667,130,160,290,1.2308,110,120,230,1.0909,100,100,200,1.0,109,64
980,350,630,200,600,800,3.0,170,400,570,2.3529,150,330,480,2.2,130,200,330,1.5385,110,130,240,1.1818,90,110,200,1.2222,108,64
970,350,570,190,480,670,2.5263,170,340,510,2.0,150,270,420,1.8,130,160,290,1.2308,110,120,230,1.0909,100,100,200,1.0,108,64
980,240,770,260,520,780,2.0,210,350,560,1.6667,190,290,480,1.5263,160,180,340,1.125,130,130,260,1.0,110,110,220,1.0,109,64
990,210,600,230,430,660,1.8696,180,300,480,1.6667,160,220,380,1.375,140,160,300,1.1429,110,130,240,1.1818,110,110,220,1.0,108,64
970,370,620,220,500,720,2.2727,180,370,550,2.0556,170,290,460,1.7059,140,170,310,1.2143,130,130,260,1.0,110,100,210,0.90909,108,64
970,350,740,260,480,740,1.8462,180,360,540,2.0,170,300,470,1.7647,140,180,320,1.2857,120,130,250,1.0833,100,120,220,1.2,108,64
970,230,580,190,590,780,3.1053,160,440,600,2.75,150,360,510,2.4,130,200,330,1.5385,120,140,260,1.1667,100,110,210,1.1,109,64
970,390,770,200,450,650,2.25,170,330,500,1.9412,160,270,430,1.6875,140,170,310,1.2143,120,140,260,1.1667,110,110,220,1.0,109,64
980,200,570,220,440,660,2.0,220,330,550,1.5,180,250,430,1.3889,150,170,320,1.1333,120,130,250,1.0833,100,110,210,1.1,108,64
980,340,600,200,520,720,2.6,170,390,560,2.2941,150,320,470,2.1333,140,190,330,1.3571,110,130,240,1.1818,100,110,210,1.1,108,64
980,380,690,270,480,750,1.7778,180,350,530,1.9444,160,330,490,2.0625,140,210,350,1.5,120,140,260,1.1667,110,110,220,1.0,108,64
970,290,580,200,590,790,2.95,180,440,620,2.4444,170,370,540,2.1765,140,210,350,1.5,130,130,260,1.0,110,110,220,1.0,109,64
960,390,760,220,440,660,2.0,180,370,550,2.0556,170,320,490,1.8824,150,200,350,1.3333,130,140,270,1.0769,110,120,230,1.0909,109,64
990,200,600,220,480,700,2.1818,220,340,560,1.5455,200,280,480,1.4,140,190,330,1.3571,120,140,260,1.1667,100,120,220,1.2,109,64
970,390,510,210,520,730,2.4762,170,430,600,2.5294,160,360,520,2.25,130,190,320,1.4615,120,130,250,1.0833,100,110,210,1.1,108,64
980,230,590,190,470,660,2.4737,170,360,530,2.1176,160,290,450,1.8125,130,180,310,1.3846,120,130,250,1.0833,100,100,200,1.0,109,64
960,210,630,230,460,690,2.0,230,330,560,1.4348,190,280,470,1.4737,150,190,340,1.2667,130,140,270,1.0769,110,120,230,1.0909,109,65
980,330,630,180,530,710,2.9444,150,380,530,2.5333,140,310,450,2.2143,130,180,310,1.3846,100,130,230,1.3,90,110,200,1.2222,109,64
970,370,440,200,450,650,2.25,170,360,530,2.1176,160,280,440,1.75,140,170,310,1.2143,110,120,230,1.0909,110,110,220,1.0,109,64
980,390,570,190,440,630,2.3158,150,320,470,2.1333,150,270,420,1.8,130,180,310,1.3846,110,140,250,1.2727,100,110,210,1.1,110,65
970,360,640,190,540,730,2.8421,160,370,530,2.3125,150,290,440,1.9333,130,170,300,1.3077,100,120,220,1.2,100,110,210,1.1,109,65
980,350,650,190,500,690,2.6316,160,370,530,2.3125,150,300,450,2.0,130,180,310,1.3846,110,130,240,1.1818,90,110,200,1.2222,108,64
960,370,560,200,570,770,2.85,170,440,610,2.5882,160,360,520,2.25,140,200,340,1.4286,110,140,250,1.2727,110,120,230,1.0909,109,65
990,300,610,200,470,670,2.35,160,340,500,2.125,150,270,420,1.8,130,170,300,1.3077,110,140,250,1.2727,90,110,200,1.2222,108,64
970,380,490,200,500,700,2.5,160,400,560,2.5,150,310,460,2.0667,130,180,310,1.3846,120,120,240,1.0,100,90,190,0.9,108,64
970,260,750,210,530,740,2.5238,180,370,550,2.0556,160,300,460,1.875,140,190,330,1.3571,120,130,250,1.0833,100,110,210,1.1,108,64
970,220,590,180,600,780,3.3333,160,370,530,2.3125,150,290,440,1.9333,140,170,310,1.2143,110,120,230,1.0909,100,110,210,1.1,109,64
970,380,740,230,510,740,2.2174,180,390,570,2.1667,170,330,500,1.9412,150,210,360,1.4,120,140,260,1.1667,110,110,220,1.0,109,64
970,230,530,200,380,580,1.9,160,260,420,1.625,160,200,360,1.25,130,150,280,1.1538,120,120,240,1.0,100,100,200,1.0,108,64
970,370,690,190,500,690,2.6316,160,380,540,2.375,150,320,470,2.1333,130,180,310,1.3846,110,130,240,1.1818,100,110,210,1.1,107,64
930,280,590,190,580,770,3.0526,160,370,530,2.3125,150,300,450,2.0,130,170,300,1.3077,120,120,240,1.0,100,100,200,1.0,107,63
950,400,750,190,450,640,2.3684,170,330,500,1.9412,150,280,430,1.8667,140,180,320,1.2857,110,130,240,1.1818,110,100,210,0.90909,108,64
980,200,680,220,480,700,2.1818,220,350,570,1.5909,220,280,500,1.2727,160,170,330,1.0625,130,130,260,1.0,110,120,230,1.0909,107,64
970,300,590,170,530,700,3.1176,150,390,540,2.6,140,320,460,2.2857,120,170,290,1.4167,100,120,220,1.2,90,100,190,1.1111,107,64
970,350,630,190,470,660,2.4737,170,350,520,2.0588,160,290,450,1.8125,140,170,310,1.2143,110,120,230,1.0909,110,110,220,1.0,107,63
960,340,700,190,660,850,3.4737,160,390,550,2.4375,150,310,460,2.0667,130,170,300,1.3077,110,130,240,1.1818,100,100,200,1.0,127,73
970,260,540,190,440,630,2.3158,170,320,490,1.8824,160,270,430,1.6875,140,180,320,1.2857,110,140,250,1.2727,100,110,210,1.1,127,73
980,290,630,210,640,850,3.0476,170,420,590,2.4706,140,330,470,2.3571,130,180,310,1.3846,110,130,240,1.1818,100,110,210,1.1,126,73
990,230,640,190,470,660,2.4737,150,340,490,2.2667,140,270,410,1.9286,120,180,300,1.5,100,140,240,1.4,80,110,190,1.375,126,73
960,350,590,200,600,800,3.0,170,380,550,2.2353,160,300,460,1.875,140,180,320,1.2857,120,130,250,1.0833,110,100,210,0.90909,127,74
980,300,620,180,560,740,3.1111,160,370,530,2.3125,150,270,420,1.8,140,160,300,1.1429,110,120,230,1.0909,100,110,210,1.1,128,74
970,350,570,180,450,630,2.5,160,320,480,2.0,150,250,400,1.6667,130,160,290,1.2308,100,130,230,1.3,90,110,200,1.2222,128,74
980,400,580,200,460,660,2.3,170,350,520,2.0588,160,320,480,2.0,140,180,320,1.2857,120,120,240,1.0,100,110,210,1.1,128,74
980,230,430,250,350,600,1.4,160,240,400,1.5,160,190,350,1.1875,130,150,280,1.1538,110,120,230,1.0909,100,100,200,1.0,128,74
970,350,530,190,520,710,2.7368,160,380,540,2.375,150,310,460,2.0667,130,170,300,1.3077,110,120,230,1.0909,100,100,200,1.0,127,74
980,400,750,180,670,850,3.7222,160,400,560,2.5,150,330,480,2.2,130,190,320,1.4615,110,140,250,1.2727,90,120,210,1.3333,127,74
950,230,750,210,450,660,2.1429,170,330,500,1.9412,160,270,430,1.6875,140,170,310,1.2143,120,120,240,1.0,110,100,210,0.90909,127,74
990,200,620,220,450,670,2.0455,220,320,540,1.4545,180,260,440,1.4444,140,180,320,1.2857,110,140,250,1.2727,110,110,220,1.0,126,73
980,330,650,180,500,680,2.7778,150,340,490,2.2667,140,270,410,1.9286,120,180,300,1.5,100,140,240,1.4,80,110,190,1.375,125,73
980,330,620,210,460,670,2.1905,160,340,500,2.125,150,280,430,1.8667,130,170,300,1.3077,110,120,230,1.0909,100,100,200,1.0,125,73
940,360,590,200,600,800,3.0,180,450,630,2.5,160,370,530,2.3125,140,190,330,1.3571,120,130,250,1.0833,110,100,210,0.90909,125,73
980,330,670,180,520,700,2.8889,150,380,530,2.5333,140,320,460,2.2857,110,190,300,1.7273,100,140,240,1.4,80,110,190,1.375,125,73
960,310,690,210,470,680,2.2381,170,360,530,2.1176,160,300,460,1.875,130,170,300,1.3077,120,130,250,1.0833,100,100,200,1.0,125,72
970,270,600,180,560,740,3.1111,160,390,550,2.4375,140,310,450,2.2143,130,180,310,1.3846,110,130,240,1.1818,90,110,200,1.2222,125,72
960,370,580,190,480,670,2.5263,170,360,530,2.1176,160,310,470,1.9375,140,190,330,1.3571,110,140,250,1.2727,100,110,210,1.1,125,72
950,280,480,180,480,660,2.6667,160,330,490,2.0625,150,260,410,1.7333,130,170,300,1.3077,110,130,240,1.1818,100,110,210,1.1,125,73
970,220,640,190,490,680,2.5789,160,340,500,2.125,150,270,420,1.8,130,170,300,1.3077,110,130,240,1.1818,100,110,210,1.1,125,73
960,330,560,190,460,650,2.4211,170,320,490,1.8824,160,260,420,1.625,140,160,300,1.1429,120,120,240,1.0,100,100,200,1.0,124,72
950,400,760,200,520,720,2.6,180,360,540,2.0,170,290,460,1.7059,140,170,310,1.2143,130,120,250,0.92308,110,100,210,0.90909,123,72
960,190,740,210,520,730,2.4762,200,400,600,2.0,180,340,520,1.8889,150,210,360,1.4,130,140,270,1.0769,110,120,230,1.0909,123,72
970,220,590,210,450,660,2.1429,170,310,480,1.8235,150,250,400,1.6667,140,170,310,1.2143,110,120,230,1.0909,90,110,200,1.2222,123,72
990,350,630,190,470,660,2.4737,150,330,480,2.2,140,270,410,1.9286,120,160,280,1.3333,100,120,220,1.2,90,100,190,1.1111,124,72
960,230,750,250,490,740,1.96,190,320,510,1.6842,180,260,440,1.4444,150,180,330,1.2,120,140,260,1.1667,110,110,220,1.0,123,72
970,210,590,230,430,660,1.8696,190,300,490,1.5789,170,250,420,1.4706,140,170,310,1.2143,120,130,250,1.0833,110,110,220,1.0,123,72
970,330,640,180,540,720,3.0,160,370,530,2.3125,150,300,450,2.0,120,180,300,1.5,110,130,240,1.1818,90,100,190,1.1111,125,72
960,330,680,190,450,640,2.3684,170,350,520,2.0588,160,280,440,1.75,130,170,300,1.3077,120,120,240,1.0,100,100,200,1.0,125,72
940,280,530,210,540,750,2.5714,170,410,580,2.4118,170,320,490,1.8824,140,180,320,1.2857,130,130,260,1.0,110,100,210,0.90909,124,72
970,340,690,300,700,1000,2.3333,180,450,630,2.5,160,370,530,2.3125,140,210,350,1.5,120,140,260,1.1667,100,110,210,1.1,124,72
950,280,610,200,620,820,3.1,170,450,620,2.6471,160,380,540,2.375,130,210,340,1.6154,120,130,250,1.0833,100,110,210,1.1,125,72
960,340,540,180,440,620,2.4444,160,310,470,1.9375,150,230,380,1.5333,120,150,270,1.25,110,120,230,1.0909,90,90,180,1.0,124,72
970,330,630,180,490,670,2.7222,150,370,520,2.4667,140,260,400,1.8571,130,170,300,1.3077,100,130,230,1.3,80,110,190,1.375,123,72
970,340,620,200,630,830,3.15,160,450,610,2.8125,150,370,520,2.4667,130,210,340,1.6154,100,150,250,1.5,100,130,230,1.3,123,72
940,350,650,200,490,690,2.45,180,360,540,2.0,160,300,460,1.875,140,180,320,1.2857,120,120,240,1.0,110,100,210,0.90909,124,72
980,290,590,180,450,630,2.5,160,310,470,1.9375,150,250,400,1.6667,130,170,300,1.3077,110,130,240,1.1818,90,100,190,1.1111,124,72
930,390,560,210,570,780,2.7143,180,390,570,2.1667,170,320,490,1.8824,150,190,340,1.2667,130,120,250,0.92308,110,100,210,0.90909,125,72
970,200,620,220,470,690,2.1364,190,310,500,1.6316,170,240,410,1.4118,140,170,310,1.2143,120,130,250,1.0833,110,110,220,1.0,124,72
970,350,490,200,500,700,2.5,160,430,590,2.6875,150,350,500,2.3333,130,180,310,1.3846,110,130,240,1.1818,100,110,210,1.1,124,72
970,370,720,250,600,850,2.4,180,390,570,2.1667,180,320,500,1.7778,150,180,330,1.2,130,130,260,1.0,110,100,210,0.90909,126,73
970,220,770,240,700,940,2.9167,180,410,590,2.2778,170,340,510,2.0,140,220,360,1.5714,120,150,270,1.25,100,120,220,1.2,126,73
980,200,610,220,490,710,2.2273,220,370,590,1.6818,190,300,490,1.5789,140,190,330,1.3571,120,140,260,1.1667,100,120,220,1.2,126,73
970,370,620,200,630,830,3.15,160,440,600,2.75,150,370,520,2.4667,130,190,320,1.4615,110,130,240,1.1818,100,100,200,1.0,126,73
940,300,620,180,560,740,3.1111,160,410,570,2.5625,150,310,460,2.0667,130,190,320,1.4615,110,140,250,1.2727,90,120,210,1.3333,126,73
960,320,590,190,440,630,2.3158,170,310,480,1.8235,150,250,400,1.6667,130,170,300,1.3077,110,130,240,1.1818,90,110,200,1.2222,127,74
960,330,630,200,460,660,2.3,170,340,510,2.0,170,260,430,1.5294,140,160,300,1.1429,120,120,240,1.0,110,100,210,0.90909,127,74
940,350,720,200,610,810,3.05,170,400,570,2.3529,170,330,500,1.9412,140,180,320,1.2857,120,130,250,1.0833,110,100,210,0.90909,127,74
960,220,600,240,440,680,1.8333,170,360,530,2.1176,160,290,450,1.8125,140,170,310,1.2143,110,120,230,1.0909,110,100,210,0.90909,127,74
940,360,540,200,550,750,2.75,180,430,610,2.3889,160,330,490,2.0625,150,180,330,1.2,120,130,250,1.0833,110,110,220,1.0,128,74
960,340,640,180,490,670,2.7222,160,360,520,2.25,150,290,440,1.9333,120,180,300,1.5,110,130,240,1.1818,90,110,200,1.2222,128,74
950,320,630,210,550,760,2.619,170,370,540,2.1765,160,300,460,1.875,140,190,330,1.3571,110,130,240,1.1818,110,100,210,0.90909,127,74
950,320,670,190,490,680,2.5789,170,330,500,1.9412,160,270,430,1.6875,140,170,310,1.2143,110,120,230,1.0909,100,100,200,1.0,126,73
940,280,710,200,460,660,2.3,180,330,510,1.8333,170,270,440,1.5882,140,160,300,1.1429,120,120,240,1.0,100,100,200,1.0,126,73
940,230,730,220,480,700,2.1818,180,360,540,2.0,160,310,470,1.9375,150,190,340,1.2667,120,140,260,1.1667,110,110,220,1.0,126,73
960,210,610,230,440,670,1.913,230,300,530,1.3043,180,230,410,1.2778,140,170,310,1.2143,120,120,240,1.0,100,90,190,0.9,126,73
950,350,680,200,520,720,2.6,170,380,550,2.2353,150,320,470,2.1333,130,190,320,1.4615,110,130,240,1.1818,90,110,200,1.2222,126,73
940,340,720,200,470,670,2.35,170,340,510,2.0,160,300,460,1.875,140,170,310,1.2143,120,120,240,1.0,110,100,210,0.90909,125,73
950,220,440,180,450,630,2.5,160,360,520,2.25,150,340,490,2.2667,130,220,350,1.6923,110,140,250,1.2727,100,120,220,1.2,125,73
970,210,620,230,410,640,1.7826,180,300,480,1.6667,170,250,420,1.4706,140,180,320,1.2857,120,140,260,1.1667,110,110,220,1.0,125,73
950,340,610,200,560,760,2.8,170,390,560,2.2941,160,290,450,1.8125,140,180,320,1.2857,120,130,250,1.0833,100,100,200,1.0,126,73
970,300,590,190,600,790,3.1579,160,430,590,2.6875,150,340,490,2.2667,130,190,320,1.4615,110,130,240,1.1818,90,120,210,1.3333,125,73
930,380,580,240,440,680,1.8333,180,340,520,1.8889,170,280,450,1.6471,140,170,310,1.2143,130,120,250,0.92308,110,100,210,0.90909,125,73
950,320,600,190,570,760,3.0,160,410,570,2.5625,150,350,500,2.3333,130,200,330,1.5385,110,130,240,1.1818,90,110,200,1.2222,126,73
930,350,700,190,540,730,2.8421,160,400,560,2.5,160,340,500,2.125,130,220,350,1.6923,110,150,260,1.3636,100,110,210,1.1,126,73
960,230,590,180,500,680,2.7778,160,370,530,2.3125,150,290,440,1.9333,130,170,300,1.3077,110,120,230,1.0909,90,110,200,1.2222,125,73
930,370,540,210,430,640,2.0476,180,320,500,1.7778,170,290,460,1.7059,150,200,350,1.3333,130,130,260,1.0,120,100,220,0.8333299999999999,125,73
960,200,470,220,400,620,1.8182,160,280,440,1.75,150,230,380,1.5333,120,160,280,1.3333,100,130,230,1.3,90,120,210,1.3333,125,72
950,300,590,190,600,790,3.1579,170,420,590,2.4706,150,350,500,2.3333,130,190,320,1.4615,110,130,240,1.1818,90,110,200,1.2222,126,73
940,360,620,240,490,730,2.0417,180,390,570,2.1667,160,320,480,2.0,140,190,330,1.3571,110,130,240,1.1818,110,110,220,1.0,125,73
940,320,600,200,610,810,3.05,170,450,620,2.6471,160,380,540,2.375,130,220,350,1.6923,120,140,260,1.1667,100,120,220,1.2,124,72
930,340,550,230,420,650,1.8261,190,280,470,1.4737,170,230,400,1.3529,150,150,300,1.0,120,110,230,0.91667,110,100,210,0.90909,124,72
940,290,620,190,480,670,2.5263,160,360,520,2.25,150,300,450,2.0,140,180,320,1.2857,110,120,230,1.0909,100,100,200,1.0,125,72
940,280,590,180,510,690,2.8333,160,370,530,2.3125,150,300,450,2.0,130,180,310,1.3846,110,130,240,1.1818,100,110,210,1.1,124,72
940,350,590,190,500,690,2.6316,160,360,520,2.25,160,300,460,1.875,130,180,310,1.3846,110,140,250,1.2727,90,110,200,1.2222,123,72
950,300,480,180,460,640,2.5556,160,320,480,2.0,140,250,390,1.7857,130,160,290,1.2308,110,130,240,1.1818,100,110,210,1.1,123,72
940,300,670,200,470,670,2.35,170,350,520,2.0588,150,280,430,1.8667,140,170,310,1.2143,110,120,230,1.0909,110,100,210,0.90909,123,72
940,270,660,190,530,720,2.7895,170,370,540,2.1765,160,300,460,1.875,130,180,310,1.3846,110,130,240,1.1818,100,110,210,1.1,123,72
940,280,700,200,540,740,2.7,170,380,550,2.2353,150,310,460,2.0667,140,190,330,1.3571,120,130,250,1.0833,110,100,210,0.90909,124,72
940,240,730,210,520,730,2.4762,180,330,510,1.8333,170,270,440,1.5882,150,170,320,1.1333,120,130,250,1.0833,100,110,210,1.1,123,72
940,210,620,230,440,670,1.913,200,320,520,1.6,170,270,440,1.5882,150,180,330,1.2,120,140,260,1.1667,110,110,220,1.0,123,72
930,310,610,200,470,670,2.35,170,330,500,1.9412,160,270,430,1.6875,140,170,310,1.2143,120,140,260,1.1667,100,90,190,0.9,122,72
960,320,590,180,450,630,2.5,160,330,490,2.0625,150,280,430,1.8667,130,200,330,1.5385,100,140,240,1.4,90,120,210,1.3333,123,72
920,370,690,200,700,900,3.5,180,390,570,2.1667,160,310,470,1.9375,140,200,340,1.4286,120,120,240,1.0,110,100,210,0.90909,123,72
940,230,710,220,420,640,1.9091,180,360,540,2.0,160,300,460,1.875,140,190,330,1.3571,120,130,250,1.0833,110,110,220,1.0,124,72
940,230,620,250,450,700,1.8,250,340,590,1.36,190,280,470,1.4737,160,180,340,1.125,130,140,270,1.0769,120,110,230,0.91667,123,72
960,320,530,180,470,650,2.6111,150,360,510,2.4,140,290,430,2.0714,120,180,300,1.5,100,130,230,1.3,90,110,200,1.2222,123,72
930,320,450,190,330,520,1.7368,160,330,490,2.0625,150,260,410,1.7333,130,160,290,1.2308,120,120,240,1.0,100,100,200,1.0,122,71
940,360,560,200,570,770,2.85,170,400,570,2.3529,160,320,480,2.0,140,190,330,1.3571,110,130,240,1.1818,110,110,220,1.0,123,71
950,220,580,240,430,670,1.7917,180,310,490,1.7222,160,240,400,1.5,140,160,300,1.1429,110,120,230,1.0909,100,110,210,1.1,123,72
950,320,590,180,510,690,2.8333,160,390,550,2.4375,150,310,460,2.0667,120,180,300,1.5,100,130,230,1.3,90,110,200,1.2222,122,71
940,360,600,220,470,690,2.1364,180,360,540,2.0,160,300,460,1.875,140,180,320,1.2857,120,120,240,1.0,100,110,210,1.1,122,71
950,340,560,200,570,770,2.85,170,410,580,2.4118,160,340,500,2.125,130,190,320,1.4615,120,140,260,1.1667,100,110,210,1.1,123,72
930,390,540,200,430,630,2.15,170,340,510,2.0,160,270,430,1.6875,140,160,300,1.1429,120,120,240,1.0,110,110,220,1.0,124,72
950,310,560,190,520,710,2.7368,160,380,540,2.375,150,300,450,2.0,120,170,290,1.4167,110,120,230,1.0909,90,100,190,1.1111,123,72
940,360,730,200,520,720,2.6,170,390,560,2.2941,160,320,480,2.0,140,190,330,1.3571,110,120,230,1.0909,100,110,210,1.1,122,71
930,210,540,180,550,730,3.0556,160,420,580,2.625,150,330,480,2.2,130,170,300,1.3077,110,120,230,1.0909,90,100,190,1.1111,122,71
920,390,550,180,420,600,2.3333,170,290,460,1.7059,150,230,380,1.5333,130,150,280,1.1538,120,120,240,1.0,100,90,190,0.9,122,71
950,330,620,190,550,740,2.8947,170,370,540,2.1765,150,290,440,1.9333,130,170,300,1.3077,110,120,230,1.0909,90,100,190,1.1111,122,71
950,230,590,250,440,690,1.76,180,310,490,1.7222,160,270,430,1.6875,150,190,340,1.2667,120,130,250,1.0833,110,100,210,0.90909,120,70
940,360,550,190,520,710,2.7368,170,370,540,2.1765,160,310,470,1.9375,150,200,350,1.3333,120,130,250,1.0833,110,110,220,1.0,120,70
960,380,550,200,520,720,2.6,160,400,560,2.5,160,330,490,2.0625,130,180,310,1.3846,110,120,230,1.0909,100,100,200,1.0,121,70
940,380,720,220,480,700,2.1818,170,350,520,2.0588,160,270,430,1.6875,140,160,300,1.1429,120,120,240,1.0,100,100,200,1.0,119,70
930,220,570,190,530,720,2.7895,160,380,540,2.375,160,300,460,1.875,130,170,300,1.3077,110,120,230,1.0909,100,100,200,1.0,119,70
940,360,570,210,410,620,1.9524,170,270,440,1.5882,150,220,370,1.4667,140,160,300,1.1429,110,120,230,1.0909,90,100,190,1.1111,119,70
930,320,620,190,520,710,2.7368,170,350,520,2.0588,160,280,440,1.75,140,160,300,1.1429,110,110,220,1.0,110,100,210,0.90909,121,70
940,260,660,180,490,670,2.7222,160,350,510,2.1875,150,290,440,1.9333,130,180,310,1.3846,110,130,240,1.1818,90,110,200,1.2222,121,70
930,280,630,190,430,620,2.2632,160,300,460,1.875,160,280,440,1.75,140,180,320,1.2857,110,130,240,1.1818,100,100,200,1.0,120,70
950,300,680,190,500,690,2.6316,160,370,530,2.3125,160,300,460,1.875,130,190,320,1.4615,120,140,260,1.1667,100,110,210,1.1,120,70
950,300,590,190,450,640,2.3684,160,320,480,2.0,150,250,400,1.6667,140,160,300,1.1429,110,120,230,1.0909,100,100,200,1.0,120,70
940,360,590,200,520,720,2.6,170,370,540,2.1765,160,300,460,1.875,140,170,310,1.2143,110,120,230,1.0909,100,100,200,1.0,120,70
940,280,610,200,450,650,2.25,170,320,490,1.8824,160,260,420,1.625,140,170,310,1.2143,120,120,240,1.0,100,100,200,1.0,121,71
930,330,580,200,460,660,2.3,170,340,510,2.0,160,270,430,1.6875,140,160,300,1.1429,120,110,230,0.91667,110,100,210,0.90909,120,71
930,350,730,200,440,640,2.2,170,320,490,1.8824,160,250,410,1.5625,140,160,300,1.1429,120,120,240,1.0,100,100,200,1.0,120,70
960,200,620,220,430,650,1.9545,220,290,510,1.3182,220,220,440,1.0,150,160,310,1.0667,120,130,250,1.0833,100,100,200,1.0,120,70
960,310,680,190,470,660,2.4737,160,340,500,2.125,150,270,420,1.8,130,170,300,1.3077,110,130,240,1.1818,100,110,210,1.1,122,71
940,280,600,200,440,640,2.2,170,310,480,1.8235,160,290,450,1.8125,140,180,320,1.2857,120,120,240,1.0,110,100,210,0.90909,122,71
950,340,580,190,500,690,2.6316,170,340,510,2.0,160,280,440,1.75,130,180,310,1.3846,110,140,250,1.2727,100,110,210,1.1,122,71
940,320,610,190,520,710,2.7368,160,360,520,2.25,150,280,430,1.8667,140,170,310,1.2143,110,120,230,1.0909,100,110,210,1.1,122,71
940,330,600,190,500,690,2.6316,160,350,510,2.1875,150,280,430,1.8667,120,180,300,1.5,110,130,240,1.1818,90,100,190,1.1111,123,72
950,340,640,230,650,880,2.8261,170,400,570,2.3529,150,330,480,2.2,130,200,330,1.5385,110,140,250,1.2727,100,110,210,1.1,123,72
950,310,590,190,520,710,2.7368,170,360,530,2.1176,150,290,440,1.9333,130,180,310,1.3846,110,130,240,1.1818,90,110,200,1.2222,124,72
950,360,580,190,430,620,2.2632,160,310,470,1.9375,160,250,410,1.5625,130,160,290,1.2308,120,120,240,1.0,100,100,200,1.0,123,72
990,350,610,180,470,650,2.6111,160,350,510,2.1875,150,280,430,1.8667,130,170,300,1.3077,110,130,240,1.1818,100,110,210,1.1,123,72
970,380,600,210,450,660,2.1429,170,330,500,1.9412,170,270,440,1.5882,140,190,330,1.3571,130,130,260,1.0,110,100,210,0.90909,124,73
950,370,740,220,480,700,2.1818,190,330,520,1.7368,180,280,460,1.5556,150,160,310,1.0667,130,120,250,0.92308,110,100,210,0.90909,124,73
960,210,590,230,440,670,1.913,230,330,560,1.4348,190,310,500,1.6316,150,190,340,1.2667,130,140,270,1.0769,110,120,230,1.0909,124,72
960,370,630,190,590,780,3.1053,160,400,560,2.5,150,320,470,2.1333,130,180,310,1.3846,110,120,230,1.0909,90,110,200,1.2222,123,72
960,330,440,190,450,640,2.3684,170,360,530,2.1176,160,290,450,1.8125,140,170,310,1.2143,110,130,240,1.1818,100,100,200,1.0,123,72
960,350,650,200,590,790,2.95,170,410,580,2.4118,160,330,490,2.0625,140,190,330,1.3571,120,140,260,1.1667,100,110,210,1.1,124,72
950,310,730,200,460,660,2.3,170,340,510,2.0,170,280,450,1.6471,140,180,320,1.2857,120,130,250,1.0833,100,100,200,1.0,124,72
920,220,530,240,460,700,1.9167,200,380,580,1.9,180,340,520,1.8889,150,170,320,1.1333,130,120,250,0.92308,110,110,220,1.0,124,72
970,300,540,230,420,650,1.8261,180,290,470,1.6111,160,230,390,1.4375,140,160,300,1.1429,120,120,240,1.0,110,100,210,0.90909,124,72
970,330,650,190,490,680,2.5789,160,350,510,2.1875,160,280,440,1.75,120,180,300,1.5,120,130,250,1.0833,100,100,200,1.0,123,72
940,320,630,210,500,710,2.381,170,350,520,2.0588,170,280,450,1.6471,140,170,310,1.2143,120,120,240,1.0,110,100,210,0.90909,123,72
970,310,590,190,600,790,3.1579,160,430,590,2.6875,150,350,500,2.3333,130,210,340,1.6154,110,140,250,1.2727,90,120,210,1.3333,122,71
610,380,480,210,390,600,1.8571,170,290,460,1.7059,160,230,390,1.4375,140,160,300,1.1429,120,120,240,1.0,110,100,210,0.90909,122,71
960,370,630,190,500,690,2.6316,160,350,510,2.1875,160,280,440,1.75,130,180,310,1.3846,110,120,230,1.0909,100,110,210,1.1,123,71
960,330,660,200,490,690,2.45,170,350,520,2.0588,160,300,460,1.875,140,200,340,1.4286,110,150,260,1.3636,100,130,230,1.3,122,71
960,240,570,200,440,640,2.2,180,310,490,1.7222,160,250,410,1.5625,140,200,340,1.4286,120,140,260,1.1667,100,120,220,1.2,121,71
970,320,660,180,520,700,2.8889,160,360,520,2.25,150,290,440,1.9333,130,180,310,1.3846,100,130,230,1.3,90,120,210,1.3333,122,71
970,310,610,210,490,700,2.3333,170,370,540,2.1765,160,290,450,1.8125,140,180,320,1.2857,110,130,240,1.1818,110,110,220,1.0,122,71
940,360,620,200,630,830,3.15,170,380,550,2.2353,160,300,460,1.875,140,170,310,1.2143,120,130,250,1.0833,110,100,210,0.90909,121,71
980,320,650,180,520,700,2.8889,160,360,520,2.25,150,290,440,1.9333,130,190,320,1.4615,100,150,250,1.5,90,120,210,1.3333,121,71
950,290,600,190,490,680,2.5789,170,320,490,1.8824,160,240,400,1.5,140,160,300,1.1429,120,120,240,1.0,100,100,200,1.0,121,71
970,350,650,240,660,900,2.75,170,450,620,2.6471,160,360,520,2.25,130,200,330,1.5385,110,140,250,1.2727,90,120,210,1.3333,122,71
960,320,620,190,490,680,2.5789,170,340,510,2.0,150,270,420,1.8,140,170,310,1.2143,110,130,240,1.1818,100,100,200,1.0,122,71
950,340,600,180,440,620,2.4444,160,300,460,1.875,150,230,380,1.5333,130,160,290,1.2308,110,130,240,1.1818,90,100,190,1.1111,121,71
960,350,590,190,550,740,2.8947,160,390,550,2.4375,150,320,470,2.1333,130,190,320,1.4615,110,140,250,1.2727,90,120,210,1.3333,121,71
960,260,630,200,450,650,2.25,160,300,460,1.875,160,230,390,1.4375,130,160,290,1.2308,110,130,240,1.1818,100,100,200,1.0,120,71
950,350,650,190,480,670,2.5263,170,340,510,2.0,160,270,430,1.6875,120,170,290,1.4167,120,120,240,1.0,100,100,200,1.0,121,71
960,300,600,190,460,650,2.4211,160,330,490,2.0625,150,280,430,1.8667,130,180,310,1.3846,110,130,240,1.1818,90,110,200,1.2222,122,71
950,360,590,200,600,800,3.0,170,410,580,2.4118,160,330,490,2.0625,140,190,330,1.3571,110,130,240,1.1818,110,110,220,1.0,121,71
950,360,750,200,460,660,2.3,170,360,530,2.1176,160,300,460,1.875,140,190,330,1.3571,110,140,250,1.2727,100,130,230,1.3,121,71
950,200,630,220,450,670,2.0455,220,310,530,1.4091,170,250,420,1.4706,140,170,310,1.2143,120,130,250,1.0833,100,120,220,1.2,121,71
950,320,570,190,570,760,3.0,160,380,540,2.375,150,300,450,2.0,120,170,290,1.4167,110,140,250,1.2727,90,110,200,1.2222,121,71
960,310,750,190,520,710,2.7368,160,370,530,2.3125,150,300,450,2.0,130,190,320,1.4615,110,140,250,1.2727,100,120,220,1.2,122,71
960,210,720,190,540,730,2.8421,170,360,530,2.1176,150,280,430,1.8667,140,160,300,1.1429,120,120,240,1.0,110,100,210,0.90909,123,71
940,240,560,200,480,680,2.4,180,340,520,1.8889,170,280,450,1.6471,150,170,320,1.1333,130,120,250,0.92308,110,100,210,0.90909,122,71
950,340,620,200,500,700,2.5,160,340,500,2.125,160,260,420,1.625,130,160,290,1.2308,120,120,240,1.0,100,100,200,1.0,121,71
940,310,640,200,480,680,2.4,170,340,510,2.0,160,270,430,1.6875,140,170,310,1.2143,110,120,230,1.0909,110,100,210,0.90909,122,71
960,300,600,180,460,640,2.5556,160,330,490,2.0625,150,270,420,1.8,130,180,310,1.3846,110,130,240,1.1818,90,110,200,1.2222,122,71
930,360,580,200,520,720,2.6,180,370,550,2.0556,160,300,460,1.875,140,170,310,1.2143,120,130,250,1.0833,100,110,210,1.1,122,71
960,270,630,190,440,630,2.3158,160,310,470,1.9375,140,230,370,1.6429,130,160,290,1.2308,100,120,220,1.2,100,110,210,1.1,120,71
940,330,460,190,470,660,2.4737,170,370,540,2.1765,160,300,460,1.875,140,160,300,1.1429,110,110,220,1.0,100,100,200,1.0,120,70
960,180,600,200,450,650,2.25,200,300,500,1.5,170,240,410,1.4118,130,170,300,1.3077,130,120,250,0.92308,110,110,220,1.0,121,71
940,360,630,200,580,780,2.9,170,380,550,2.2353,160,300,460,1.875,130,170,300,1.3077,120,120,240,1.0,100,100,200,1.0,120,71
950,310,630,190,470,660,2.4737,160,330,490,2.0625,160,260,420,1.625,140,170,310,1.2143,110,120,230,1.0909,110,100,210,0.90909,120,70
950,320,620,190,430,620,2.2632,170,280,450,1.6471,160,210,370,1.3125,140,140,280,1.0,110,110,220,1.0,100,100,200,1.0,121,71
940,330,720,200,470,670,2.35,170,330,500,1.9412,160,280,440,1.75,140,170,310,1.2143,120,120,240,1.0,110,100,210,0.90909,121,71
950,220,670,240,450,690,1.875,240,310,550,1.2917,240,270,510,1.125,160,210,370,1.3125,130,150,280,1.1538,110,120,230,1.0909,122,71
950,280,620,180,550,730,3.0556,160,370,530,2.3125,140,290,430,2.0714,130,170,300,1.3077,110,120,230,1.0909,100,110,210,1.1,121,71
950,330,390,190,400,590,2.1053,160,350,510,2.1875,150,270,420,1.8,130,160,290,1.2308,110,130,240,1.1818,90,110,200,1.2222,121,71
950,310,690,190,570,760,3.0,170,380,550,2.2353,150,290,440,1.9333,140,180,320,1.2857,110,130,240,1.1818,100,110,210,1.1,121,71
930,260,570,200,500,700,2.5,180,350,530,1.9444,160,290,450,1.8125,140,180,320,1.2857,120,130,250,1.0833,110,100,210,0.90909,121,71
950,270,620,200,500,700,2.5,160,330,490,2.0625,160,250,410,1.5625,130,170,300,1.3077,110,130,240,1.1818,100,110,210,1.1,122,71
950,330,670,190,520,710,2.7368,160,360,520,2.25,150,280,430,1.8667,130,170,300,1.3077,110,120,230,1.0909,100,110,210,1.1,121,71
940,280,650,190,510,700,2.6842,170,350,520,2.0588,150,280,430,1.8667,130,170,300,1.3077,100,120,220,1.2,90,100,190,1.1111,121,71
950,290,610,190,480,670,2.5263,160,340,500,2.125,160,260,420,1.625,130,170,300,1.3077,120,120,240,1.0,100,100,200,1.0,121,71
950,340,570,200,480,680,2.4,180,330,510,1.8333,160,250,410,1.5625,150,140,290,0.93333,110,110,220,1.0,110,100,210,0.90909,121,70
940,380,740,200,460,660,2.3,180,330,510,1.8333,170,280,450,1.6471,140,170,310,1.2143,120,120,240,1.0,110,100,210,0.90909,121,70
950,200,620,220,440,660,2.0,220,300,520,1.3636,220,260,480,1.1818,160,210,370,1.3125,130,140,270,1.0769,120,120,240,1.0,121,71
960,330,620,190,610,800,3.2105,160,390,550,2.4375,150,310,460,2.0667,130,180,310,1.3846,120,130,250,1.0833,100,100,200,1.0,122,71
950,340,380,190,390,580,2.0526,160,350,510,2.1875,150,280,430,1.8667,130,170,300,1.3077,110,120,230,1.0909,100,110,210,1.1,122,71
950,290,610,190,550,740,2.8947,170,410,580,2.4118,160,330,490,2.0625,130,190,320,1.4615,110,130,240,1.1818,100,110,210,1.1,121,71
950,340,600,200,470,670,2.35,170,340,510,2.0,160,270,430,1.6875,140,170,310,1.2143,120,130,250,1.0833,110,100,210,0.90909,121,71
940,360,630,190,500,690,2.6316,170,360,530,2.1176,150,280,430,1.8667,130,170,300,1.3077,110,130,240,1.1818,100,100,200,1.0,122,72
950,310,690,180,470,650,2.6111,150,350,500,2.3333,150,270,420,1.8,120,170,290,1.4167,110,120,230,1.0909,100,110,210,1.1,122,72
950,260,600,190,530,720,2.7895,170,360,530,2.1176,160,280,440,1.75,140,170,310,1.2143,110,120,230,1.0909,100,110,210,1.1,121,71
960,290,600,180,500,680,2.7778,160,350,510,2.1875,150,270,420,1.8,130,160,290,1.2308,110,120,230,1.0909,100,100,200,1.0,123,72
950,360,640,200,520,720,2.6,170,370,540,2.1765,160,290,450,1.8125,140,170,310,1.2143,110,120,230,1.0909,100,100,200,1.0,123,72
940,310,650,190,530,720,2.7895,170,380,550,2.2353,160,270,430,1.6875,130,170,300,1.3077,120,120,240,1.0,100,100,200,1.0,122,72
950,290,650,190,480,670,2.5263,170,330,500,1.9412,160,260,420,1.625,130,170,300,1.3077,110,120,230,1.0909,100,110,210,1.1,122,72
950,300,600,200,520,720,2.6,180,410,590,2.2778,160,340,500,2.125,140,200,340,1.4286,120,140,260,1.1667,110,120,230,1.0909,122,72
930,350,720,200,460,660,2.3,170,330,500,1.9412,160,280,440,1.75,140,170,310,1.2143,120,130,250,1.0833,90,110,200,1.2222,122,72
950,210,620,230,460,690,2.0,200,320,520,1.6,170,260,430,1.5294,140,170,310,1.2143,120,130,250,1.0833,100,110,210,1.1,122,72
940,310,590,200,490,690,2.45,160,340,500,2.125,160,260,420,1.625,130,160,290,1.2308,110,120,230,1.0909,100,110,210,1.1,123,72
940,350,660,180,470,650,2.6111,160,330,490,2.0625,150,260,410,1.7333,130,170,300,1.3077,110,130,240,1.1818,90,100,190,1.1111,124,72
940,280,640,190,650,840,3.4211,160,390,550,2.4375,150,310,460,2.0667,130,190,320,1.4615,110,130,240,1.1818,100,110,210,1.1,124,72
950,300,570,220,410,630,1.8636,170,290,460,1.7059,170,210,380,1.2353,140,140,280,1.0,120,100,220,0.8333299999999999,110,80,190,0.72727,123,72
930,350,630,200,490,690,2.45,170,340,510,2.0,160,270,430,1.6875,140,160,300,1.1429,120,120,240,1.0,100,90,190,0.9,123,72
950,300,690,200,460,660,2.3,170,360,530,2.1176,150,280,430,1.8667,140,170,310,1.2143,110,120,230,1.0909,110,110,220,1.0,123,72
930,260,570,200,490,690,2.45,180,330,510,1.8333,170,250,420,1.4706,140,160,300,1.1429,120,120,240,1.0,100,90,190,0.9,124,73
930,360,590,190,530,720,2.7895,170,380,550,2.2353,150,310,460,2.0667,140,190,330,1.3571,110,130,240,1.1818,110,110,220,1.0,123,73
950,270,620,200,440,640,2.2,160,310,470,1.9375,160,240,400,1.5,130,160,290,1.2308,110,130,240,1.1818,100,110,210,1.1,122,72
940,330,630,250,640,890,2.56,180,450,630,2.5,160,360,520,2.25,150,200,350,1.3333,120,130,250,1.0833,110,110,220,1.0,122,72
940,310,640,190,480,670,2.5263,160,330,490,2.0625,150,260,410,1.7333,130,170,300,1.3077,110,120,230,1.0909,100,100,200,1.0,122,72
950,300,600,190,450,640,2.3684,160,320,480,2.0,140,250,390,1.7857,120,160,280,1.3333,100,120,220,1.2,90,110,200,1.2222,122,72
950,350,600,200,610,810,3.05,170,400,570,2.3529,160,320,480,2.0,140,190,330,1.3571,120,130,250,1.0833,100,110,210,1.1,123,72
910,350,710,240,420,660,1.75,180,280,460,1.5556,170,210,380,1.2353,150,130,280,0.86667,120,100,220,0.8333299999999999,120,90,210,0.75,123,72
970,200,650,220,460,680,2.0909,220,320,540,1.4545,160,260,420,1.625,130,190,320,1.4615,110,150,260,1.3636,90,120,210,1.3333,122,72
950,320,650,180,520,700,2.8889,160,360,520,2.25,150,290,440,1.9333,130,170,300,1.3077,100,130,230,1.3,90,110,200,1.2222,122,72
930,300,640,210,460,670,2.1905,170,380,550,2.2353,160,300,460,1.875,140,180,320,1.2857,120,130,250,1.0833,100,100,200,1.0,122,72
940,290,600,180,610,790,3.3889,160,380,540,2.375,150,300,450,2.0,130,170,300,1.3077,110,130,240,1.1818,90,110,200,1.2222,123,72
930,340,700,190,500,690,2.6316,170,350,520,2.0588,160,290,450,1.8125,140,180,320,1.2857,120,130,250,1.0833,110,110,220,1.0,123,72
950,230,680,250,490,740,1.96,210,370,580,1.7619,180,310,490,1.7222,150,210,360,1.4,130,150,280,1.1538,110,120,230,1.0909,122,72
940,270,630,190,460,650,2.4211,160,310,470,1.9375,150,240,390,1.6,130,150,280,1.1538,110,120,230,1.0909,100,110,210,1.1,122,72
930,310,630,200,640,840,3.2,180,450,630,2.5,170,360,530,2.1176,140,200,340,1.4286,120,130,250,1.0833,100,110,210,1.1,122,72
960,300,650,190,480,670,2.5263,160,340,500,2.125,150,270,420,1.8,130,170,300,1.3077,110,120,230,1.0909,100,110,210,1.1,122,72
920,310,590,220,410,630,1.8636,190,280,470,1.4737,180,230,410,1.2778,150,140,290,0.93333,130,100,230,0.76923,120,80,200,0.66667,123,72
920,330,690,200,700,900,3.5,170,400,570,2.3529,160,320,480,2.0,140,190,330,1.3571,120,130,250,1.0833,100,110,210,1.1,124,73
950,230,740,250,480,730,1.92,180,330,510,1.8333,170,260,430,1.5294,140,190,330,1.3571,120,140,260,1.1667,100,120,220,1.2,124,73
940,210,610,230,440,670,1.913,210,300,510,1.4286,180,240,420,1.3333,150,170,320,1.1333,130,120,250,0.92308,110,100,210,0.90909,125,73
950,280,620,300,530,830,1.7667,180,420,600,2.3333,160,340,500,2.125,140,190,330,1.3571,120,140,260,1.1667,110,110,220,1.0,125,73
940,330,570,210,580,790,2.7619,180,430,610,2.3889,170,360,530,2.1176,140,200,340,1.4286,120,130,250,1.0833,110,120,230,1.0909,125,73
930,370,720,200,520,720,2.6,170,370,540,2.1765,170,300,470,1.7647,140,180,320,1.2857,120,130,250,1.0833,110,100,210,0.90909,125,73
940,210,600,230,450,680,1.9565,230,320,550,1.3913,190,270,460,1.4211,160,180,340,1.125,130,140,270,1.0769,120,120,240,1.0,126,74
940,340,630,200,540,740,2.7,160,370,530,2.3125,150,280,430,1.8667,130,170,300,1.3077,110,120,230,1.0909,100,100,200,1.0,126,73
950,210,650,230,450,680,1.9565,170,290,460,1.7059,150,230,380,1.5333,140,150,290,1.0714,110,120,230,1.0909,100,90,190,0.9,125,73
930,300,580,200,420,620,2.1,170,300,470,1.7647,160,230,390,1.4375,140,150,290,1.0714,130,120,250,0.92308,110,100,210,0.90909,125,73
930,350,570,190,530,720,2.7895,170,370,540,2.1765,160,300,460,1.875,140,170,310,1.2143,120,130,250,1.0833,100,110,210,1.1,125,73
940,310,640,200,530,730,2.65,160,370,530,2.3125,160,290,450,1.8125,130,180,310,1.3846,110,130,240,1.1818,90,110,200,1.2222,125,73
930,300,570,190,580,770,3.0526,170,400,570,2.3529,150,320,470,2.1333,140,190,330,1.3571,110,130,240,1.1818,100,110,210,1.1,125,73
920,360,720,190,450,640,2.3684,160,330,490,2.0625,150,270,420,1.8,140,180,320,1.2857,120,130,250,1.0833,100,110,210,1.1,124,73
950,200,590,220,440,660,2.0,220,310,530,1.4091,220,240,460,1.0909,140,180,320,1.2857,110,140,250,1.2727,100,120,220,1.2,124,72
970,360,620,200,560,760,2.8,170,370,540,2.1765,150,280,430,1.8667,140,160,300,1.1429,120,120,240,1.0,110,100,210,0.90909,125,73
880,350,570,230,580,810,2.5217,200,430,630,2.15,190,350,540,1.8421,170,190,360,1.1176,150,100,250,0.66667,130,80,210,0.61538,126,73
940,310,650,190,470,660,2.4737,160,330,490,2.0625,150,270,420,1.8,130,170,300,1.3077,110,120,230,1.0909,100,110,210,1.1,125,73
940,290,590,210,420,630,2.0,180,270,450,1.5,170,230,400,1.3529,140,160,300,1.1429,130,120,250,0.92308,110,100,210,0.90909,125,73
940,350,570,190,490,680,2.5789,170,350,520,2.0588,160,290,450,1.8125,140,180,320,1.2857,120,130,250,1.0833,110,110,220,1.0,124,73
930,290,610,190,460,650,2.4211,160,310,470,1.9375,150,230,380,1.5333,130,150,280,1.1538,120,120,240,1.0,100,100,200,1.0,124,73
940,320,550,190,520,710,2.7368,170,360,530,2.1176,150,280,430,1.8667,130,180,310,1.3846,110,130,240,1.1818,90,100,190,1.1111,125,73
930,320,580,190,450,640,2.3684,170,300,470,1.7647,160,240,400,1.5,130,160,290,1.2308,120,120,240,1.0,100,100,200,1.0,125,73
930,350,570,180,460,640,2.5556,170,330,500,1.9412,150,270,420,1.8,130,160,290,1.2308,110,120,230,1.0909,100,110,210,1.1,124,73
890,360,710,180,450,630,2.5,170,320,490,1.8824,160,260,420,1.625,140,160,300,1.1429,120,120,240,1.0,110,100,210,0.90909,124,73
950,180,620,200,450,650,2.25,200,300,500,1.5,200,230,430,1.15,130,170,300,1.3077,110,130,240,1.1818,90,110,200,1.2222,124,72
920,330,630,190,600,790,3.1579,160,390,550,2.4375,150,310,460,2.0667,130,170,300,1.3077,110,120,230,1.0909,100,100,200,1.0,124,72
920,290,650,180,480,660,2.6667,160,340,500,2.125,150,270,420,1.8,130,170,300,1.3077,110,120,230,1.0909,100,100,200,1.0,125,73
930,270,680,180,430,610,2.3889,160,380,540,2.375,150,310,460,2.0667,130,180,310,1.3846,110,130,240,1.1818,100,120,220,1.2,125,73
930,250,560,190,470,660,2.4737,170,370,540,2.1765,160,280,440,1.75,140,170,310,1.2143,110,130,240,1.1818,100,110,210,1.1,124,72
930,360,610,200,620,820,3.1,160,380,540,2.375,150,290,440,1.9333,130,180,310,1.3846,110,130,240,1.1818,90,100,190,1.1111,123,72
930,320,640,180,530,710,2.9444,160,360,520,2.25,150,280,430,1.8667,130,170,300,1.3077,100,120,220,1.2,90,110,200,1.2222,124,72
930,290,630,180,490,670,2.7222,170,340,510,2.0,150,270,420,1.8,130,160,290,1.2308,110,120,230,1.0909,100,100,200,1.0,125,72
930,300,590,190,470,660,2.4737,170,320,490,1.8824,150,250,400,1.6667,140,160,300,1.1429,120,120,240,1.0,110,110,220,1.0,124,72
920,350,720,210,460,670,2.1905,180,330,510,1.8333,170,260,430,1.5294,150,160,310,1.0667,130,120,250,0.92308,110,100,210,0.90909,123,72
940,200,610,220,440,660,2.0,220,290,510,1.3182,200,240,440,1.2,150,190,340,1.2667,130,140,270,1.0769,110,120,230,1.0909,123,72
930,330,590,190,580,770,3.0526,160,390,550,2.4375,160,310,470,1.9375,130,170,300,1.3077,110,130,240,1.1818,90,110,200,1.2222,123,72
930,340,400,190,410,600,2.1579,170,330,500,1.9412,160,250,410,1.5625,130,160,290,1.2308,110,120,230,1.0909,100,100,200,1.0,123,72
930,300,650,180,590,770,3.2778,160,390,550,2.4375,150,300,450,2.0,140,180,320,1.2857,110,130,240,1.1818,100,110,210,1.1,124,72
940,280,710,190,450,640,2.3684,160,310,470,1.9375,150,270,420,1.8,130,190,320,1.4615,110,150,260,1.3636,100,130,230,1.3,123,72
920,230,600,250,450,700,1.8,210,330,540,1.5714,190,260,450,1.3684,160,170,330,1.0625,130,130,260,1.0,120,110,230,0.91667,123,72
920,320,600,180,610,790,3.3889,160,450,610,2.8125,150,350,500,2.3333,130,200,330,1.5385,110,140,250,1.2727,90,120,210,1.3333,122,71
940,320,620,180,480,660,2.6667,150,340,490,2.2667,140,260,400,1.8571,120,170,290,1.4167,100,120,220,1.2,90,110,200,1.2222,122,71
920,320,630,210,450,660,2.1429,170,320,490,1.8824,160,260,420,1.625,140,160,300,1.1429,120,120,240,1.0,110,110,220,1.0,122,71
920,290,590,190,480,670,2.5263,160,310,470,1.9375,150,250,400,1.6667,130,160,290,1.2308,120,120,240,1.0,100,100,200,1.0,123,71
930,210,610,230,410,640,1.7826,170,280,450,1.6471,160,210,370,1.3125,130,160,290,1.2308,110,130,240,1.1818,100,110,210,1.1,122,71
930,320,600,190,560,750,2.9474,160,380,540,2.375,140,290,430,2.0714,130,170,300,1.3077,110,120,230,1.0909,100,100,200,1.0,122,71
930,330,610,190,500,690,2.6316,160,340,500,2.125,160,260,420,1.625,130,160,290,1.2308,110,120,230,1.0909,100,110,210,1.1,122,71
930,320,640,220,560,780,2.5455,180,370,550,2.0556,170,280,450,1.6471,140,170,310,1.2143,130,120,250,0.92308,110,100,210,0.90909,122,71
910,290,690,200,700,900,3.5,180,380,560,2.1111,170,290,460,1.7059,140,170,310,1.2143,130,120,250,0.92308,110,90,200,0.81818,121,70
940,220,570,210,420,630,2.0,180,300,480,1.6667,160,240,400,1.5,150,180,330,1.2,130,130,260,1.0,120,100,220,0.8333299999999999,122,71
910,310,600,190,500,690,2.6316,160,350,510,2.1875,150,270,420,1.8,140,160,300,1.1429,110,120,230,1.0909,100,100,200,1.0,121,71
930,310,640,190,480,670,2.5263,160,350,510,2.1875,150,280,430,1.8667,130,170,300,1.3077,100,130,230,1.3,90,120,210,1.3333,121,70
920,290,580,190,500,690,2.6316,160,330,490,2.0625,160,260,420,1.625,130,170,300,1.3077,110,120,230,1.0909,100,100,200,1.0,120,70
920,340,580,200,500,700,2.5,170,380,550,2.2353,160,310,470,1.9375,140,190,330,1.3571,120,130,250,1.0833,110,100,210,0.90909,120,70
940,230,590,250,430,680,1.72,170,290,460,1.7059,150,240,390,1.6,130,170,300,1.3077,110,140,250,1.2727,90,120,210,1.3333,121,70
930,280,630,190,480,670,2.5263,160,330,490,2.0625,150,270,420,1.8,130,170,300,1.3077,110,120,230,1.0909,100,100,200,1.0,121,70
910,300,610,200,450,650,2.25,160,300,460,1.875,160,240,400,1.5,130,150,280,1.1538,120,110,230,0.91667,90,100,190,1.1111,120,70
930,300,590,190,600,790,3.1579,160,390,550,2.4375,150,300,450,2.0,130,180,310,1.3846,110,130,240,1.1818,100,110,210,1.1,120,70
910,340,560,210,410,620,1.9524,180,270,450,1.5,170,210,380,1.2353,150,180,330,1.2,120,130,250,1.0833,110,100,210,0.90909,120,70
920,310,390,200,400,600,2.0,170,330,500,1.9412,160,260,420,1.625,130,160,290,1.2308,120,110,230,0.91667,100,100,200,1.0,121,70
920,280,650,210,520,730,2.4762,170,350,520,2.0588,160,270,430,1.6875,140,170,310,1.2143,120,130,250,1.0833,100,100,200,1.0,120,70
930,270,560,190,470,660,2.4737,170,350,520,2.0588,160,230,390,1.4375,130,170,300,1.3077,110,130,240,1.1818,100,100,200,1.0,120,70
910,370,580,210,590,800,2.8095,190,380,570,2.0,180,310,490,1.7222,150,180,330,1.2,130,130,260,1.0,120,100,220,0.8333299999999999,120,70
900,330,700,240,480,720,2.0,190,340,530,1.7895,170,270,440,1.5882,150,170,320,1.1333,130,120,250,0.92308,120,100,220,0.8333299999999999,120,70
920,200,590,220,440,660,2.0,190,290,480,1.5263,160,240,400,1.5,140,160,300,1.1429,110,130,240,1.1818,110,110,220,1.0,120,70
920,330,630,190,460,650,2.4211,160,340,500,2.125,150,270,420,1.8,130,160,290,1.2308,110,120,230,1.0909,100,100,200,1.0,121,70
910,290,630,260,480,740,1.8462,180,360,540,2.0,160,310,470,1.9375,140,170,310,1.2143,110,120,230,1.0909,110,110,220,1.0,121,70
910,280,590,190,600,790,3.1579,170,410,580,2.4118,150,320,470,2.1333,140,180,320,1.2857,110,120,230,1.0909,100,110,210,1.1,120,70
910,320,690,200,470,670,2.35,160,340,500,2.125,160,280,440,1.75,140,170,310,1.2143,120,130,250,1.0833,100,100,200,1.0,120,70
910,220,610,240,470,710,1.9583,240,350,590,1.4583,180,300,480,1.6667,150,200,350,1.3333,120,140,260,1.1667,110,120,230,1.0909,120,70
920,300,590,180,480,660,2.6667,150,320,470,2.1333,140,230,370,1.6429,120,160,280,1.3333,110,120,230,1.0909,90,110,200,1.2222,121,70
920,330,630,190,640,830,3.3684,160,430,590,2.6875,150,350,500,2.3333,130,190,320,1.4615,110,130,240,1.1818,100,110,210,1.1,122,70
910,290,600,190,520,710,2.7368,160,370,530,2.3125,150,280,430,1.8667,130,160,290,1.2308,110,120,230,1.0909,100,100,200,1.0,121,70
910,310,540,210,420,630,2.0,170,310,480,1.8235,160,240,400,1.5,140,160,300,1.1429,120,120,240,1.0,100,100,200,1.0,121,70
910,370,560,200,570,770,2.85,170,380,550,2.2353,160,320,480,2.0,140,180,320,1.2857,120,120,240,1.0,100,100,200,1.0,120,69
910,320,530,200,540,740,2.7,170,430,600,2.5294,160,350,510,2.1875,140,170,310,1.2143,110,120,230,1.0909,100,100,200,1.0,120,69
900,290,680,200,660,860,3.3,180,350,530,1.9444,170,290,460,1.7059,150,180,330,1.2,120,120,240,1.0,110,100,210,0.90909,120,69
910,220,630,240,490,730,2.0417,240,370,610,1.5417,210,310,520,1.4762,160,180,340,1.125,140,120,260,0.85714,120,100,220,0.8333299999999999,119,69
920,280,600,180,440,620,2.4444,160,290,450,1.8125,150,220,370,1.4667,120,160,280,1.3333,110,120,230,1.0909,90,100,190,1.1111,119,69
910,300,600,180,510,690,2.8333,150,360,510,2.4,150,290,440,1.9333,130,160,290,1.2308,100,120,220,1.2,90,100,190,1.1111,119,69
920,310,590,200,520,720,2.6,160,370,530,2.3125,150,280,430,1.8667,130,170,300,1.3077,100,120,220,1.2,90,110,200,1.2222,119,69
910,330,570,200,580,780,2.9,170,410,580,2.4118,160,330,490,2.0625,130,170,300,1.3077,110,130,240,1.1818,90,110,200,1.2222,120,69
900,340,700,200,470,670,2.35,170,330,500,1.9412,160,260,420,1.625,130,160,290,1.2308,120,120,240,1.0,100,100,200,1.0,120,69
910,200,620,220,440,660,2.0,220,310,530,1.4091,220,240,460,1.0909,140,170,310,1.2143,120,130,250,1.0833,100,120,220,1.2,120,69
910,290,610,180,550,730,3.0556,150,370,520,2.4667,140,270,410,1.9286,130,160,290,1.2308,100,120,220,1.2,90,100,190,1.1111,119,69
900,300,640,200,460,660,2.3,170,340,510,2.0,160,250,410,1.5625,140,150,290,1.0714,120,110,230,0.91667,100,100,200,1.0,119,69
900,260,590,200,410,610,2.05,170,320,490,1.8824,160,260,420,1.625,140,160,300,1.1429,110,120,230,1.0909,100,100,200,1.0,119,69
900,310,560,200,570,770,2.85,170,380,550,2.2353,160,290,450,1.8125,140,160,300,1.1429,120,120,240,1.0,100,100,200,1.0,120,69
910,210,590,230,440,670,1.913,180,290,470,1.6111,160,230,390,1.4375,130,170,300,1.3077,110,140,250,1.2727,100,110,210,1.1,118,69
910,320,640,180,650,830,3.6111,160,400,560,2.5,140,310,450,2.2143,130,170,300,1.3077,110,130,240,1.1818,90,110,200,1.2222,118,69
910,270,640,190,460,650,2.4211,170,320,490,1.8824,160,250,410,1.5625,140,160,300,1.1429,120,120,240,1.0,100,90,190,0.9,118,68
900,270,650,200,420,620,2.1,180,260,440,1.4444,170,190,360,1.1176,150,140,290,0.93333,130,120,250,0.92308,110,100,210,0.90909,118,68
900,250,550,200,480,680,2.4,180,340,520,1.8889,170,270,440,1.5882,140,160,300,1.1429,130,110,240,0.84615,110,100,210,0.90909,118,69
900,260,600,190,440,630,2.3158,170,280,450,1.6471,150,220,370,1.4667,140,150,290,1.0714,110,120,230,1.0909,100,90,190,0.9,117,68
900,300,610,200,540,740,2.7,160,370,530,2.3125,160,280,440,1.75,130,160,290,1.2308,120,120,240,1.0,100,90,190,0.9,116,68
860,260,630,190,460,650,2.4211,170,320,490,1.8824,160,260,420,1.625,130,170,300,1.3077,120,120,240,1.0,100,100,200,1.0,116,68
900,310,700,190,450,640,2.3684,170,330,500,1.9412,160,270,430,1.6875,130,170,300,1.3077,120,120,240,1.0,90,100,190,1.1111,117,68
920,200,610,220,430,650,1.9545,220,280,500,1.2727,220,230,450,1.0455,160,210,370,1.3125,130,150,280,1.1538,110,120,230,1.0909,117,68
900,310,640,190,580,770,3.0526,150,370,520,2.4667,150,290,440,1.9333,130,170,300,1.3077,110,120,230,1.0909,90,110,200,1.2222,117,68
920,260,430,170,440,610,2.5882,150,350,500,2.3333,140,270,410,1.9286,130,170,300,1.3077,100,130,230,1.3,90,110,200,1.2222,116,68
910,270,690,200,660,860,3.3,170,350,520,2.0588,160,260,420,1.625,140,160,300,1.1429,120,120,240,1.0,100,100,200,1.0,117,68
910,220,550,190,500,690,2.6316,170,350,520,2.0588,160,290,450,1.8125,140,170,310,1.2143,110,120,230,1.0909,110,100,210,0.90909,117,68
940,190,650,210,460,670,2.1905,130,310,440,2.3846,120,250,370,2.0833,100,190,290,1.9,80,150,230,1.875,70,130,200,1.8571,119,69
910,290,620,190,590,780,3.1053,150,390,540,2.6,150,310,460,2.0667,130,170,300,1.3077,110,120,230,1.0909,100,110,210,1.1,119,69
890,290,610,190,450,640,2.3684,170,310,480,1.8235,160,250,410,1.5625,140,160,300,1.1429,120,110,230,0.91667,90,90,180,1.0,118,69
900,280,610,180,480,660,2.6667,160,390,550,2.4375,150,300,450,2.0,140,170,310,1.2143,110,120,230,1.0909,100,100,200,1.0,119,69
900,290,690,190,460,650,2.4211,160,330,490,2.0625,160,260,420,1.625,130,170,300,1.3077,120,140,260,1.1667,100,100,200,1.0,119,69
900,210,610,230,450,680,1.9565,230,340,570,1.4783,180,280,460,1.5556,150,190,340,1.2667,120,140,260,1.1667,110,120,230,1.0909,120,70
950,250,410,170,420,590,2.4706,150,330,480,2.2,140,250,390,1.7857,120,160,280,1.3333,100,120,220,1.2,80,100,180,1.25,121,71
890,260,560,190,410,600,2.1579,170,280,450,1.6471,160,210,370,1.3125,130,150,280,1.1538,120,110,230,0.91667,100,90,190,0.9,121,70
890,330,660,190,410,600,2.1579,170,280,450,1.6471,160,270,430,1.6875,140,160,300,1.1429,110,120,230,1.0909,100,90,190,0.9,121,70
910,230,710,180,450,630,2.5,160,320,480,2.0,150,270,420,1.8,130,180,310,1.3846,110,130,240,1.1818,100,120,220,1.2,121,70
910,200,510,220,410,630,1.8636,190,280,470,1.4737,180,220,400,1.2222,140,160,300,1.1429,120,120,240,1.0,110,100,210,0.90909,121,70
910,340,640,180,490,670,2.7222,150,340,490,2.2667,140,260,400,1.8571,120,160,280,1.3333,100,130,230,1.3,90,100,190,1.1111,122,71
890,270,620,180,500,680,2.7778,160,340,500,2.125,150,260,410,1.7333,130,150,280,1.1538,120,120,240,1.0,100,100,200,1.0,123,71
910,270,600,170,610,780,3.5882,150,340,490,2.2667,140,250,390,1.7857,120,170,290,1.4167,100,130,230,1.3,90,110,200,1.2222,122,71
900,310,540,210,420,630,2.0,180,260,440,1.4444,160,190,350,1.1875,140,130,270,0.92857,120,110,230,0.91667,110,100,210,0.90909,121,70
900,270,580,290,410,700,1.4138,180,270,450,1.5,160,210,370,1.3125,140,140,280,1.0,120,110,230,0.91667,110,100,210,0.90909,121,70
890,320,580,190,490,680,2.5789,160,340,500,2.125,150,270,420,1.8,140,160,300,1.1429,110,120,230,1.0909,100,100,200,1.0,122,71
920,310,610,190,500,690,2.6316,160,360,520,2.25,150,270,420,1.8,130,160,290,1.2308,110,120,230,1.0909,100,100,200,1.0,122,71
890,310,620,290,630,920,2.1724,180,420,600,2.3333,160,350,510,2.1875,150,190,340,1.2667,120,120,240,1.0,110,100,210,0.90909,122,70
850,270,580,190,590,780,3.1053,160,410,570,2.5625,150,320,470,2.1333,130,170,300,1.3077,110,120,230,1.0909,100,100,200,1.0,121,70
940,270,620,290,460,750,1.5862,140,340,480,2.4286,130,280,410,2.1538,100,200,300,2.0,80,160,240,2.0,70,140,210,2.0,121,70
890,270,610,180,620,800,3.4444,160,420,580,2.625,150,320,470,2.1333,120,160,280,1.3333,110,120,230,1.0909,90,100,190,1.1111,121,70
890,280,630,180,530,710,2.9444,160,350,510,2.1875,150,280,430,1.8667,130,170,300,1.3077,110,120,230,1.0909,100,100,200,1.0,121,70
900,260,620,190,480,670,2.5263,160,330,490,2.0625,150,260,410,1.7333,130,160,290,1.2308,100,120,220,1.2,100,110,210,1.1,122,70
900,280,620,200,470,670,2.35,170,330,500,1.9412,160,260,420,1.625,140,160,300,1.1429,120,120,240,1.0,110,100,210,0.90909,121,70
890,280,650,200,660,860,3.3,180,430,610,2.3889,170,350,520,2.0588,150,200,350,1.3333,120,120,240,1.0,110,100,210,0.90909,121,70
880,240,670,260,440,700,1.6923,190,320,510,1.6842,140,270,410,1.9286,140,170,310,1.2143,70,120,190,1.7143,70,100,170,1.4286,121,70
910,210,630,230,430,660,1.8696,230,310,540,1.3478,180,250,430,1.3889,150,170,320,1.1333,120,130,250,1.0833,110,110,220,1.0,120,70
900,280,630,190,640,830,3.3684,160,450,610,2.8125,150,350,500,2.3333,130,180,310,1.3846,110,120,230,1.0909,100,100,200,1.0,120,69
900,270,660,190,480,670,2.5263,160,330,490,2.0625,160,250,410,1.5625,130,150,280,1.1538,120,110,230,0.91667,100,100,200,1.0,120,69
900,240,640,190,450,640,2.3684,170,360,530,2.1176,160,290,450,1.8125,140,170,310,1.2143,110,120,230,1.0909,100,100,200,1.0,120,69
890,260,620,190,450,640,2.3684,170,310,480,1.8235,160,250,410,1.5625,140,160,300,1.1429,120,120,240,1.0,100,100,200,1.0,121,70
900,270,670,190,600,790,3.1579,170,370,540,2.1765,160,310,470,1.9375,130,190,320,1.4615,110,130,240,1.1818,90,110,200,1.2222,120,69
900,230,700,250,510,760,2.04,180,380,560,2.1111,170,310,480,1.8235,150,190,340,1.2667,120,140,260,1.1667,110,110,220,1.0,119,69
910,200,610,220,420,640,1.9091,170,290,460,1.7059,160,230,390,1.4375,130,160,290,1.2308,110,130,240,1.1818,100,110,210,1.1,119,69
910,280,650,180,470,650,2.6111,160,330,490,2.0625,140,270,410,1.9286,130,160,290,1.2308,110,120,230,1.0909,100,110,210,1.1,119,69
890,260,630,200,450,650,2.25,170,320,490,1.8824,160,270,430,1.6875,140,160,300,1.1429,120,120,240,1.0,100,100,200,1.0,119,69
900,260,560,180,570,750,3.1667,170,370,540,2.1765,150,280,430,1.8667,130,160,290,1.2308,110,120,230,1.0909,100,100,200,1.0,120,69
890,340,670,200,450,650,2.25,170,330,500,1.9412,170,250,420,1.4706,140,160,300,1.1429,120,120,240,1.0,110,100,210,0.90909,120,69
900,220,650,240,470,710,1.9583,210,360,570,1.7143,180,300,480,1.6667,150,200,350,1.3333,130,140,270,1.0769,110,120,230,1.0909,119,69
910,250,630,180,470,650,2.6111,150,310,460,2.0667,150,230,380,1.5333,120,150,270,1.25,110,120,230,1.0909,90,110,200,1.2222,119,69
890,280,630,220,640,860,2.9091,180,400,580,2.2222,160,320,480,2.0,140,170,310,1.2143,120,120,240,1.0,100,100,200,1.0,119,69
910,260,640,190,440,630,2.3158,160,300,460,1.875,150,230,380,1.5333,130,150,280,1.1538,110,110,220,1.0,100,100,200,1.0,119,69
890,270,590,210,440,650,2.0952,180,300,480,1.6667,160,230,390,1.4375,140,160,300,1.1429,120,120,240,1.0,100,100,200,1.0,119,69
900,300,650,190,660,850,3.4737,170,370,540,2.1765,160,290,450,1.8125,140,180,320,1.2857,110,120,230,1.0909,110,100,210,0.90909,120,69
890,250,680,200,400,600,2.0,170,310,480,1.8235,170,250,420,1.4706,130,160,290,1.2308,130,120,250,0.92308,110,100,210,0.90909,120,69
900,210,430,230,350,580,1.5217,190,240,430,1.2632,180,200,380,1.1111,150,150,300,1.0,130,120,250,0.92308,110,100,210,0.90909,120,69
910,260,630,180,480,660,2.6667,160,340,500,2.125,150,270,420,1.8,130,170,300,1.3077,100,120,220,1.2,100,110,210,1.1,119,69
890,280,560,200,430,630,2.15,170,290,460,1.7059,160,230,390,1.4375,130,150,280,1.1538,110,110,220,1.0,100,90,190,0.9,119,69
890,330,660,200,670,870,3.35,180,380,560,2.1111,160,310,470,1.9375,140,180,320,1.2857,120,120,240,1.0,100,110,210,1.1,120,69
880,230,670,250,460,710,1.84,190,320,510,1.6842,180,240,420,1.3333,150,190,340,1.2667,120,140,260,1.1667,110,120,230,1.0909,121,70
920,210,590,230,430,660,1.8696,230,280,510,1.2174,170,230,400,1.3529,140,160,300,1.1429,110,130,240,1.1818,100,110,210,1.1,121,70
900,330,420,190,430,620,2.2632,170,390,560,2.2941,160,310,470,1.9375,140,170,310,1.2143,120,120,240,1.0,100,100,200,1.0,121,70
890,250,700,190,510,700,2.6842,170,350,520,2.0588,160,280,440,1.75,140,170,310,1.2143,120,120,240,1.0,110,110,220,1.0,121,70
890,190,590,180,520,700,2.8889,160,340,500,2.125,150,260,410,1.7333,130,160,290,1.2308,110,120,230,1.0909,90,100,190,1.1111,121,70
890,300,670,190,490,680,2.5789,170,350,520,2.0588,160,290,450,1.8125,140,170,310,1.2143,120,130,250,1.0833,100,110,210,1.1,123,70
900,220,680,240,490,730,2.0417,240,370,610,1.5417,190,300,490,1.5789,160,170,330,1.0625,130,120,250,0.92308,110,90,200,0.81818,124,71
890,220,590,190,410,600,2.1579,160,270,430,1.6875,160,220,380,1.375,130,150,280,1.1538,120,110,230,0.91667,100,100,200,1.0,125,72
890,280,610,190,450,640,2.3684,160,290,450,1.8125,150,230,380,1.5333,130,150,280,1.1538,110,110,220,1.0,100,90,190,0.9,125,72
890,280,630,220,540,760,2.4545,180,370,550,2.0556,160,300,460,1.875,140,170,310,1.2143,120,120,240,1.0,110,110,220,1.0,125,72
890,260,590,190,600,790,3.1579,170,350,520,2.0588,160,280,440,1.75,140,170,310,1.2143,110,120,230,1.0909,110,100,210,0.90909,125,72
860,300,650,200,450,650,2.25,180,320,500,1.7778,170,260,430,1.5294,140,160,300,1.1429,120,120,240,1.0,110,100,210,0.90909,126,72
910,210,660,230,440,670,1.913,230,320,550,1.3913,180,270,450,1.5,140,190,330,1.3571,110,140,250,1.2727,100,120,220,1.2,127,73
880,250,570,210,400,610,1.9048,170,270,440,1.5882,160,220,380,1.375,130,150,280,1.1538,120,120,240,1.0,100,90,190,0.9,128,73
900,250,640,180,490,670,2.7222,160,340,500,2.125,150,270,420,1.8,130,160,290,1.2308,100,120,220,1.2,100,110,210,1.1,128,74
890,260,610,220,530,750,2.4091,170,380,550,2.2353,160,310,470,1.9375,140,180,320,1.2857,120,130,250,1.0833,100,110,210,1.1,128,74
890,280,660,190,670,860,3.5263,170,430,600,2.5294,160,350,510,2.1875,130,210,340,1.6154,110,140,250,1.2727,100,120,220,1.2,128,74
900,230,700,180,440,620,2.4444,160,320,480,2.0,150,270,420,1.8,140,170,310,1.2143,110,130,240,1.1818,100,110,210,1.1,129,74
910,200,600,220,430,650,1.9545,220,300,520,1.3636,220,250,470,1.1364,170,170,340,1.0,140,130,270,0.92857,120,110,230,0.91667,129,74
900,310,630,190,640,830,3.3684,150,390,540,2.6,150,300,450,2.0,130,170,300,1.3077,110,130,240,1.1818,90,100,190,1.1111,130,75
890,260,660,190,490,680,2.5789,170,340,510,2.0,160,270,430,1.6875,140,170,310,1.2143,120,120,240,1.0,100,100,200,1.0,131,75
900,230,670,200,410,610,2.05,170,380,550,2.2353,160,310,470,1.9375,140,180,320,1.2857,120,130,250,1.0833,100,110,210,1.1,131,75
890,230,670,200,680,880,3.4,170,370,540,2.1765,160,310,470,1.9375,140,180,320,1.2857,120,130,250,1.0833,100,110,210,1.1,131,75
890,220,690,240,580,820,2.4167,200,440,640,2.2,170,370,540,2.1765,150,240,390,1.6,120,150,270,1.25,110,130,240,1.1818,131,75
900,200,610,220,430,650,1.9545,170,280,450,1.6471,160,230,390,1.4375,130,160,290,1.2308,120,130,250,1.0833,100,110,210,1.1,132,76
920,290,610,190,590,780,3.1053,150,380,530,2.5333,150,300,450,2.0,130,180,310,1.3846,110,130,240,1.1818,90,110,200,1.2222,133,76
890,250,610,190,470,660,2.4737,170,320,490,1.8824,150,250,400,1.6667,140,150,290,1.0714,110,120,230,1.0909,100,100,200,1.0,133,76
890,280,620,190,420,610,2.2105,170,280,450,1.6471,150,270,420,1.8,140,180,320,1.2857,110,120,230,1.0909,110,110,220,1.0,133,77
890,270,660,200,440,640,2.2,170,310,480,1.8235,160,250,410,1.5625,140,160,300,1.1429,120,120,240,1.0,110,100,210,0.90909,132,76
880,230,520,250,430,680,1.72,200,330,530,1.65,180,290,470,1.6111,150,190,340,1.2667,130,130,260,1.0,120,110,230,0.91667,132,76
890,360,610,180,430,610,2.3889,160,290,450,1.8125,150,230,380,1.5333,130,160,290,1.2308,110,120,230,1.0909,100,100,200,1.0,132,76
880,280,640,180,500,680,2.7778,160,330,490,2.0625,150,260,410,1.7333,130,160,290,1.2308,110,120,230,1.0909,100,100,200,1.0,132,76
890,240,630,180,510,690,2.8333,150,340,490,2.2667,140,270,410,1.9286,110,160,270,1.4545,90,120,210,1.3333,80,110,190,1.375,133,76
890,260,590,180,450,630,2.5,160,310,470,1.9375,150,250,400,1.6667,130,160,290,1.2308,110,120,230,1.0909,90,110,200,1.2222,131,75
900,270,610,180,570,750,3.1667,160,350,510,2.1875,140,270,410,1.9286,130,160,290,1.2308,110,120,230,1.0909,100,100,200,1.0,130,74
890,290,630,200,510,710,2.55,170,340,510,2.0,160,280,440,1.75,140,160,300,1.1429,120,110,230,0.91667,110,100,210,0.90909,130,74
890,260,640,180,620,800,3.4444,160,380,540,2.375,150,310,460,2.0667,130,180,310,1.3846,110,130,240,1.1818,100,110,210,1.1,131,75
900,250,610,180,460,640,2.5556,160,310,470,1.9375,150,260,410,1.7333,130,160,290,1.2308,110,120,230,1.0909,100,110,210,1.1,131,75
890,290,650,200,400,600,2.0,170,260,430,1.5294,170,200,370,1.1765,140,140,280,1.0,120,120,240,1.0,110,100,210,0.90909,130,75
860,240,660,200,430,630,2.15,180,310,490,1.7222,170,250,420,1.4706,150,160,310,1.0667,130,120,250,0.92308,110,90,200,0.81818,130,75
910,200,650,220,390,610,1.7727,220,280,500,1.2727,160,230,390,1.4375,140,170,310,1.2143,110,140,250,1.2727,100,110,210,1.1,130,75
880,260,630,180,580,760,3.2222,160,360,520,2.25,150,280,430,1.8667,140,160,300,1.1429,100,120,220,1.2,100,100,200,1.0,130,75
890,250,600,190,500,690,2.6316,160,340,500,2.125,140,270,410,1.9286,130,160,290,1.2308,110,120,230,1.0909,100,100,200,1.0,130,75
880,290,610,230,620,850,2.6957,180,400,580,2.2222,160,310,470,1.9375,150,180,330,1.2,120,120,240,1.0,110,110,220,1.0,130,75
890,270,600,190,500,690,2.6316,160,320,480,2.0,150,270,420,1.8,130,170,300,1.3077,110,120,230,1.0909,100,100,200,1.0,131,76
870,240,650,240,490,730,2.0417,190,350,540,1.8421,170,290,460,1.7059,150,170,320,1.1333,140,120,260,0.85714,120,100,220,0.8333299999999999,130,76
890,220,620,240,420,660,1.75,200,300,500,1.5,170,240,410,1.4118,140,160,300,1.1429,120,130,250,1.0833,110,100,210,0.90909,130,76
880,270,640,180,610,790,3.3889,160,370,530,2.3125,150,290,440,1.9333,130,160,290,1.2308,100,130,230,1.3,100,100,200,1.0,130,76
900,240,600,170,500,670,2.9412,150,350,500,2.3333,140,280,420,2.0,130,170,300,1.3077,100,130,230,1.3,90,110,200,1.2222,130,76
860,260,650,190,660,850,3.4737,170,380,550,2.2353,160,290,450,1.8125,130,180,310,1.3846,120,130,250,1.0833,100,100,200,1.0,132,77
920,210,700,190,430,620,2.2632,140,290,430,2.0714,140,230,370,1.6429,110,160,270,1.4545,100,120,220,1.2,80,90,170,1.125,133,78
890,220,670,240,520,760,2.1667,240,410,650,1.7083,180,360,540,2.0,150,230,380,1.5333,130,150,280,1.1538,110,120,230,1.0909,133,78
900,220,610,170,510,680,3.0,150,330,480,2.2,140,210,350,1.5,120,150,270,1.25,100,110,210,1.1,90,100,190,1.1111,132,78
880,290,610,200,620,820,3.1,170,400,570,2.3529,160,310,470,1.9375,130,170,300,1.3077,120,120,240,1.0,100,100,200,1.0,132,78
890,270,630,170,550,720,3.2353,150,340,490,2.2667,140,280,420,2.0,130,170,300,1.3077,110,120,230,1.0909,100,100,200,1.0,132,77
890,260,630,180,490,670,2.7222,160,330,490,2.0625,150,270,420,1.8,130,170,300,1.3077,110,120,230,1.0909,100,110,210,1.1,132,77
890,260,660,190,670,860,3.5263,170,430,600,2.5294,160,350,510,2.1875,140,190,330,1.3571,120,130,250,1.0833,110,110,220,1.0,132,77
880,230,660,250,430,680,1.72,200,320,520,1.6,180,260,440,1.4444,170,170,340,1.0,140,120,260,0.85714,120,100,220,0.8333299999999999,132,77
880,220,630,240,440,680,1.8333,240,330,570,1.375,200,270,470,1.35,160,190,350,1.1875,130,140,270,1.0769,120,110,230,0.91667,133,77
880,250,620,180,630,810,3.5,160,450,610,2.8125,150,340,490,2.2667,130,150,280,1.1538,120,120,240,1.0,100,100,200,1.0,132,77
890,260,590,190,490,680,2.5789,160,340,500,2.125,150,270,420,1.8,130,160,290,1.2308,110,120,230,1.0909,100,90,190,0.9,131,76
890,300,600,190,460,650,2.4211,170,340,510,2.0,160,270,430,1.6875,130,160,290,1.2308,120,120,240,1.0,100,100,200,1.0,131,76
890,290,600,180,460,640,2.5556,160,320,480,2.0,150,260,410,1.7333,140,160,300,1.1429,110,120,230,1.0909,110,100,210,0.90909,130,75
880,290,650,200,660,860,3.3,170,390,560,2.2941,160,310,470,1.9375,150,180,330,1.2,120,120,240,1.0,110,100,210,0.90909,130,75
870,230,670,230,420,650,1.8261,180,300,480,1.6667,160,240,400,1.5,150,160,310,1.0667,120,120,240,1.0,110,100,210,0.90909,130,75
890,200,640,220,430,650,1.9545,220,300,520,1.3636,180,240,420,1.3333,140,170,310,1.2143,120,130,250,1.0833,100,110,210,1.1,130,75
890,250,640,170,490,660,2.8824,150,340,490,2.2667,140,270,410,1.9286,120,170,290,1.4167,100,130,230,1.3,90,110,200,1.2222,130,75
890,250,660,190,470,660,2.4737,160,360,520,2.25,150,290,440,1.9333,130,180,310,1.3846,110,130,240,1.1818,100,100,200,1.0,129,75
880,230,580,190,470,660,2.4737,160,300,460,1.875,160,240,400,1.5,140,150,290,1.0714,120,110,230,0.91667,110,100,210,0.90909,129,75
890,300,690,200,700,900,3.5,170,380,550,2.2353,160,300,460,1.875,140,180,320,1.2857,120,120,240,1.0,110,100,210,0.90909,129,75
860,200,670,210,430,640,2.0476,180,300,480,1.6667,170,250,420,1.4706,150,160,310,1.0667,130,120,250,0.92308,120,90,210,0.75,130,75
900,190,580,210,430,640,2.0476,210,290,500,1.381,180,230,410,1.2778,150,170,320,1.1333,110,130,240,1.1818,110,110,220,1.0,130,75
890,250,620,170,500,670,2.9412,150,350,500,2.3333,140,280,420,2.0,130,170,300,1.3077,90,130,220,1.4444,90,100,190,1.1111,130,75
880,270,380,180,390,570,2.1667,160,320,480,2.0,150,250,400,1.6667,130,160,290,1.2308,110,110,220,1.0,100,100,200,1.0,130,75
890,300,670,190,630,820,3.3158,170,340,510,2.0,160,280,440,1.75,140,180,320,1.2857,120,120,240,1.0,110,100,210,0.90909,129,74
870,220,640,240,510,750,2.125,210,380,590,1.8095,190,330,520,1.7368,160,200,360,1.25,130,130,260,1.0,120,100,220,0.8333299999999999,130,74
900,230,610,250,420,670,1.68,160,290,450,1.8125,160,230,390,1.4375,130,160,290,1.2308,110,130,240,1.1818,100,110,210,1.1,130,75
890,240,640,180,490,670,2.7222,160,340,500,2.125,150,270,420,1.8,130,170,300,1.3077,110,120,230,1.0909,90,100,190,1.1111,129,74
890,250,610,200,450,650,2.25,170,330,500,1.9412,160,290,450,1.8125,130,180,310,1.3846,120,130,250,1.0833,100,110,210,1.1,129,74
880,280,610,190,620,810,3.2632,170,350,520,2.0588,160,280,440,1.75,140,160,300,1.1429,120,120,240,1.0,100,100,200,1.0,129,74
890,270,670,190,460,650,2.4211,170,320,490,1.8824,150,260,410,1.7333,140,160,300,1.1429,110,120,230,1.0909,100,110,210,1.1,129,74
900,220,620,240,490,730,2.0417,220,370,590,1.6818,190,320,510,1.6842,160,200,360,1.25,130,140,270,1.0769,110,120,230,1.0909,128,74
890,280,580,190,410,600,2.1579,170,280,450,1.6471,160,210,370,1.3125,140,140,280,1.0,120,110,230,0.91667,100,90,190,0.9,129,74
890,280,630,190,430,620,2.2632,160,300,460,1.875,150,230,380,1.5333,130,150,280,1.1538,110,120,230,1.0909,100,90,190,0.9,129,74
890,260,610,200,440,640,2.2,170,330,500,1.9412,150,270,420,1.8,140,170,310,1.2143,110,120,230,1.0909,100,100,200,1.0,129,74
880,280,560,190,570,760,3.0,170,400,570,2.3529,160,340,500,2.125,130,180,310,1.3846,110,130,240,1.1818,100,100,200,1.0,129,74
890,320,680,190,460,650,2.4211,160,330,490,2.0625,160,270,430,1.6875,130,170,300,1.3077,110,130,240,1.1818,90,110,200,1.2222,129,74
890,210,600,230,430,660,1.8696,230,310,540,1.3478,180,250,430,1.3889,140,170,310,1.2143,120,130,250,1.0833,100,110,210,1.1,128,74
890,290,600,180,520,700,2.8889,150,350,500,2.3333,140,260,400,1.8571,130,160,290,1.2308,100,120,220,1.2,100,100,200,1.0,128,73
870,300,600,180,490,670,2.7222,160,320,480,2.0,150,250,400,1.6667,120,150,270,1.25,110,110,220,1.0,90,100,190,1.1111,134,76
880,270,580,190,400,590,2.1053,160,270,430,1.6875,140,230,370,1.6429,130,160,290,1.2308,110,120,230,1.0909,100,110,210,1.1,134,76
860,300,640,190,650,840,3.4211,170,410,580,2.4118,160,340,500,2.125,140,200,340,1.4286,120,130,250,1.0833,110,110,220,1.0,134,76
850,220,670,240,530,770,2.2083,180,420,600,2.3333,160,350,510,2.1875,140,210,350,1.5,120,140,260,1.1667,100,120,220,1.2,135,77
880,180,610,200,460,660,2.3,200,320,520,1.6,200,250,450,1.25,140,170,310,1.2143,120,130,250,1.0833,100,120,220,1.2,135,77
880,270,600,180,610,790,3.3889,160,410,570,2.5625,150,320,470,2.1333,130,170,300,1.3077,110,120,230,1.0909,100,100,200,1.0,134,77
870,270,620,180,460,640,2.5556,150,320,470,2.1333,140,250,390,1.7857,130,160,290,1.2308,100,120,220,1.2,100,100,200,1.0,134,77
860,250,550,210,380,590,1.8095,180,300,480,1.6667,170,290,460,1.7059,140,160,300,1.1429,120,120,240,1.0,100,100,200,1.0,135,77
870,310,660,180,670,850,3.7222,160,390,550,2.4375,150,320,470,2.1333,130,190,320,1.4615,110,130,240,1.1818,90,110,200,1.2222,136,77
860,210,670,230,610,840,2.6522,180,390,570,2.1667,170,320,490,1.8824,140,200,340,1.4286,120,130,250,1.0833,110,110,220,1.0,136,77
890,190,620,210,430,640,2.0476,210,290,500,1.381,210,230,440,1.0952,140,160,300,1.1429,120,130,250,1.0833,110,110,220,1.0,136,77
930,270,610,180,620,800,3.4444,160,390,550,2.4375,150,310,460,2.0667,130,170,300,1.3077,100,120,220,1.2,90,100,190,1.1111,136,77
880,280,610,180,460,640,2.5556,160,310,470,1.9375,150,260,410,1.7333,130,160,290,1.2308,120,110,230,0.91667,100,100,200,1.0,135,77
880,270,580,200,390,590,1.95,160,340,500,2.125,160,300,460,1.875,130,170,300,1.3077,120,120,240,1.0,100,100,200,1.0,136,77
860,300,650,200,640,840,3.2,170,360,530,2.1176,160,300,460,1.875,140,180,320,1.2857,120,120,240,1.0,110,100,210,0.90909,137,78
870,210,680,230,560,790,2.4348,180,430,610,2.3889,170,370,540,2.1765,140,220,360,1.5714,120,140,260,1.1667,100,120,220,1.2,137,78
900,190,600,210,440,650,2.0952,170,290,460,1.7059,150,230,380,1.5333,130,170,300,1.3077,100,130,230,1.3,90,110,200,1.2222,137,78
940,300,470,190,480,670,2.5263,160,400,560,2.5,150,320,470,2.1333,130,170,300,1.3077,110,110,220,1.0,100,100,200,1.0,137,78
880,260,620,190,450,640,2.3684,160,310,470,1.9375,140,240,380,1.7143,120,160,280,1.3333,110,110,220,1.0,100,100,200,1.0,137,78
880,260,540,190,390,580,2.0526,170,350,520,2.0588,160,280,440,1.75,140,160,300,1.1429,120,120,240,1.0,100,90,190,0.9,137,78
870,340,650,190,630,820,3.3158,170,350,520,2.0588,160,280,440,1.75,150,160,310,1.0667,120,120,240,1.0,100,100,200,1.0,138,78
870,220,630,240,500,740,2.0833,200,400,600,2.0,170,350,520,2.0588,150,250,400,1.6667,130,150,280,1.1538,110,120,230,1.0909,138,78
880,240,560,200,420,620,2.1,160,270,430,1.6875,150,220,370,1.4667,130,150,280,1.1538,110,120,230,1.0909,90,100,190,1.1111,137,78
870,320,620,190,630,820,3.3158,170,400,570,2.3529,150,310,460,2.0667,130,170,300,1.3077,110,120,230,1.0909,100,90,190,0.9,137,78
880,270,600,180,440,620,2.4444,150,290,440,1.9333,140,220,360,1.5714,130,150,280,1.1538,110,110,220,1.0,100,100,200,1.0,136,77
860,280,640,190,400,590,2.1053,170,360,530,2.1176,160,320,480,2.0,140,160,300,1.1429,120,110,230,0.91667,100,100,200,1.0,136,77
880,220,660,180,470,650,2.6111,160,340,500,2.125,150,290,440,1.9333,130,180,310,1.3846,110,130,240,1.1818,90,110,200,1.2222,136,77
870,220,610,240,480,720,2.0,240,380,620,1.5833,200,340,540,1.7,160,230,390,1.4375,130,150,280,1.1538,120,120,240,1.0,137,78
890,260,590,210,600,810,2.8571,180,430,610,2.3889,160,330,490,2.0625,130,190,320,1.4615,110,140,250,1.2727,100,110,210,1.1,137,78
860,300,610,190,530,720,2.7895,170,380,550,2.2353,150,280,430,1.8667,130,150,280,1.1538,120,110,230,0.91667,100,90,190,0.9,136,78
880,250,590,180,470,650,2.6111,150,360,510,2.4,150,280,430,1.8667,130,190,320,1.4615,100,140,240,1.4,90,110,200,1.2222,136,77
870,290,600,180,490,670,2.7222,160,330,490,2.0625,150,240,390,1.6,130,160,290,1.2308,110,110,220,1.0,100,100,200,1.0,136,77
880,270,540,180,510,690,2.8333,160,410,570,2.5625,150,310,460,2.0667,130,170,300,1.3077,110,120,230,1.0909,90,100,190,1.1111,137,78
860,340,650,190,440,630,2.3158,180,330,510,1.8333,170,280,450,1.6471,130,160,290,1.2308,120,120,240,1.0,110,100,210,0.90909,138,78
880,210,590,230,450,680,1.9565,230,340,570,1.4783,200,290,490,1.45,150,200,350,1.3333,130,150,280,1.1538,110,120,230,1.0909,138,78
870,290,580,190,590,780,3.1053,170,450,620,2.6471,160,350,510,2.1875,140,180,320,1.2857,120,130,250,1.0833,100,110,210,1.1,138,78
880,290,610,180,620,800,3.4444,150,390,540,2.6,140,290,430,2.0714,120,160,280,1.3333,100,120,220,1.2,100,100,200,1.0,137,78
870,270,630,180,520,700,2.8889,160,390,550,2.4375,150,320,470,2.1333,130,210,340,1.6154,110,110,220,1.0,100,100,200,1.0,137,78
880,240,580,170,480,650,2.8235,160,330,490,2.0625,150,260,410,1.7333,130,160,290,1.2308,110,120,230,1.0909,90,100,190,1.1111,137,78
870,300,660,180,460,640,2.5556,170,420,590,2.4706,150,330,480,2.2,130,180,310,1.3846,120,120,240,1.0,100,100,200,1.0,138,78
870,210,670,180,450,630,2.5,160,330,490,2.0625,150,270,420,1.8,130,170,300,1.3077,110,130,240,1.1818,100,100,200,1.0,139,79
870,200,610,220,430,650,1.9545,220,320,540,1.4545,200,270,470,1.35,150,180,330,1.2,130,140,270,1.0769,110,110,220,1.0,139,79
870,290,600,180,510,690,2.8333,160,350,510,2.1875,150,260,410,1.7333,130,150,280,1.1538,110,110,220,1.0,100,90,190,0.9,138,79
850,270,580,190,450,640,2.3684,170,330,500,1.9412,150,260,410,1.7333,130,140,270,1.0769,120,110,230,0.91667,100,90,190,0.9,138,78
880,270,580,170,450,620,2.6471,160,300,460,1.875,140,240,380,1.7143,130,160,290,1.2308,100,120,220,1.2,100,100,200,1.0,138,78
860,300,630,190,530,720,2.7895,170,420,590,2.4706,160,340,500,2.125,140,180,320,1.2857,130,120,250,0.92308,110,90,200,0.81818,138,78
840,230,650,200,410,610,2.05,170,310,480,1.8235,160,250,410,1.5625,140,150,290,1.0714,120,110,230,0.91667,110,100,210,0.90909,139,79
880,190,600,210,450,660,2.1429,210,320,530,1.5238,210,260,470,1.2381,140,190,330,1.3571,110,140,250,1.2727,100,120,220,1.2,139,79
870,270,610,180,540,720,3.0,150,380,530,2.5333,140,290,430,2.0714,120,160,280,1.3333,100,130,230,1.3,90,110,200,1.2222,138,79
870,260,580,180,460,640,2.5556,160,330,490,2.0625,150,260,410,1.7333,130,150,280,1.1538,110,120,230,1.0909,90,100,190,1.1111,138,79
880,290,590,180,440,620,2.4444,150,300,450,2.0,150,230,380,1.5333,130,150,280,1.1538,120,110,230,0.91667,100,100,200,1.0,138,79
860,290,640,200,590,790,2.95,170,420,590,2.4706,160,340,500,2.125,140,190,330,1.3571,120,120,240,1.0,110,100,210,0.90909,139,79
870,220,680,180,430,610,2.3889,160,320,480,2.0,150,260,410,1.7333,130,170,300,1.3077,110,120,230,1.0909,90,110,200,1.2222,140,80
880,190,600,210,430,640,2.0476,210,300,510,1.4286,210,250,460,1.1905,150,170,320,1.1333,120,130,250,1.0833,110,110,220,1.0,140,80
870,270,600,180,500,680,2.7778,160,310,470,1.9375,150,230,380,1.5333,120,150,270,1.25,110,110,220,1.0,100,100,200,1.0,139,80
880,270,630,180,450,630,2.5,160,330,490,2.0625,140,270,410,1.9286,130,160,290,1.2308,110,120,230,1.0909,100,110,210,1.1,139,80
880,250,590,180,470,650,2.6111,150,300,450,2.0,140,240,380,1.7143,130,160,290,1.2308,100,120,220,1.2,100,100,200,1.0,139,80
870,290,650,190,610,800,3.2105,170,360,530,2.1176,160,300,460,1.875,140,170,310,1.2143,120,120,240,1.0,110,100,210,0.90909,140,80
850,220,670,200,430,630,2.15,180,310,490,1.7222,160,250,410,1.5625,140,160,300,1.1429,120,120,240,1.0,110,100,210,0.90909,140,80
870,280,600,180,610,790,3.3889,160,420,580,2.625,150,330,480,2.2,130,160,290,1.2308,100,110,210,1.1,100,100,200,1.0,138,79
850,270,630,200,420,620,2.1,170,310,480,1.8235,160,230,390,1.4375,130,140,270,1.0769,120,110,230,0.91667,100,90,190,0.9,138,79
880,220,560,170,490,660,2.8824,140,330,470,2.3571,140,250,390,1.7857,120,160,280,1.3333,100,120,220,1.2,80,100,180,1.25,138,79
860,320,670,190,670,860,3.5263,170,350,520,2.0588,160,290,450,1.8125,150,170,320,1.1333,120,120,240,1.0,110,100,210,0.90909,139,79
830,190,660,210,430,640,2.0476,160,310,470,1.9375,160,250,410,1.5625,130,160,290,1.2308,120,120,240,1.0,100,100,200,1.0,139,79
870,250,600,180,480,660,2.6667,150,370,520,2.4667,140,280,420,2.0,130,170,300,1.3077,100,120,220,1.2,100,110,210,1.1,138,79
870,270,530,180,510,690,2.8333,160,300,460,1.875,150,230,380,1.5333,130,150,280,1.1538,110,110,220,1.0,100,90,190,0.9,138,79
850,340,640,200,650,850,3.25,170,380,550,2.2353,160,310,470,1.9375,150,180,330,1.2,130,120,250,0.92308,110,100,210,0.90909,139,79
860,260,630,210,560,770,2.6667,170,370,540,2.1765,160,300,460,1.875,140,170,310,1.2143,120,120,240,1.0,100,100,200,1.0,139,79
870,230,580,180,590,770,3.2778,160,330,490,2.0625,150,270,420,1.8,140,160,300,1.1429,110,120,230,1.0909,100,100,200,1.0,139,79
840,290,630,200,640,840,3.2,180,390,570,2.1667,170,320,490,1.8824,140,190,330,1.3571,130,130,260,1.0,110,100,210,0.90909,140,79
870,270,610,180,500,680,2.7778,150,340,490,2.2667,150,270,420,1.8,130,160,290,1.2308,110,120,230,1.0909,100,100,200,1.0,140,80
860,260,560,180,390,570,2.1667,150,260,410,1.7333,140,210,350,1.5,130,140,270,1.0769,110,120,230,1.0909,100,90,190,0.9,140,79
880,300,660,180,670,850,3.7222,160,400,560,2.5,150,340,490,2.2667,130,210,340,1.6154,110,140,250,1.2727,90,120,210,1.3333,140,80
840,220,650,240,420,660,1.75,200,300,500,1.5,180,230,410,1.2778,160,160,320,1.0,130,140,270,1.0769,120,110,230,0.91667,142,80
880,190,620,210,450,660,2.1429,210,310,520,1.4762,210,250,460,1.1905,140,180,320,1.2857,110,140,250,1.2727,90,120,210,1.3333,141,80
870,260,470,170,480,650,2.8235,150,440,590,2.9333,140,350,490,2.5,120,180,300,1.5,100,130,230,1.3,80,110,190,1.375,141,80
870,250,620,180,480,660,2.6667,150,320,470,2.1333,140,270,410,1.9286,130,160,290,1.2308,100,120,220,1.2,100,100,200,1.0,141,80
860,250,570,200,410,610,2.05,170,240,410,1.4118,170,200,370,1.1765,150,140,290,0.93333,130,110,240,0.84615,120,90,210,0.75,141,80
860,290,620,190,630,820,3.3158,170,370,540,2.1765,160,310,470,1.9375,150,190,340,1.2667,120,120,240,1.0,110,100,210,0.90909,141,80
840,240,650,260,440,700,1.6923,200,310,510,1.55,180,260,440,1.4444,160,230,390,1.4375,130,130,260,1.0,120,110,230,0.91667,142,80
870,190,580,210,400,610,1.9048,210,270,480,1.2857,180,210,390,1.1667,130,160,290,1.2308,120,130,250,1.0833,100,100,200,1.0,142,80
860,290,570,190,580,770,3.0526,160,390,550,2.4375,150,300,450,2.0,120,170,290,1.4167,110,120,230,1.0909,100,100,200,1.0,141,80
870,260,610,180,480,660,2.6667,160,320,480,2.0,150,260,410,1.7333,120,160,280,1.3333,110,120,230,1.0909,100,100,200,1.0,140,79
860,280,640,190,650,840,3.4211,170,360,530,2.1176,160,300,460,1.875,140,190,330,1.3571,120,120,240,1.0,100,100,200,1.0,141,80
850,220,640,240,470,710,1.9583,240,380,620,1.5833,190,370,560,1.9474,150,270,420,1.8,130,150,280,1.1538,120,120,240,1.0,142,80
870,210,570,230,420,650,1.8261,230,290,520,1.2609,170,230,400,1.3529,140,160,300,1.1429,120,130,250,1.0833,110,100,210,0.90909,141,80
860,300,590,190,600,790,3.1579,160,400,560,2.5,150,330,480,2.2,130,170,300,1.3077,110,120,230,1.0909,90,100,190,1.1111,141,80
860,270,620,190,440,630,2.3158,170,300,470,1.7647,160,240,400,1.5,130,150,280,1.1538,120,110,230,0.91667,100,100,200,1.0,141,80
880,200,580,220,410,630,1.8636,170,280,450,1.6471,150,230,380,1.5333,130,160,290,1.2308,110,130,240,1.1818,100,110,210,1.1,142,81
860,300,610,190,570,760,3.0,160,370,530,2.3125,150,290,440,1.9333,130,170,300,1.3077,110,120,230,1.0909,100,90,190,0.9,142,80
880,240,640,170,450,620,2.6471,150,320,470,2.1333,140,260,400,1.8571,120,170,290,1.4167,90,130,220,1.4444,90,110,200,1.2222,142,80
870,240,520,170,390,560,2.2941,160,250,410,1.5625,140,240,380,1.7143,130,160,290,1.2308,110,120,230,1.0909,90,100,190,1.1111,142,80
860,350,650,190,450,640,2.3684,170,340,510,2.0,150,280,430,1.8667,130,170,300,1.3077,110,130,240,1.1818,100,100,200,1.0,142,80
860,210,640,230,520,750,2.2609,190,410,600,2.1579,170,360,530,2.1176,150,240,390,1.6,120,160,280,1.3333,100,120,220,1.2,143,80
870,220,580,240,410,650,1.7083,170,280,450,1.6471,160,220,380,1.375,130,160,290,1.2308,110,120,230,1.0909,100,100,200,1.0,142,80
890,290,610,190,620,810,3.2632,160,390,550,2.4375,150,310,460,2.0667,130,160,290,1.2308,110,110,220,1.0,100,100,200,1.0,141,80
870,270,620,190,470,660,2.4737,160,310,470,1.9375,150,260,410,1.7333,130,160,290,1.2308,120,120,240,1.0,100,100,200,1.0,142,80
860,250,630,190,640,830,3.3684,160,340,500,2.125,150,320,470,2.1333,130,180,310,1.3846,110,120,230,1.0909,100,100,200,1.0,142,80
870,230,650,190,550,740,2.8947,160,350,510,2.1875,160,290,450,1.8125,140,170,310,1.2143,120,130,250,1.0833,100,100,200,1.0,142,80
850,220,660,240,540,780,2.25,210,420,630,2.0,190,360,550,1.8947,150,240,390,1.6,140,150,290,1.0714,120,110,230,0.91667,142,80
860,190,570,210,420,630,2.0,170,280,450,1.6471,160,220,380,1.375,140,150,290,1.0714,120,120,240,1.0,100,100,200,1.0,142,80
870,290,610,180,570,750,3.1667,150,390,540,2.6,140,320,460,2.2857,130,180,310,1.3846,110,120,230,1.0909,90,110,200,1.2222,142,80
860,260,580,180,430,610,2.3889,160,300,460,1.875,150,240,390,1.6,130,150,280,1.1538,110,110,220,1.0,100,100,200,1.0,141,80
860,280,640,190,450,640,2.3684,160,390,550,2.4375,150,310,460,2.0667,130,170,300,1.3077,110,120,230,1.0909,100,100,200,1.0,142,80
860,220,650,190,460,650,2.4211,170,340,510,2.0,150,280,430,1.8667,130,170,300,1.3077,120,120,240,1.0,100,100,200,1.0,142,80
870,210,650,230,520,750,2.2609,210,420,630,2.0,180,360,540,2.0,140,250,390,1.7857,120,160,280,1.3333,110,130,240,1.1818,143,81
880,220,580,170,410,580,2.4118,140,270,410,1.9286,130,210,340,1.6154,120,160,280,1.3333,100,130,230,1.3,90,110,200,1.2222,143,81
860,300,610,190,600,790,3.1579,160,380,540,2.375,150,300,450,2.0,130,160,290,1.2308,110,110,220,1.0,100,90,190,0.9,143,81
870,240,640,170,490,660,2.8824,150,320,470,2.1333,140,250,390,1.7857,130,160,290,1.2308,110,120,230,1.0909,100,100,200,1.0,143,81
860,230,640,190,530,720,2.7895,160,390,550,2.4375,150,300,450,2.0,130,180,310,1.3846,120,120,240,1.0,100,100,200,1.0,143,81
870,220,650,180,480,660,2.6667,160,350,510,2.1875,150,290,440,1.9333,140,170,310,1.2143,110,120,230,1.0909,100,110,210,1.1,144,81
830,220,610,240,490,730,2.0417,240,400,640,1.6667,180,350,530,1.9444,160,240,400,1.5,130,150,280,1.1538,120,120,240,1.0,144,81
870,270,610,180,620,800,3.4444,150,360,510,2.4,140,290,430,2.0714,120,160,280,1.3333,100,120,220,1.2,90,110,200,1.2222,143,81
880,260,600,170,610,780,3.5882,150,420,570,2.8,140,320,460,2.2857,130,170,300,1.3077,100,130,230,1.3,90,100,190,1.1111,142,80
860,280,610,180,450,630,2.5,160,310,470,1.9375,150,250,400,1.6667,130,150,280,1.1538,120,110,230,0.91667,100,90,190,0.9,142,80
850,250,630,190,590,780,3.1053,160,380,540,2.375,150,310,460,2.0667,130,170,300,1.3077,110,120,230,1.0909,100,100,200,1.0,143,80
870,220,650,180,440,620,2.4444,160,330,490,2.0625,150,270,420,1.8,130,170,300,1.3077,120,130,250,1.0833,100,100,200,1.0,144,81
850,220,620,240,470,710,1.9583,220,370,590,1.6818,190,320,510,1.6842,150,220,370,1.4667,130,140,270,1.0769,120,110,230,0.91667,144,81
860,230,570,170,470,640,2.7647,150,300,450,2.0,140,230,370,1.6429,120,150,270,1.25,100,120,220,1.2,90,100,190,1.1111,144,81
870,290,600,180,550,730,3.0556,150,360,510,2.4,140,290,430,2.0714,120,170,290,1.4167,100,120,220,1.2,90,100,190,1.1111,142,80
850,270,610,180,620,800,3.4444,160,320,480,2.0,150,250,400,1.6667,140,160,300,1.1429,110,110,220,1.0,100,90,190,0.9,142,80
880,240,590,170,460,630,2.7059,150,320,470,2.1333,150,250,400,1.6667,120,160,280,1.3333,100,120,220,1.2,90,110,200,1.2222,142,80
870,290,630,190,640,830,3.3684,170,390,560,2.2941,160,310,470,1.9375,140,170,310,1.2143,120,120,240,1.0,110,100,210,0.90909,143,80
860,240,640,210,400,610,1.9048,180,290,470,1.6111,160,240,400,1.5,140,150,290,1.0714,130,110,240,0.84615,110,90,200,0.81818,144,81
860,220,620,240,460,700,1.9167,240,360,600,1.5,190,340,530,1.7895,150,220,370,1.4667,130,150,280,1.1538,120,120,240,1.0,143,81
870,240,590,180,450,630,2.5,150,280,430,1.8667,140,210,350,1.5,130,140,270,1.0769,100,110,210,1.1,100,90,190,0.9,143,81
870,280,620,180,630,810,3.5,160,380,540,2.375,140,300,440,2.1429,120,170,290,1.4167,110,120,230,1.0909,90,100,190,1.1111,143,81
600,250,460,180,470,650,2.6111,150,310,460,2.0667,150,240,390,1.6,130,140,270,1.0769,110,110,220,1.0,100,100,200,1.0,143,80
870,270,640,180,650,830,3.6111,160,380,540,2.375,150,300,450,2.0,130,180,310,1.3846,110,130,240,1.1818,100,100,200,1.0,144,81
860,230,650,250,400,650,1.6,180,300,480,1.6667,170,240,410,1.4118,150,150,300,1.0,130,110,240,0.84615,120,100,220,0.8333299999999999,144,81
860,210,600,230,450,680,1.9565,230,350,580,1.5217,180,290,470,1.6111,150,200,350,1.3333,130,140,270,1.0769,120,120,240,1.0,144,81
870,260,590,180,600,780,3.3333,150,430,580,2.8667,140,290,430,2.0714,120,150,270,1.25,110,110,220,1.0,90,100,190,1.1111,144,81
850,280,580,180,490,670,2.7222,160,330,490,2.0625,150,260,410,1.7333,130,150,280,1.1538,110,110,220,1.0,100,90,190,0.9,143,80
860,270,610,170,500,670,2.9412,150,330,480,2.2,140,270,410,1.9286,120,160,280,1.3333,110,120,230,1.0909,90,100,190,1.1111,143,80
860,250,600,180,470,650,2.6111,160,320,480,2.0,150,250,400,1.6667,130,160,290,1.2308,110,120,230,1.0909,90,100,190,1.1111,143,80
870,260,640,180,650,830,3.6111,150,390,540,2.6,150,330,480,2.2,130,180,310,1.3846,110,130,240,1.1818,100,110,210,1.1,143,80
860,220,570,240,450,690,1.875,240,350,590,1.4583,190,300,490,1.5789,150,200,350,1.3333,130,140,270,1.0769,120,120,240,1.0,143,80
870,290,360,170,370,540,2.1765,150,250,400,1.6667,140,200,340,1.4286,130,140,270,1.0769,110,110,220,1.0,90,90,180,1.0,143,80
880,270,590,170,470,640,2.7647,150,330,480,2.2,140,270,410,1.9286,130,170,300,1.3077,100,120,220,1.2,100,110,210,1.1,142,80
870,290,590,180,440,620,2.4444,170,310,480,1.8235,150,240,390,1.6,140,150,290,1.0714,120,110,230,0.91667,100,90,190,0.9,142,80
860,280,630,200,640,840,3.2,170,420,590,2.4706,160,340,500,2.125,140,180,320,1.2857,120,120,240,1.0,110,100,210,0.90909,144,81
870,230,660,220,400,620,1.8182,180,280,460,1.5556,170,210,380,1.2353,140,150,290,1.0714,120,120,240,1.0,110,110,220,1.0,144,81
850,210,590,230,440,670,1.913,230,330,560,1.4348,190,280,470,1.4737,160,190,350,1.1875,130,130,260,1.0,120,110,230,0.91667,144,81
860,260,460,170,470,640,2.7647,140,320,460,2.2857,140,240,380,1.7143,120,150,270,1.25,100,120,220,1.2,90,100,190,1.1111,143,81
860,400,590,200,600,800,3.0,160,410,570,2.5625,150,330,480,2.2,120,180,300,1.5,110,130,240,1.1818,90,100,190,1.1111,143,81
870,270,590,180,480,660,2.6667,150,320,470,2.1333,140,260,400,1.8571,120,160,280,1.3333,110,120,230,1.0909,90,100,190,1.1111,143,81
850,280,610,180,430,610,2.3889,160,290,450,1.8125,150,230,380,1.5333,130,140,270,1.0769,100,110,210,1.1,90,90,180,1.0,143,80
860,240,590,180,600,780,3.3333,160,390,550,2.4375,150,320,470,2.1333,130,190,320,1.4615,110,130,240,1.1818,100,110,210,1.1,143,80
850,270,640,290,400,690,1.3793,180,300,480,1.6667,170,280,450,1.6471,140,190,330,1.3571,120,130,250,1.0833,110,100,210,0.90909,144,81
860,210,590,230,430,660,1.8696,230,320,550,1.3913,180,270,450,1.5,150,180,330,1.2,130,130,260,1.0,110,120,230,1.0909,143,81
860,270,530,190,450,640,2.3684,150,290,440,1.9333,150,220,370,1.4667,130,140,270,1.0769,110,110,220,1.0,100,100,200,1.0,142,80
870,270,580,180,410,590,2.2778,150,290,440,1.9333,130,220,350,1.6923,120,160,280,1.3333,100,120,220,1.2,80,100,180,1.25,142,80
850,290,600,190,440,630,2.3158,160,300,460,1.875,150,240,390,1.6,130,150,280,1.1538,110,120,230,1.0909,100,100,200,1.0,142,80
840,250,510,170,500,670,2.9412,150,350,500,2.3333,140,280,420,2.0,120,170,290,1.4167,100,120,220,1.2,80,100,180,1.25,142,80
850,270,560,170,450,620,2.6471,150,300,450,2.0,140,240,380,1.7143,130,150,280,1.1538,110,110,220,1.0,90,90,180,1.0,142,80
850,290,560,180,570,750,3.1667,150,440,590,2.9333,150,350,500,2.3333,120,190,310,1.5833,110,120,230,1.0909,100,100,200,1.0,142,80
860,290,590,180,490,670,2.7222,150,330,480,2.2,150,270,420,1.8,130,150,280,1.1538,120,110,230,0.91667,100,100,200,1.0,142,80
850,270,550,210,430,640,2.0476,170,300,470,1.7647,160,250,410,1.5625,140,160,300,1.1429,120,120,240,1.0,110,90,200,0.81818,142,80
860,300,560,180,570,750,3.1667,160,390,550,2.4375,150,310,460,2.0667,140,170,310,1.2143,110,120,230,1.0909,100,100,200,1.0,142,80
830,300,630,200,470,670,2.35,180,330,510,1.8333,170,280,450,1.6471,150,170,320,1.1333,120,120,240,1.0,110,100,210,0.90909,143,81
870,200,590,220,450,670,2.0455,220,350,570,1.5909,170,290,460,1.7059,140,200,340,1.4286,110,150,260,1.3636,100,130,230,1.3,143,81
860,280,580,180,430,610,2.3889,150,280,430,1.8667,140,220,360,1.5714,120,150,270,1.25,110,110,220,1.0,100,100,200,1.0,143,81
860,260,590,190,440,630,2.3158,160,290,450,1.8125,150,240,390,1.6,130,150,280,1.1538,110,110,220,1.0,100,90,190,0.9,141,80
860,270,610,210,440,650,2.0952,170,360,530,2.1176,160,290,450,1.8125,140,170,310,1.2143,120,120,240,1.0,110,100,210,0.90909,141,80
860,250,590,190,470,660,2.4737,160,340,500,2.125,150,270,420,1.8,140,160,300,1.1429,110,120,230,1.0909,100,100,200,1.0,141,80
850,270,620,190,630,820,3.3158,160,340,500,2.125,160,260,420,1.625,140,170,310,1.2143,120,120,240,1.0,110,100,210,0.90909,142,80
860,230,630,250,450,700,1.8,210,330,540,1.5714,170,290,460,1.7059,150,200,350,1.3333,130,140,270,1.0769,110,120,230,1.0909,141,80
840,220,590,200,530,730,2.65,170,340,510,2.0,150,270,420,1.8,140,170,310,1.2143,110,120,230,1.0909,110,100,210,0.90909,140,79
860,250,640,180,650,830,3.6111,150,380,530,2.5333,150,300,450,2.0,130,170,300,1.3077,110,130,240,1.1818,90,110,200,1.2222,140,79
840,220,610,190,440,630,2.3158,170,330,500,1.9412,160,280,440,1.75,140,170,310,1.2143,120,120,240,1.0,110,100,210,0.90909,140,79
860,230,590,250,440,690,1.76,200,320,520,1.6,170,270,440,1.5882,130,170,300,1.3077,130,120,250,0.92308,100,100,200,1.0,140,79
850,270,600,180,460,640,2.5556,150,290,440,1.9333,150,230,380,1.5333,130,150,280,1.1538,110,110,220,1.0,100,100,200,1.0,140,79
850,250,580,180,590,770,3.2778,160,320,480,2.0,150,250,400,1.6667,130,150,280,1.1538,110,110,220,1.0,90,90,180,1.0,139,79
860,270,610,180,420,600,2.3333,150,290,440,1.9333,140,230,370,1.6429,130,150,280,1.1538,110,120,230,1.0909,90,90,180,1.0,139,79
860,250,630,190,520,710,2.7368,160,340,500,2.125,160,270,430,1.6875,130,160,290,1.2308,110,110,220,1.0,100,100,200,1.0,139,78
860,230,580,190,440,630,2.3158,170,300,470,1.7647,160,250,410,1.5625,130,150,280,1.1538,120,110,230,0.91667,100,90,190,0.9,139,79
850,280,630,190,430,620,2.2632,170,320,490,1.8824,160,270,430,1.6875,140,170,310,1.2143,120,120,240,1.0,110,100,210,0.90909,140,79
860,220,600,240,460,700,1.9167,240,340,580,1.4167,240,300,540,1.25,160,220,380,1.375,120,170,290,1.4167,120,140,260,1.1667,139,79
850,260,590,190,410,600,2.1579,150,280,430,1.8667,140,210,350,1.5,130,140,270,1.0769,110,110,220,1.0,100,90,190,0.9,139,79
870,260,540,180,550,730,3.0556,160,350,510,2.1875,140,270,410,1.9286,120,160,280,1.3333,100,120,220,1.2,90,100,190,1.1111,139,79
850,260,620,190,460,650,2.4211,170,330,500,1.9412,160,260,420,1.625,140,160,300,1.1429,120,110,230,0.91667,100,90,190,0.9,139,79
860,230,530,200,400,600,2.0,170,300,470,1.7647,160,250,410,1.5625,140,160,300,1.1429,120,120,240,1.0,110,100,210,0.90909,140,79
870,280,560,180,400,580,2.2222,150,280,430,1.8667,140,220,360,1.5714,130,160,290,1.2308,100,120,220,1.2,100,100,200,1.0,140,79
850,310,550,190,490,680,2.5789,160,340,500,2.125,150,280,430,1.8667,130,150,280,1.1538,110,110,220,1.0,100,90,190,0.9,139,79
870,300,580,190,590,780,3.1053,170,420,590,2.4706,150,340,490,2.2667,130,190,320,1.4615,100,140,240,1.4,90,120,210,1.3333,139,79
870,290,610,180,450,630,2.5,160,320,480,2.0,150,250,400,1.6667,130,160,290,1.2308,110,120,230,1.0909,90,100,190,1.1111,139,79
850,260,630,200,530,730,2.65,170,310,480,1.8235,160,230,390,1.4375,140,140,280,1.0,120,120,240,1.0,110,100,210,0.90909,140,79
870,220,520,180,450,630,2.5,160,320,480,2.0,150,250,400,1.6667,140,160,300,1.1429,110,120,230,1.0909,90,100,190,1.1111,140,79
880,250,580,170,420,590,2.4706,150,290,440,1.9333,130,230,360,1.7692,120,160,280,1.3333,90,130,220,1.4444,90,110,200,1.2222,140,79
860,300,590,190,510,700,2.6842,170,340,510,2.0,160,270,430,1.6875,130,160,290,1.2308,120,110,230,0.91667,100,100,200,1.0,140,79
850,270,590,190,600,790,3.1579,150,380,530,2.5333,140,290,430,2.0714,120,160,280,1.3333,100,110,210,1.1,90,100,190,1.1111,139,79
870,260,580,180,440,620,2.4444,150,300,450,2.0,150,240,390,1.6,120,150,270,1.25,110,120,230,1.0909,90,110,200,1.2222,139,79
880,290,580,180,460,640,2.5556,160,290,450,1.8125,150,260,410,1.7333,130,180,310,1.3846,110,120,230,1.0909,100,110,210,1.1,139,79
850,300,540,190,430,620,2.2632,170,300,470,1.7647,160,240,400,1.5,140,160,300,1.1429,120,110,230,0.91667,100,100,200,1.0,140,79
870,300,560,220,550,770,2.5,160,340,500,2.125,150,270,420,1.8,130,160,290,1.2308,110,120,230,1.0909,100,100,200,1.0,140,79
900,310,560,190,480,670,2.5263,170,340,510,2.0,150,260,410,1.7333,130,150,280,1.1538,120,110,230,0.91667,100,90,190,0.9,139,79
870,270,620,200,470,670,2.35,170,340,510,2.0,150,280,430,1.8667,130,170,300,1.3077,110,120,230,1.0909,100,100,200,1.0,138,78
850,250,560,200,570,770,2.85,170,390,560,2.2941,160,310,470,1.9375,140,180,320,1.2857,120,130,250,1.0833,100,100,200,1.0,139,78
870,290,630,180,450,630,2.5,160,310,470,1.9375,150,250,400,1.6667,130,160,290,1.2308,110,130,240,1.1818,90,110,200,1.2222,139,79
850,240,610,260,420,680,1.6154,210,310,520,1.4762,180,260,440,1.4444,150,180,330,1.2,120,130,250,1.0833,120,100,220,0.8333299999999999,139,79
870,240,560,190,570,760,3.0,160,360,520,2.25,150,290,440,1.9333,130,180,310,1.3846,110,130,240,1.1818,90,120,210,1.3333,138,78
860,310,590,200,450,650,2.25,160,310,470,1.9375,160,250,410,1.5625,140,160,300,1.1429,120,110,230,0.91667,100,90,190,0.9,138,78
860,270,600,190,430,620,2.2632,160,310,470,1.9375,150,250,400,1.6667,140,160,300,1.1429,110,120,230,1.0909,100,90,190,0.9,138,78
860,260,630,190,440,630,2.3158,160,300,460,1.875,160,250,410,1.5625,140,160,300,1.1429,120,120,240,1.0,100,100,200,1.0,138,78
870,230,620,180,480,660,2.6667,160,360,520,2.25,150,280,430,1.8667,130,170,300,1.3077,110,120,230,1.0909,100,110,210,1.1,138,78
860,250,590,180,600,780,3.3333,160,360,520,2.25,140,280,420,2.0,140,160,300,1.1429,110,110,220,1.0,100,100,200,1.0,138,78
870,270,620,180,480,660,2.6667,160,330,490,2.0625,150,260,410,1.7333,130,160,290,1.2308,110,120,230,1.0909,90,100,190,1.1111,137,77
870,250,570,190,490,680,2.5789,160,340,500,2.125,150,270,420,1.8,130,150,280,1.1538,110,110,220,1.0,100,100,200,1.0,137,77
870,300,570,190,430,620,2.2632,160,300,460,1.875,150,230,380,1.5333,130,160,290,1.2308,110,120,230,1.0909,100,100,200,1.0,137,77
870,300,640,190,540,730,2.8421,170,360,530,2.1176,160,290,450,1.8125,140,170,310,1.2143,120,120,240,1.0,100,100,200,1.0,137,77
860,230,660,190,420,610,2.2105,160,300,460,1.875,160,250,410,1.5625,130,160,290,1.2308,120,120,240,1.0,100,100,200,1.0,137,77
880,200,590,220,420,640,1.9091,220,300,520,1.3636,180,250,430,1.3889,140,180,320,1.2857,120,140,260,1.1667,100,120,220,1.2,137,77
870,280,580,190,470,660,2.4737,160,330,490,2.0625,150,250,400,1.6667,140,150,290,1.0714,110,110,220,1.0,90,90,180,1.0,135,76
870,280,600,180,460,640,2.5556,150,320,470,2.1333,140,260,400,1.8571,130,160,290,1.2308,110,120,230,1.0909,100,100,200,1.0,134,76
870,270,630,190,620,810,3.2632,170,380,550,2.2353,150,330,480,2.2,140,190,330,1.3571,110,130,240,1.1818,100,110,210,1.1,135,76
860,240,660,190,450,640,2.3684,160,330,490,2.0625,160,270,430,1.6875,130,170,300,1.3077,110,130,240,1.1818,100,100,200,1.0,135,76
880,250,600,270,450,720,1.6667,170,380,550,2.2353,150,360,510,2.4,130,200,330,1.5385,100,140,240,1.4,90,120,210,1.3333,132,75
860,280,570,190,510,700,2.6842,160,330,490,2.0625,150,260,410,1.7333,130,160,290,1.2308,110,120,230,1.0909,100,100,200,1.0,133,75
860,290,530,180,490,670,2.7222,140,340,480,2.4286,140,290,430,2.0714,120,180,300,1.5,110,130,240,1.1818,90,100,190,1.1111,133,75
860,330,660,180,400,580,2.2222,150,310,460,2.0667,140,260,400,1.8571,120,170,290,1.4167,100,130,230,1.3,90,110,200,1.2222,133,76
870,200,570,220,420,640,1.9091,220,300,520,1.3636,180,240,420,1.3333,140,170,310,1.2143,120,130,250,1.0833,100,110,210,1.1,133,76
870,300,590,180,530,710,2.9444,150,370,520,2.4667,140,290,430,2.0714,120,170,290,1.4167,100,120,220,1.2,90,100,190,1.1111,132,75
850,280,580,190,450,640,2.3684,160,320,480,2.0,150,250,400,1.6667,130,150,280,1.1538,110,110,220,1.0,100,90,190,0.9,132,75
880,270,560,180,430,610,2.3889,150,290,440,1.9333,140,220,360,1.5714,120,150,270,1.25,100,120,220,1.2,90,100,190,1.1111,132,75
860,320,640,200,650,850,3.25,170,370,540,2.1765,170,290,460,1.7059,140,160,300,1.1429,120,120,240,1.0,100,100,200,1.0,132,75
840,220,510,240,390,630,1.625,180,270,450,1.5,170,220,390,1.2941,150,150,300,1.0,130,110,240,0.84615,120,100,220,0.8333299999999999,132,75
860,280,620,300,530,830,1.7667,190,380,570,2.0,170,320,490,1.8824,140,200,340,1.4286,120,130,250,1.0833,110,110,220,1.0,131,75
850,240,550,190,560,750,2.9474,160,360,520,2.25,150,290,440,1.9333,130,180,310,1.3846,110,120,230,1.0909,100,110,210,1.1,131,75
860,300,630,190,640,830,3.3684,170,370,540,2.1765,160,300,460,1.875,130,180,310,1.3846,120,130,250,1.0833,100,100,200,1.0,131,75
840,230,640,200,400,600,2.0,170,280,450,1.6471,160,220,380,1.375,140,140,280,1.0,120,100,220,0.8333299999999999,100,80,180,0.8,131,75
870,200,590,220,430,650,1.9545,220,290,510,1.3182,170,240,410,1.4118,150,170,320,1.1333,120,130,250,1.0833,110,110,220,1.0,131,75
870,280,570,190,530,720,2.7895,160,330,490,2.0625,150,250,400,1.6667,130,160,290,1.2308,110,120,230,1.0909,90,90,180,1.0,131,75
850,300,640,190,520,710,2.7368,160,340,500,2.125,160,270,430,1.6875,130,160,290,1.2308,110,120,230,1.0909,100,100,200,1.0,131,75
880,210,600,170,450,620,2.6471,150,310,460,2.0667,140,250,390,1.7857,120,160,280,1.3333,90,120,210,1.3333,90,100,190,1.1111,131,75
870,280,560,190,400,590,2.1053,170,280,450,1.6471,160,210,370,1.3125,130,140,270,1.0769,120,110,230,0.91667,100,90,190,0.9,131,75
850,310,530,200,540,740,2.7,170,370,540,2.1765,160,300,460,1.875,140,180,320,1.2857,120,120,240,1.0,110,100,210,0.90909,131,75
860,200,570,220,420,640,1.9091,220,300,520,1.3636,180,240,420,1.3333,150,170,320,1.1333,120,120,240,1.0,110,100,210,0.90909,132,75
860,290,490,180,500,680,2.7778,160,360,520,2.25,150,270,420,1.8,130,150,280,1.1538,100,120,220,1.2,100,100,200,1.0,132,75
870,280,620,190,470,660,2.4737,150,300,450,2.0,150,240,390,1.6,130,150,280,1.1538,120,110,230,0.91667,100,100,200,1.0,131,74
620,250,560,190,400,590,2.1053,170,270,440,1.5882,160,210,370,1.3125,140,150,290,1.0714,120,110,230,0.91667,110,90,200,0.81818,131,74
850,210,660,230,400,630,1.7391,180,300,480,1.6667,160,280,440,1.75,140,190,330,1.3571,120,130,250,1.0833,100,120,220,1.2,132,75
870,190,570,210,410,620,1.9524,210,280,490,1.3333,160,230,390,1.4375,140,170,310,1.2143,120,130,250,1.0833,100,110,210,1.1,132,75
860,300,590,180,490,670,2.7222,150,350,500,2.3333,140,260,400,1.8571,120,160,280,1.3333,100,120,220,1.2,90,100,190,1.1111,131,74
860,270,620,250,630,880,2.52,170,420,590,2.4706,160,330,490,2.0625,130,180,310,1.3846,110,130,240,1.1818,100,100,200,1.0,131,74
870,240,580,180,460,640,2.5556,150,320,470,2.1333,150,240,390,1.6,120,160,280,1.3333,110,120,230,1.0909,90,110,200,1.2222,131,74
860,290,560,190,390,580,2.0526,170,250,420,1.4706,150,200,350,1.3333,130,140,270,1.0769,120,100,220,0.8333299999999999,100,90,190,0.9,131,74
850,300,630,190,640,830,3.3684,170,360,530,2.1176,150,300,450,2.0,130,180,310,1.3846,110,120,230,1.0909,100,110,210,1.1,131,74
860,220,670,210,430,640,2.0476,160,370,530,2.3125,150,300,450,2.0,130,180,310,1.3846,110,130,240,1.1818,90,120,210,1.3333,132,74
860,190,530,210,420,630,2.0,210,290,500,1.381,160,220,380,1.375,140,150,290,1.0714,110,120,230,1.0909,100,100,200,1.0,132,74
860,330,570,190,540,730,2.8421,160,370,530,2.3125,150,300,450,2.0,120,160,280,1.3333,100,120,220,1.2,90,100,190,1.1111,131,74
860,290,590,180,440,620,2.4444,160,310,470,1.9375,150,240,390,1.6,140,150,290,1.0714,110,110,220,1.0,100,90,190,0.9,130,74
850,270,560,200,380,580,1.9,170,240,410,1.4118,160,190,350,1.1875,130,150,280,1.1538,120,110,230,0.91667,100,100,200,1.0,131,74
850,290,640,180,460,640,2.5556,150,310,460,2.0667,140,250,390,1.7857,130,170,300,1.3077,110,120,230,1.0909,90,110,200,1.2222,131,74
860,210,540,230,480,710,2.087,170,340,510,2.0,160,280,440,1.75,140,180,320,1.2857,120,130,250,1.0833,100,110,210,1.1,131,74
870,290,550,180,560,740,3.1111,150,360,510,2.4,150,270,420,1.8,120,160,280,1.3333,100,110,210,1.1,90,100,190,1.1111,130,74
850,320,570,180,580,760,3.2222,150,420,570,2.8,140,340,480,2.4286,120,170,290,1.4167,100,120,220,1.2,80,100,180,1.25,129,73
870,280,590,180,440,620,2.4444,150,320,470,2.1333,140,250,390,1.7857,120,160,280,1.3333,100,120,220,1.2,90,110,200,1.2222,129,73
880,280,490,180,380,560,2.1111,160,290,450,1.8125,150,230,380,1.5333,140,150,290,1.0714,110,110,220,1.0,90,90,180,1.0,129,73
840,390,530,200,430,630,2.15,170,320,490,1.8824,160,270,430,1.6875,140,160,300,1.1429,120,110,230,0.91667,110,90,200,0.81818,129,73
850,310,670,190,620,810,3.2632,160,370,530,2.3125,150,300,450,2.0,130,180,310,1.3846,110,130,240,1.1818,90,110,200,1.2222,129,73
870,180,550,200,410,610,2.05,200,290,490,1.45,170,230,400,1.3529,130,170,300,1.3077,110,130,240,1.1818,100,120,220,1.2,129,73
860,320,570,180,530,710,2.9444,160,350,510,2.1875,140,270,410,1.9286,130,160,290,1.2308,100,120,220,1.2,100,100,200,1.0,129,73
860,280,610,190,440,630,2.3158,160,310,470,1.9375,150,230,380,1.5333,130,150,280,1.1538,110,110,220,1.0,100,90,190,0.9,127,73
860,250,560,200,420,620,2.1,170,380,550,2.2353,160,270,430,1.6875,130,150,280,1.1538,120,120,240,1.0,100,90,190,0.9,127,73
870,300,520,190,470,660,2.4737,160,320,480,2.0,150,240,390,1.6,130,160,290,1.2308,110,110,220,1.0,100,90,190,0.9,127,73
840,350,650,200,430,630,2.15,170,310,480,1.8235,160,250,410,1.5625,140,170,310,1.2143,120,120,240,1.0,110,90,200,0.81818,128,73
880,190,570,210,400,610,1.9048,210,270,480,1.2857,210,210,420,1.0,150,160,310,1.0667,120,130,250,1.0833,100,100,200,1.0,128,73
860,310,560,190,570,760,3.0,160,380,540,2.375,150,290,440,1.9333,130,160,290,1.2308,110,120,230,1.0909,100,90,190,0.9,127,73
870,300,590,180,440,620,2.4444,160,300,460,1.875,140,230,370,1.6429,130,150,280,1.1538,100,120,220,1.2,100,90,190,0.9,127,72
870,280,580,270,520,790,1.9259,170,380,550,2.2353,160,300,460,1.875,130,180,310,1.3846,110,130,240,1.1818,100,100,200,1.0,127,72
850,290,540,200,440,640,2.2,160,340,500,2.125,160,290,450,1.8125,130,180,310,1.3846,110,120,230,1.0909,100,110,210,1.1,127,72
830,310,670,180,490,670,2.7222,160,330,490,2.0625,140,260,400,1.8571,120,170,290,1.4167,110,140,250,1.2727,90,110,200,1.2222,128,73
900,160,610,180,460,640,2.5556,180,310,490,1.7222,150,240,390,1.6,110,190,300,1.7273,80,140,220,1.75,70,130,200,1.8571,128,73
860,290,560,180,570,750,3.1667,160,370,530,2.3125,140,270,410,1.9286,130,150,280,1.1538,100,120,220,1.2,100,100,200,1.0,127,73
870,300,580,180,590,770,3.2778,150,410,560,2.7333,150,260,410,1.7333,120,150,270,1.25,110,110,220,1.0,90,100,190,1.1111,126,72
880,290,610,190,460,650,2.4211,150,310,460,2.0667,140,240,380,1.7143,130,150,280,1.1538,110,120,230,1.0909,100,100,200,1.0,126,72
870,270,640,190,470,660,2.4737,170,320,490,1.8824,160,230,390,1.4375,140,150,290,1.0714,120,110,230,0.91667,110,90,200,0.81818,127,72
850,230,530,190,460,650,2.4211,170,320,490,1.8824,160,240,400,1.5,140,150,290,1.0714,120,110,230,0.91667,90,90,180,1.0,127,73
860,310,580,190,590,780,3.1053,170,380,550,2.2353,150,300,450,2.0,130,170,300,1.3077,110,120,230,1.0909,90,100,190,1.1111,127,73
570,280,360,190,370,560,1.9474,160,320,480,2.0,150,250,400,1.6667,140,160,300,1.1429,110,120,230,1.0909,110,90,200,0.81818,127,72
880,240,650,180,540,720,3.0,150,310,460,2.0667,140,240,380,1.7143,120,160,280,1.3333,100,130,230,1.3,90,110,200,1.2222,127,72
860,230,520,180,370,550,2.0556,160,250,410,1.5625,150,190,340,1.2667,130,140,270,1.0769,110,110,220,1.0,110,90,200,0.81818,128,73
860,340,660,210,450,660,2.1429,170,310,480,1.8235,160,260,420,1.625,140,170,310,1.2143,120,140,260,1.1667,100,110,210,1.1,128,73
870,330,560,190,520,710,2.7368,160,360,520,2.25,140,280,420,2.0,130,160,290,1.2308,100,110,210,1.1,100,100,200,1.0,127,72
880,310,440,180,440,620,2.4444,150,310,460,2.0667,140,220,360,1.5714,120,140,260,1.1667,100,110,210,1.1,90,90,180,1.0,127,72
880,300,540,180,550,730,3.0556,150,380,530,2.5333,140,270,410,1.9286,120,160,280,1.3333,100,120,220,1.2,80,110,190,1.375,127,72
860,340,510,200,390,590,1.95,160,280,440,1.75,160,210,370,1.3125,130,140,270,1.0769,110,110,220,1.0,100,100,200,1.0,128,73
870,260,560,230,420,650,1.8261,160,250,410,1.5625,140,190,330,1.3571,120,150,270,1.25,100,120,220,1.2,90,100,190,1.1111,128,73
870,310,570,190,540,730,2.8421,150,380,530,2.5333,140,300,440,2.1429,120,160,280,1.3333,100,120,220,1.2,90,100,190,1.1111,127,72
880,300,490,180,470,650,2.6111,140,330,470,2.3571,140,240,380,1.7143,120,160,280,1.3333,100,110,210,1.1,90,100,190,1.1111,127,72
880,390,570,220,520,740,2.3636,160,370,530,2.3125,150,280,430,1.8667,130,160,290,1.2308,100,120,220,1.2,100,100,200,1.0,126,72
870,310,530,180,540,720,3.0,160,380,540,2.375,150,280,430,1.8667,130,160,290,1.2308,100,110,210,1.1,100,100,200,1.0,126,72
870,340,510,220,410,630,1.8636,170,300,470,1.7647,160,240,400,1.5,140,150,290,1.0714,120,120,240,1.0,110,90,200,0.81818,127,72
870,280,550,180,510,690,2.8333,150,290,440,1.9333,140,190,330,1.3571,120,140,260,1.1667,110,110,220,1.0,90,100,190,1.1111,126,72
870,320,580,190,560,750,2.9474,160,390,550,2.4375,140,300,440,2.1429,130,160,290,1.2308,110,120,230,1.0909,100,90,190,0.9,125,72
880,290,610,190,460,650,2.4211,160,320,480,2.0,140,250,390,1.7857,130,160,290,1.2308,110,120,230,1.0909,90,100,190,1.1111,125,72
870,270,540,190,540,730,2.8421,160,320,480,2.0,150,230,380,1.5333,130,150,280,1.1538,110,110,220,1.0,90,100,190,1.1111,125,72
840,330,530,190,540,730,2.8421,160,390,550,2.4375,150,320,470,2.1333,130,170,300,1.3077,110,120,230,1.0909,100,110,210,1.1,126,72
890,310,550,170,410,580,2.4118,150,250,400,1.6667,130,200,330,1.5385,110,140,250,1.2727,100,110,210,1.1,80,80,160,1.0,126,72
860,280,560,180,480,660,2.6667,150,340,490,2.2667,140,230,370,1.6429,120,150,270,1.25,110,120,230,1.0909,90,100,190,1.1111,125,72
880,300,580,180,480,660,2.6667,150,340,490,2.2667,140,250,390,1.7857,120,160,280,1.3333,100,120,220,1.2,80,100,180,1.25,125,72
860,300,570,190,470,660,2.4737,160,320,480,2.0,150,230,380,1.5333,130,140,270,1.0769,110,110,220,1.0,100,100,200,1.0,124,72
870,290,570,180,440,620,2.4444,150,320,470,2.1333,140,230,370,1.6429,120,150,270,1.25,100,120,220,1.2,90,100,190,1.1111,124,71
860,300,600,190,460,650,2.4211,160,350,510,2.1875,150,270,420,1.8,130,170,300,1.3077,110,120,230,1.0909,90,100,190,1.1111,124,71
870,260,530,190,540,730,2.8421,150,340,490,2.2667,140,230,370,1.6429,120,150,270,1.25,110,110,220,1.0,90,100,190,1.1111,126,72
860,300,370,180,380,560,2.1111,160,290,450,1.8125,150,210,360,1.4,130,150,280,1.1538,110,120,230,1.0909,100,90,190,0.9,125,72
870,280,570,180,440,620,2.4444,160,290,450,1.8125,150,230,380,1.5333,140,150,290,1.0714,110,120,230,1.0909,100,90,190,0.9,125,72
870,300,600,200,440,640,2.2,170,280,450,1.6471,160,230,390,1.4375,140,160,300,1.1429,120,130,250,1.0833,100,100,200,1.0,125,71
880,270,620,190,630,820,3.3158,160,370,530,2.3125,160,290,450,1.8125,130,170,300,1.3077,120,130,250,1.0833,100,100,200,1.0,126,71
850,260,650,200,370,570,1.85,180,240,420,1.3333,170,190,360,1.1176,150,140,290,0.93333,120,120,240,1.0,110,90,200,0.81818,126,72
870,200,580,220,420,640,1.9091,220,320,540,1.4545,170,270,440,1.5882,140,190,330,1.3571,120,140,260,1.1667,100,120,220,1.2,126,72
870,290,450,180,450,630,2.5,150,320,470,2.1333,140,230,370,1.6429,120,160,280,1.3333,100,120,220,1.2,90,100,190,1.1111,126,72
870,250,590,180,480,660,2.6667,150,330,480,2.2,140,230,370,1.6429,120,150,270,1.25,110,120,230,1.0909,90,100,190,1.1111,126,71
880,280,600,170,490,660,2.8824,150,320,470,2.1333,140,250,390,1.7857,120,160,280,1.3333,100,130,230,1.3,90,100,190,1.1111,126,71
870,280,530,190,540,730,2.8421,170,380,550,2.2353,150,310,460,2.0667,140,170,310,1.2143,120,120,240,1.0,100,100,200,1.0,126,71
870,340,540,270,380,650,1.4074,170,240,410,1.4118,170,220,390,1.2941,140,170,310,1.2143,120,130,250,1.0833,110,100,210,0.90909,127,72
860,300,570,180,440,620,2.4444,150,290,440,1.9333,140,210,350,1.5,120,150,270,1.25,110,120,230,1.0909,100,90,190,0.9,125,71
880,290,550,230,420,650,1.8261,160,260,420,1.625,140,210,350,1.5,120,150,270,1.25,90,130,220,1.4444,80,100,180,1.25,125,71
880,330,540,190,490,680,2.5789,160,370,530,2.3125,150,300,450,2.0,130,170,300,1.3077,110,140,250,1.2727,90,100,190,1.1111,126,71
860,290,490,190,500,690,2.6316,160,390,550,2.4375,150,300,450,2.0,130,160,290,1.2308,110,120,230,1.0909,100,100,200,1.0,125,71
840,270,600,200,440,640,2.2,160,300,460,1.875,150,220,370,1.4667,130,150,280,1.1538,110,110,220,1.0,100,100,200,1.0,124,71
870,310,540,180,550,730,3.0556,160,380,540,2.375,140,310,450,2.2143,130,180,310,1.3846,100,130,230,1.3,90,110,200,1.2222,125,71
870,320,570,190,450,640,2.3684,150,320,470,2.1333,140,240,380,1.7143,130,160,290,1.2308,100,120,220,1.2,90,100,190,1.1111,124,70
870,270,560,180,430,610,2.3889,150,280,430,1.8667,140,220,360,1.5714,120,150,270,1.25,110,110,220,1.0,90,100,190,1.1111,123,70
850,310,550,180,470,650,2.6111,160,300,460,1.875,150,220,370,1.4667,140,140,280,1.0,110,100,210,0.90909,90,80,170,0.88889,124,70
860,300,520,180,450,630,2.5,150,330,480,2.2,140,280,420,2.0,120,170,290,1.4167,100,120,220,1.2,90,110,200,1.2222,124,70
850,270,530,190,540,730,2.8421,170,430,600,2.5294,150,310,460,2.0667,130,160,290,1.2308,110,120,230,1.0909,100,90,190,0.9,124,70
860,280,580,180,510,690,2.8333,160,390,550,2.4375,150,330,480,2.2,130,170,300,1.3077,110,130,240,1.1818,90,100,190,1.1111,124,70
860,280,540,300,390,690,1.3,180,220,400,1.2222,160,190,350,1.1875,140,160,300,1.1429,120,120,240,1.0,110,110,220,1.0,125,71
880,320,580,180,550,730,3.0556,160,380,540,2.375,150,320,470,2.1333,130,170,300,1.3077,100,130,230,1.3,90,120,210,1.3333,125,71
850,300,530,210,470,680,2.2381,180,330,510,1.8333,160,260,420,1.625,130,160,290,1.2308,120,120,240,1.0,100,100,200,1.0,125,71
870,320,570,180,530,710,2.9444,160,340,500,2.125,150,250,400,1.6667,130,150,280,1.1538,100,120,220,1.2,100,100,200,1.0,124,71
880,300,570,190,580,770,3.0526,160,450,610,2.8125,150,360,510,2.4,120,180,300,1.5,100,130,230,1.3,80,130,210,1.625,124,71
850,310,590,210,460,670,2.1905,180,310,490,1.7222,160,230,390,1.4375,150,140,290,0.93333,130,110,240,0.84615,120,90,210,0.75,124,71
880,260,540,280,390,670,1.3929,170,280,450,1.6471,150,250,400,1.6667,130,170,300,1.3077,110,130,240,1.1818,100,110,210,1.1,125,71
850,340,530,200,540,740,2.7,170,370,540,2.1765,160,300,460,1.875,130,180,310,1.3846,120,120,240,1.0,110,100,210,0.90909,126,71
850,320,670,190,450,640,2.3684,160,310,470,1.9375,150,230,380,1.5333,130,150,280,1.1538,110,120,230,1.0909,100,110,210,1.1,126,71
880,180,570,200,430,630,2.15,200,270,470,1.35,170,220,390,1.2941,130,160,290,1.2308,110,130,240,1.1818,90,100,190,1.1111,126,71
900,310,570,200,550,750,2.75,160,370,530,2.3125,150,270,420,1.8,130,150,280,1.1538,110,110,220,1.0,100,90,190,0.9,126,71
840,330,500,230,510,740,2.2174,200,430,630,2.15,190,320,510,1.6842,170,150,320,0.88235,150,90,240,0.6,130,80,210,0.61538,125,71
860,340,560,200,430,630,2.15,170,290,460,1.7059,160,220,380,1.375,130,150,280,1.1538,120,110,230,0.91667,100,90,190,0.9,125,71
870,300,540,190,390,580,2.0526,160,340,500,2.125,150,250,400,1.6667,130,160,290,1.2308,110,120,230,1.0909,90,110,200,1.2222,126,71
860,330,540,180,470,650,2.6111,160,340,500,2.125,150,270,420,1.8,140,160,300,1.1429,110,120,230,1.0909,110,100,210,0.90909,126,71
870,200,560,220,420,640,1.9091,190,270,460,1.4211,160,220,380,1.375,140,160,300,1.1429,120,120,240,1.0,100,100,200,1.0,127,71
870,310,580,190,520,710,2.7368,150,360,510,2.4,150,260,410,1.7333,120,150,270,1.25,110,120,230,1.0909,90,100,190,1.1111,126,71
880,290,590,180,440,620,2.4444,150,300,450,2.0,150,230,380,1.5333,130,160,290,1.2308,100,110,210,1.1,100,100,200,1.0,125,71
860,290,540,190,400,590,2.1053,160,350,510,2.1875,150,240,390,1.6,130,150,280,1.1538,110,110,220,1.0,100,90,190,0.9,126,71
800,320,530,180,430,610,2.3889,160,270,430,1.6875,150,210,360,1.4,130,150,280,1.1538,110,120,230,1.0909,90,100,190,1.1111,126,71
860,250,550,270,410,680,1.5185,170,270,440,1.5882,150,210,360,1.4,130,150,280,1.1538,110,120,230,1.0909,100,100,200,1.0,126,71
870,310,570,190,580,770,3.0526,150,350,500,2.3333,140,260,400,1.8571,120,160,280,1.3333,100,130,230,1.3,80,100,180,1.25,125,71
880,300,580,180,590,770,3.2778,150,410,560,2.7333,140,320,460,2.2857,120,180,300,1.5,110,110,220,1.0,90,100,190,1.1111,125,70
860,300,540,200,410,610,2.05,170,270,440,1.5882,160,220,380,1.375,130,140,270,1.0769,120,110,230,0.91667,100,100,200,1.0,124,70
860,320,550,190,470,660,2.4737,170,370,540,2.1765,150,270,420,1.8,140,160,300,1.1429,110,120,230,1.0909,100,100,200,1.0,125,70
860,310,540,180,460,640,2.5556,150,330,480,2.2,150,260,410,1.7333,130,160,290,1.2308,110,120,230,1.0909,100,110,210,1.1,125,71
880,260,560,240,430,670,1.7917,160,300,460,1.875,150,230,380,1.5333,120,170,290,1.4167,100,130,230,1.3,80,110,190,1.375,124,70
860,320,570,190,580,770,3.0526,160,350,510,2.1875,150,260,410,1.7333,130,160,290,1.2308,110,120,230,1.0909,90,90,180,1.0,124,70
870,290,580,180,590,770,3.2778,150,440,590,2.9333,140,360,500,2.5714,120,150,270,1.25,110,110,220,1.0,90,100,190,1.1111,124,70
870,290,560,180,440,620,2.4444,160,290,450,1.8125,150,220,370,1.4667,130,150,280,1.1538,110,120,230,1.0909,100,100,200,1.0,124,70
870,310,560,200,510,710,2.55,160,380,540,2.375,150,290,440,1.9333,130,170,300,1.3077,110,130,240,1.1818,90,100,190,1.1111,124,70
860,310,520,190,430,620,2.2632,160,310,470,1.9375,150,230,380,1.5333,130,150,280,1.1538,110,110,220,1.0,110,100,210,0.90909,125,70
880,250,550,170,420,590,2.4706,150,250,400,1.6667,140,190,330,1.3571,120,150,270,1.25,100,120,220,1.2,90,100,190,1.1111,124,70
870,330,580,200,430,630,2.15,160,260,420,1.625,150,210,360,1.4,130,140,270,1.0769,110,110,220,1.0,100,100,200,1.0,124,70
880,290,590,180,600,780,3.3333,160,390,550,2.4375,140,300,440,2.1429,130,160,290,1.2308,110,120,230,1.0909,100,120,220,1.2,124,70
860,290,590,190,460,650,2.4211,170,340,510,2.0,160,280,440,1.75,140,160,300,1.1429,110,120,230,1.0909,110,100,210,0.90909,125,70
870,270,600,190,570,760,3.0,160,360,520,2.25,150,290,440,1.9333,130,170,300,1.3077,120,120,240,1.0,100,100,200,1.0,125,71
880,270,530,180,410,590,2.2778,150,310,460,2.0667,150,250,400,1.6667,130,160,290,1.2308,110,120,230,1.0909,100,100,200,1.0,126,71
880,280,580,170,590,760,3.4706,140,400,540,2.8571,140,290,430,2.0714,110,170,280,1.5455,90,130,220,1.4444,80,110,190,1.375,125,71
880,300,570,180,520,700,2.8889,150,340,490,2.2667,130,240,370,1.8462,130,150,280,1.1538,100,110,210,1.1,90,90,180,1.0,125,71
880,310,580,180,460,640,2.5556,160,330,490,2.0625,140,230,370,1.6429,130,160,290,1.2308,110,120,230,1.0909,90,100,190,1.1111,125,71
880,300,540,180,450,630,2.5,160,280,440,1.75,140,210,350,1.5,130,140,270,1.0769,110,110,220,1.0,90,90,180,1.0,125,71
860,340,620,190,590,780,3.1053,170,360,530,2.1176,160,290,450,1.8125,130,160,290,1.2308,110,120,230,1.0909,100,90,190,0.9,126,71
860,240,600,180,430,610,2.3889,150,340,490,2.2667,150,270,420,1.8,130,180,310,1.3846,110,130,240,1.1818,90,110,200,1.2222,126,71
870,300,570,180,500,680,2.7778,150,350,500,2.3333,140,250,390,1.7857,120,150,270,1.25,100,120,220,1.2,80,100,180,1.25,124,71
870,300,570,190,440,630,2.3158,150,320,470,2.1333,140,230,370,1.6429,120,160,280,1.3333,100,110,210,1.1,100,100,200,1.0,124,70
880,300,600,270,430,700,1.5926,170,310,480,1.8235,150,250,400,1.6667,130,170,300,1.3077,110,130,240,1.1818,90,100,190,1.1111,124,70
860,280,570,190,580,770,3.0526,170,410,580,2.4118,160,310,470,1.9375,130,170,300,1.3077,110,120,230,1.0909,100,100,200,1.0,124,70
870,290,550,180,420,600,2.3333,160,270,430,1.6875,150,220,370,1.4667,120,160,280,1.3333,110,120,230,1.0909,90,110,200,1.2222,125,70
860,300,560,180,570,750,3.1667,160,420,580,2.625,140,290,430,2.0714,120,160,280,1.3333,100,120,220,1.2,90,110,200,1.2222,124,71
880,300,580,210,460,670,2.1905,150,330,480,2.2,140,240,380,1.7143,120,150,270,1.25,100,120,220,1.2,90,100,190,1.1111,124,70
870,280,550,190,560,750,2.9474,150,430,580,2.8667,140,350,490,2.5,120,180,300,1.5,100,130,230,1.3,90,120,210,1.3333,124,70
860,320,530,180,500,680,2.7778,150,350,500,2.3333,140,240,380,1.7143,130,180,310,1.3846,100,120,220,1.2,90,100,190,1.1111,124,70
870,330,570,190,390,580,2.0526,160,230,390,1.4375,140,190,330,1.3571,120,150,270,1.25,100,120,220,1.2,80,110,190,1.375,124,70
870,300,580,220,390,610,1.7727,150,240,390,1.6,140,200,340,1.4286,120,150,270,1.25,100,120,220,1.2,90,110,200,1.2222,125,70
880,310,580,190,450,640,2.3684,150,300,450,2.0,140,200,340,1.4286,120,150,270,1.25,110,110,220,1.0,90,90,180,1.0,124,70
860,300,550,190,460,650,2.4211,150,330,480,2.2,150,230,380,1.5333,120,150,270,1.25,110,110,220,1.0,100,100,200,1.0,124,70
870,310,400,180,410,590,2.2778,150,310,460,2.0667,130,210,340,1.6154,110,150,260,1.3636,100,120,220,1.2,90,100,190,1.1111,124,70
860,330,520,190,400,590,2.1053,160,280,440,1.75,150,210,360,1.4,140,150,290,1.0714,120,110,230,0.91667,110,100,210,0.90909,124,70
860,300,570,190,490,680,2.5789,160,370,530,2.3125,150,270,420,1.8,120,150,270,1.25,110,110,220,1.0,90,100,190,1.1111,123,70
870,290,590,200,480,680,2.4,160,340,500,2.125,140,240,380,1.7143,120,160,280,1.3333,100,120,220,1.2,90,100,190,1.1111,123,70
860,280,540,180,440,620,2.4444,160,280,440,1.75,140,200,340,1.4286,120,150,270,1.25,100,120,220,1.2,90,100,190,1.1111,123,70
870,320,520,190,530,720,2.7895,150,380,530,2.5333,150,310,460,2.0667,120,170,290,1.4167,100,120,220,1.2,100,110,210,1.1,123,70
850,350,520,290,400,690,1.3793,170,220,390,1.2941,150,180,330,1.2,130,130,260,1.0,110,100,210,0.90909,100,90,190,0.9,124,71
870,300,550,190,490,680,2.5789,160,330,490,2.0625,150,220,370,1.4667,130,140,270,1.0769,110,110,220,1.0,100,90,190,0.9,123,70
860,320,650,200,470,670,2.35,160,340,500,2.125,160,240,400,1.5,130,150,280,1.1538,110,110,220,1.0,100,100,200,1.0,123,70
880,210,520,170,410,580,2.4118,140,250,390,1.7857,140,200,340,1.4286,120,150,270,1.25,100,120,220,1.2,90,100,190,1.1111,123,70
860,360,520,200,530,730,2.65,170,360,530,2.1176,140,290,430,2.0714,140,160,300,1.1429,110,120,230,1.0909,100,100,200,1.0,124,71
860,340,680,240,410,650,1.7083,160,270,430,1.6875,160,210,370,1.3125,130,140,270,1.0769,110,110,220,1.0,90,100,190,1.1111,124,71
870,180,560,200,410,610,2.05,200,250,450,1.25,180,200,380,1.1111,140,160,300,1.1429,110,120,230,1.0909,100,100,200,1.0,124,71
870,310,390,200,400,600,2.0,160,370,530,2.3125,140,290,430,2.0714,130,160,290,1.2308,100,120,220,1.2,100,100,200,1.0,123,70
880,290,570,190,440,630,2.3158,150,280,430,1.8667,140,200,340,1.4286,120,160,280,1.3333,100,120,220,1.2,90,100,190,1.1111,123,70
860,310,530,190,410,600,2.1579,160,250,410,1.5625,140,190,330,1.3571,130,140,270,1.0769,110,110,220,1.0,100,90,190,0.9,124,70
860,330,540,190,550,740,2.8947,170,360,530,2.1176,150,290,440,1.9333,120,170,290,1.4167,110,130,240,1.1818,90,100,190,1.1111,124,71
860,330,480,200,490,690,2.45,150,380,530,2.5333,150,290,440,1.9333,120,160,280,1.3333,100,120,220,1.2,90,110,200,1.2222,123,70
860,290,560,190,490,680,2.5789,160,350,510,2.1875,150,260,410,1.7333,120,160,280,1.3333,110,120,230,1.0909,90,90,180,1.0,123,70
870,300,540,190,410,600,2.1579,160,230,390,1.4375,140,200,340,1.4286,130,150,280,1.1538,110,120,230,1.0909,100,100,200,1.0,124,70
870,330,520,180,470,650,2.6111,160,340,500,2.125,150,250,400,1.6667,130,160,290,1.2308,110,130,240,1.1818,90,100,190,1.1111,124,70
870,310,570,200,580,780,2.9,150,410,560,2.7333,140,310,450,2.2143,120,160,280,1.3333,90,130,220,1.4444,80,100,180,1.25,123,70
860,290,560,180,470,650,2.6111,150,320,470,2.1333,140,210,350,1.5,120,150,270,1.25,110,110,220,1.0,90,100,190,1.1111,123,70
860,330,520,190,500,690,2.6316,160,350,510,2.1875,150,280,430,1.8667,130,160,290,1.2308,110,110,220,1.0,100,100,200,1.0,124,70
870,310,550,190,530,720,2.7895,150,380,530,2.5333,140,280,420,2.0,120,160,280,1.3333,100,130,230,1.3,90,100,190,1.1111,124,70
870,300,570,180,460,640,2.5556,150,320,470,2.1333,140,230,370,1.6429,120,150,270,1.25,110,110,220,1.0,90,100,190,1.1111,122,70
850,300,530,200,400,600,2.0,160,200,360,1.25,150,160,310,1.0667,130,130,260,1.0,110,120,230,1.0909,100,90,190,0.9,123,70
860,320,520,180,460,640,2.5556,150,350,500,2.3333,150,270,420,1.8,120,160,280,1.3333,110,120,230,1.0909,90,110,200,1.2222,123,70
860,310,560,200,570,770,2.85,160,390,550,2.4375,140,280,420,2.0,120,160,280,1.3333,100,120,220,1.2,90,100,190,1.1111,123,70
870,300,530,240,390,630,1.625,160,290,450,1.8125,140,280,420,2.0,120,160,280,1.3333,100,130,230,1.3,90,100,190,1.1111,123,70
850,340,510,190,450,640,2.3684,160,340,500,2.125,150,260,410,1.7333,130,150,280,1.1538,110,110,220,1.0,100,100,200,1.0,124,70
860,180,550,200,430,630,2.15,200,270,470,1.35,160,200,360,1.25,120,160,280,1.3333,100,120,220,1.2,90,110,200,1.2222,123,70
860,310,570,210,580,790,2.7619,150,410,560,2.7333,140,300,440,2.1429,120,160,280,1.3333,90,130,220,1.4444,80,100,180,1.25,123,70
860,310,550,180,470,650,2.6111,150,320,470,2.1333,140,210,350,1.5,120,150,270,1.25,100,120,220,1.2,100,90,190,0.9,123,70
870,310,530,190,420,610,2.2105,150,370,520,2.4667,150,220,370,1.4667,120,150,270,1.25,110,110,220,1.0,90,100,190,1.1111,123,70
850,340,510,190,460,650,2.4211,160,340,500,2.125,150,270,420,1.8,130,160,290,1.2308,110,120,230,1.0909,100,100,200,1.0,124,70
870,320,580,200,520,720,2.6,150,390,540,2.6,140,290,430,2.0714,120,150,270,1.25,100,120,220,1.2,90,100,190,1.1111,123,70
860,300,560,180,440,620,2.4444,150,310,460,2.0667,140,210,350,1.5,110,140,250,1.2727,100,110,210,1.1,80,100,180,1.25,123,70
850,300,570,180,570,750,3.1667,150,390,540,2.6,140,250,390,1.7857,120,160,280,1.3333,100,120,220,1.2,100,100,200,1.0,123,70
870,280,520,170,460,630,2.7059,150,350,500,2.3333,130,270,400,2.0769,110,160,270,1.4545,90,120,210,1.3333,80,110,190,1.375,124,70
860,290,640,190,610,800,3.2105,170,380,550,2.2353,160,270,430,1.6875,130,160,290,1.2308,110,130,240,1.1818,100,100,200,1.0,124,70
860,220,500,180,500,680,2.7778,150,310,460,2.0667,150,230,380,1.5333,130,160,290,1.2308,110,120,230,1.0909,100,100,200,1.0,124,70
880,250,570,270,430,700,1.5926,180,260,440,1.4444,140,200,340,1.4286,130,150,280,1.1538,100,120,220,1.2,90,100,190,1.1111,123,70
860,310,570,190,510,700,2.6842,160,370,530,2.3125,150,260,410,1.7333,130,150,280,1.1538,100,120,220,1.2,100,90,190,0.9,123,70
860,290,560,190,530,720,2.7895,160,250,410,1.5625,150,190,340,1.2667,120,140,260,1.1667,110,110,220,1.0,90,100,190,1.1111,123,69
870,300,540,180,550,730,3.0556,150,350,500,2.3333,140,220,360,1.5714,120,150,270,1.25,100,120,220,1.2,90,100,190,1.1111,123,69
860,330,530,180,450,630,2.5,160,230,390,1.4375,150,180,330,1.2,130,140,270,1.0769,110,110,220,1.0,90,90,180,1.0,123,69
860,330,530,190,440,630,2.3158,160,300,460,1.875,150,210,360,1.4,120,150,270,1.25,110,120,230,1.0909,100,100,200,1.0,124,70
870,260,540,260,430,690,1.6538,150,280,430,1.8667,150,210,360,1.4,120,160,280,1.3333,110,120,230,1.0909,90,100,190,1.1111,124,70
870,330,570,190,490,680,2.5789,160,350,510,2.1875,140,240,380,1.7143,120,160,280,1.3333,100,120,220,1.2,90,110,200,1.2222,124,70
860,300,480,190,470,660,2.4737,160,320,480,2.0,140,220,360,1.5714,130,150,280,1.1538,100,120,220,1.2,90,90,180,1.0,124,69
870,380,580,190,490,680,2.5789,150,300,450,2.0,140,230,370,1.6429,120,150,270,1.25,100,120,220,1.2,90,110,200,1.2222,124,69
870,290,550,180,560,740,3.1111,150,360,510,2.4,140,250,390,1.7857,120,160,280,1.3333,110,120,230,1.0909,90,100,190,1.1111,124,69
860,320,520,190,410,600,2.1579,170,270,440,1.5882,160,200,360,1.25,130,140,270,1.0769,120,110,230,0.91667,100,90,190,0.9,125,70
860,270,560,180,440,620,2.4444,150,230,380,1.5333,140,180,320,1.2857,120,140,260,1.1667,110,110,220,1.0,100,90,190,0.9,125,70
870,300,590,190,520,710,2.7368,150,380,530,2.5333,140,280,420,2.0,120,160,280,1.3333,100,120,220,1.2,90,100,190,1.1111,124,70
860,290,570,190,480,670,2.5263,160,330,490,2.0625,150,230,380,1.5333,120,150,270,1.25,110,110,220,1.0,90,100,190,1.1111,124,69
870,290,580,190,520,710,2.7368,160,370,530,2.3125,140,270,410,1.9286,130,160,290,1.2308,110,120,230,1.0909,90,100,190,1.1111,124,69
870,290,540,190,550,740,2.8947,160,390,550,2.4375,150,280,430,1.8667,130,160,290,1.2308,110,120,230,1.0909,100,90,190,0.9,125,69
850,330,540,270,410,680,1.5185,180,260,440,1.4444,170,190,360,1.1176,140,140,280,1.0,120,110,230,0.91667,110,100,210,0.90909,125,69
880,280,570,180,440,620,2.4444,150,220,370,1.4667,140,180,320,1.2857,120,140,260,1.1667,100,110,210,1.1,90,100,190,1.1111,124,69
870,310,560,190,440,630,2.3158,160,300,460,1.875,150,210,360,1.4,120,140,260,1.1667,110,110,220,1.0,90,90,180,1.0,124,69
870,310,570,190,490,680,2.5789,150,350,500,2.3333,150,250,400,1.6667,110,160,270,1.4545,110,120,230,1.0909,90,100,190,1.1111,124,69
870,300,590,180,430,610,2.3889,150,270,420,1.8,140,210,350,1.5,130,160,290,1.2308,100,110,210,1.1,100,100,200,1.0,124,69
880,280,550,180,560,740,3.1111,150,370,520,2.4667,140,240,380,1.7143,120,170,290,1.4167,100,120,220,1.2,90,110,200,1.2222,125,69
860,330,530,190,400,590,2.1053,170,230,400,1.3529,160,200,360,1.25,130,160,290,1.2308,110,130,240,1.1818,100,100,200,1.0,125,69
880,270,480,170,450,620,2.6471,150,260,410,1.7333,140,200,340,1.4286,120,150,270,1.25,100,120,220,1.2,100,100,200,1.0,124,69
850,400,600,220,610,830,2.7727,180,390,570,2.1667,160,290,450,1.8125,130,160,290,1.2308,120,110,230,0.91667,100,90,190,0.9,124,68
880,250,580,170,450,620,2.6471,140,280,420,2.0,140,220,360,1.5714,120,160,280,1.3333,100,120,220,1.2,80,100,180,1.25,124,68
860,300,600,180,460,640,2.5556,150,330,480,2.2,140,250,390,1.7857,120,160,280,1.3333,100,110,210,1.1,90,90,180,1.0,124,68
860,260,550,180,560,740,3.1111,160,310,470,1.9375,150,210,360,1.4,120,150,270,1.25,110,120,230,1.0909,90,100,190,1.1111,124,68
880,310,560,190,400,590,2.1053,150,270,420,1.8,150,260,410,1.7333,120,170,290,1.4167,100,130,230,1.3,90,120,210,1.3333,124,68
860,270,550,180,560,740,3.1111,150,330,480,2.2,140,220,360,1.5714,120,150,270,1.25,100,120,220,1.2,90,100,190,1.1111,122,68
890,320,550,190,440,630,2.3158,150,300,450,2.0,140,200,340,1.4286,120,150,270,1.25,100,120,220,1.2,90,90,180,1.0,122,67
870,320,520,190,530,720,2.7895,150,410,560,2.7333,140,330,470,2.3571,120,160,280,1.3333,100,120,220,1.2,90,100,190,1.1111,122,67
860,350,500,190,390,580,2.0526,160,320,480,2.0,150,250,400,1.6667,130,160,290,1.2308,110,120,230,1.0909,100,90,190,0.9,122,67
870,320,570,200,510,710,2.55,150,370,520,2.4667,140,240,380,1.7143,120,150,270,1.25,90,120,210,1.3333,90,90,180,1.0,120,67
870,300,550,210,560,770,2.6667,170,450,620,2.6471,150,380,530,2.5333,130,180,310,1.3846,100,130,230,1.3,90,100,190,1.1111,120,67
860,320,550,190,450,640,2.3684,150,320,470,2.1333,150,190,340,1.2667,120,140,260,1.1667,110,110,220,1.0,90,90,180,1.0,121,67
860,310,560,280,450,730,1.6071,170,310,480,1.8235,150,210,360,1.4,130,150,280,1.1538,110,120,230,1.0909,90,90,180,1.0,121,67
860,300,510,190,520,710,2.7368,160,390,550,2.4375,150,310,460,2.0667,120,160,280,1.3333,110,110,220,1.0,100,100,200,1.0,122,68
850,350,510,190,440,630,2.3158,160,330,490,2.0625,150,250,400,1.6667,130,160,290,1.2308,110,120,230,1.0909,100,100,200,1.0,121,68
840,320,540,210,550,760,2.619,160,370,530,2.3125,150,240,390,1.6,130,140,270,1.0769,110,110,220,1.0,100,90,190,0.9,120,67
860,300,550,180,480,660,2.6667,150,290,440,1.9333,140,200,340,1.4286,120,140,260,1.1667,100,110,210,1.1,90,100,190,1.1111,120,68
880,300,530,170,540,710,3.1765,150,410,560,2.7333,140,320,460,2.2857,120,170,290,1.4167,90,130,220,1.4444,90,100,190,1.1111,120,68
850,350,650,190,420,610,2.2105,160,300,460,1.875,150,210,360,1.4,130,150,280,1.1538,110,110,220,1.0,100,100,200,1.0,121,68
860,200,560,220,420,640,1.9091,220,280,500,1.2727,190,230,420,1.2105,140,160,300,1.1429,120,130,250,1.0833,100,110,210,1.1,121,68
910,300,560,190,500,690,2.6316,150,370,520,2.4667,140,240,380,1.7143,120,150,270,1.25,100,120,220,1.2,80,100,180,1.25,120,68
870,300,570,180,460,640,2.5556,150,330,480,2.2,140,210,350,1.5,120,150,270,1.25,100,110,210,1.1,90,90,180,1.0,120,68
860,300,560,270,450,720,1.6667,160,350,510,2.1875,150,290,440,1.9333,130,160,290,1.2308,110,120,230,1.0909,90,100,190,1.1111,120,68
840,300,530,180,540,720,3.0,150,410,560,2.7333,140,340,480,2.4286,120,170,290,1.4167,90,130,220,1.4444,90,100,190,1.1111,120,68
860,170,550,190,410,600,2.1579,190,290,480,1.5263,190,220,410,1.1579,140,160,300,1.1429,120,120,240,1.0,100,100,200,1.0,120,68
850,310,550,190,510,700,2.6842,160,350,510,2.1875,150,210,360,1.4,130,140,270,1.0769,110,110,220,1.0,100,100,200,1.0,120,68
860,290,550,180,480,660,2.6667,140,330,470,2.3571,140,210,350,1.5,110,150,260,1.3636,100,120,220,1.2,90,100,190,1.1111,120,68
850,310,510,190,520,710,2.7368,150,400,550,2.6667,150,330,480,2.2,130,170,300,1.3077,110,120,230,1.0909,100,100,200,1.0,120,68
850,340,510,170,420,590,2.4706,150,300,450,2.0,140,230,370,1.6429,120,150,270,1.25,100,120,220,1.2,90,100,190,1.1111,121,68
850,300,550,200,560,760,2.8,150,400,550,2.6667,140,220,360,1.5714,110,150,260,1.3636,100,110,210,1.1,90,100,190,1.1111,120,68
860,300,560,180,460,640,2.5556,150,290,440,1.9333,140,190,330,1.3571,120,140,260,1.1667,110,110,220,1.0,90,90,180,1.0,120,68
860,300,650,220,510,730,2.3182,160,360,520,2.25,150,240,390,1.6,130,150,280,1.1538,100,120,220,1.2,100,90,190,0.9,121,68
860,210,520,170,510,680,3.0,160,350,510,2.1875,150,260,410,1.7333,110,150,260,1.3636,100,110,210,1.1,90,100,190,1.1111,121,68
840,340,510,180,420,600,2.3333,150,310,460,2.0667,140,240,380,1.7143,130,150,280,1.1538,110,120,230,1.0909,90,90,180,1.0,121,69
860,290,540,190,510,700,2.6842,150,380,530,2.5333,130,200,330,1.5385,110,150,260,1.3636,100,110,210,1.1,90,100,190,1.1111,120,68
860,320,420,180,430,610,2.3889,150,370,520,2.4667,130,210,340,1.6154,120,150,270,1.25,90,120,210,1.3333,90,100,190,1.1111,120,68
870,270,600,180,510,690,2.8333,150,280,430,1.8667,150,210,360,1.4,130,150,280,1.1538,110,120,230,1.0909,100,90,190,0.9,122,69
840,270,550,200,560,760,2.8,170,360,530,2.1176,170,260,430,1.5294,140,160,300,1.1429,120,120,240,1.0,100,90,190,0.9,122,69
850,290,540,180,430,610,2.3889,160,290,450,1.8125,150,220,370,1.4667,130,160,290,1.2308,110,120,230,1.0909,100,100,200,1.0,122,69
850,300,590,180,520,700,2.8889,160,290,450,1.8125,150,220,370,1.4667,130,160,290,1.2308,110,120,230,1.0909,90,90,180,1.0,121,68
860,260,560,180,530,710,2.9444,150,340,490,2.2667,140,250,390,1.7857,120,160,280,1.3333,110,120,230,1.0909,90,100,190,1.1111,121,68
840,200,540,220,430,650,1.9545,170,310,480,1.8235,150,220,370,1.4667,130,150,280,1.1538,110,110,220,1.0,100,90,190,0.9,123,68
880,300,530,180,390,570,2.1667,150,230,380,1.5333,140,180,320,1.2857,120,130,250,1.0833,90,100,190,1.1111,80,90,170,1.125,123,68
840,350,650,190,470,660,2.4737,170,320,490,1.8824,160,260,420,1.625,130,160,290,1.2308,120,110,230,0.91667,100,90,190,0.9,123,68
860,190,560,210,440,650,2.0952,210,360,570,1.7143,210,290,500,1.381,140,180,320,1.2857,110,140,250,1.2727,100,120,220,1.2,123,68
860,300,560,180,460,640,2.5556,150,290,440,1.9333,140,190,330,1.3571,120,140,260,1.1667,100,100,200,1.0,80,90,170,1.125,122,68
850,300,550,180,490,670,2.7222,150,370,520,2.4667,140,220,360,1.5714,120,140,260,1.1667,100,110,210,1.1,90,90,180,1.0,122,68
870,290,530,170,480,650,2.8235,140,340,480,2.4286,130,210,340,1.6154,120,150,270,1.25,100,120,220,1.2,90,100,190,1.1111,123,68
850,340,520,190,420,610,2.2105,160,260,420,1.625,150,200,350,1.3333,120,150,270,1.25,110,110,220,1.0,100,90,190,0.9,123,68
850,330,660,180,670,850,3.7222,160,340,500,2.125,140,270,410,1.9286,130,170,300,1.3077,110,120,230,1.0909,90,100,190,1.1111,123,68
850,190,520,210,430,640,2.0476,210,310,520,1.4762,210,250,460,1.1905,150,180,330,1.2,120,130,250,1.0833,100,120,220,1.2,122,68
880,310,590,190,480,670,2.5263,150,370,520,2.4667,140,260,400,1.8571,120,150,270,1.25,100,120,220,1.2,90,100,190,1.1111,121,68
840,290,530,190,540,730,2.8421,160,390,550,2.4375,150,240,390,1.6,130,130,260,1.0,100,100,200,1.0,90,80,170,0.88889,122,68
870,290,540,180,500,680,2.7778,140,300,440,2.1429,140,200,340,1.4286,110,160,270,1.4545,100,110,210,1.1,80,100,180,1.25,124,69
870,330,580,170,500,670,2.9412,150,370,520,2.4667,140,230,370,1.6429,120,150,270,1.25,100,120,220,1.2,90,100,190,1.1111,124,69
870,290,560,180,440,620,2.4444,160,300,460,1.875,140,200,340,1.4286,120,140,260,1.1667,100,110,210,1.1,90,100,190,1.1111,124,69
870,310,530,190,540,730,2.8421,160,410,570,2.5625,150,350,500,2.3333,130,170,300,1.3077,110,120,230,1.0909,90,110,200,1.2222,125,70
870,310,570,190,520,710,2.7368,150,390,540,2.6,140,210,350,1.5,120,150,270,1.25,100,110,210,1.1,100,90,190,0.9,124,69
860,300,600,210,500,710,2.381,170,380,550,2.2353,150,270,420,1.8,120,150,270,1.25,110,120,230,1.0909,90,100,190,1.1111,124,69
870,260,570,180,470,650,2.6111,150,350,500,2.3333,140,230,370,1.6429,120,160,280,1.3333,100,120,220,1.2,90,100,190,1.1111,125,69
860,300,560,180,570,750,3.1667,160,380,540,2.375,150,320,470,2.1333,130,170,300,1.3077,110,120,230,1.0909,90,100,190,1.1111,125,69
870,310,560,180,480,660,2.6667,150,250,400,1.6667,140,200,340,1.4286,120,140,260,1.1667,100,110,210,1.1,90,90,180,1.0,124,69
880,310,570,180,460,640,2.5556,150,340,490,2.2667,140,220,360,1.5714,120,150,270,1.25,100,120,220,1.2,90,90,180,1.0,124,69
870,310,550,180,420,600,2.3333,160,260,420,1.625,150,190,340,1.2667,120,130,250,1.0833,110,100,210,0.90909,100,90,190,0.9,124,69
870,320,530,190,540,730,2.8421,160,410,570,2.5625,150,330,480,2.2,130,170,300,1.3077,110,120,230,1.0909,100,100,200,1.0,125,69
860,310,400,210,410,620,1.9524,170,410,580,2.4118,150,330,480,2.2,130,160,290,1.2308,110,110,220,1.0,100,90,190,0.9,124,69
880,300,600,220,450,670,2.0455,160,280,440,1.75,140,210,350,1.5,130,160,290,1.2308,100,120,220,1.2,90,100,190,1.1111,124,69
880,280,610,190,410,600,2.1579,160,230,390,1.4375,140,190,330,1.3571,120,140,260,1.1667,100,110,210,1.1,100,90,190,0.9,124,69
860,270,530,190,490,680,2.5789,170,330,500,1.9412,150,250,400,1.6667,130,150,280,1.1538,120,110,230,0.91667,100,90,190,0.9,124,69
870,180,580,200,420,620,2.1,200,250,450,1.25,170,200,370,1.1765,130,150,280,1.1538,110,120,230,1.0909,100,100,200,1.0,124,69
850,290,490,190,500,690,2.6316,160,330,490,2.0625,150,210,360,1.4,120,150,270,1.25,110,110,220,1.0,90,90,180,1.0,124,69
880,280,610,190,460,650,2.4211,150,300,450,2.0,140,220,360,1.5714,120,150,270,1.25,100,120,220,1.2,90,100,190,1.1111,123,69
860,270,580,180,440,620,2.4444,160,310,470,1.9375,150,220,370,1.4667,130,150,280,1.1538,120,110,230,0.91667,100,100,200,1.0,123,68
870,280,520,180,530,710,2.9444,160,380,540,2.375,140,310,450,2.2143,130,170,300,1.3077,100,120,220,1.2,100,110,210,1.1,124,68
870,320,570,170,580,750,3.4118,140,410,550,2.9286,130,280,410,2.1538,110,170,280,1.5455,90,130,220,1.4444,80,100,180,1.25,123,69
880,300,570,300,580,880,1.9333,180,420,600,2.3333,160,300,460,1.875,130,170,300,1.3077,110,130,240,1.1818,100,100,200,1.0,123,68
860,310,600,190,610,800,3.2105,160,430,590,2.6875,150,340,490,2.2667,130,170,300,1.3077,110,120,230,1.0909,100,100,200,1.0,122,68
880,330,540,160,450,610,2.8125,150,330,480,2.2,140,230,370,1.6429,120,160,280,1.3333,100,120,220,1.2,80,100,180,1.25,123,68
870,310,570,180,580,760,3.2222,150,410,560,2.7333,130,250,380,1.9231,120,160,280,1.3333,100,130,230,1.3,90,100,190,1.1111,122,68
860,310,550,210,440,650,2.0952,160,300,460,1.875,160,220,380,1.375,130,150,280,1.1538,110,110,220,1.0,100,100,200,1.0,121,68
880,310,560,190,410,600,2.1579,150,210,360,1.4,140,170,310,1.2143,120,130,250,1.0833,100,110,210,1.1,90,100,190,1.1111,122,68
870,320,540,180,450,630,2.5,160,330,490,2.0625,150,260,410,1.7333,130,160,290,1.2308,110,120,230,1.0909,90,90,180,1.0,123,68
880,240,560,260,430,690,1.6538,170,260,430,1.5294,160,210,370,1.3125,130,150,280,1.1538,110,120,230,1.0909,100,100,200,1.0,123,68
870,320,580,190,590,780,3.1053,160,440,600,2.75,150,370,520,2.4667,130,170,300,1.3077,110,120,230,1.0909,90,100,190,1.1111,122,68
870,280,590,180,450,630,2.5,160,310,470,1.9375,150,210,360,1.4,130,140,270,1.0769,110,110,220,1.0,100,80,180,0.8,123,68
860,280,560,300,430,730,1.4333,170,300,470,1.7647,160,200,360,1.25,130,140,270,1.0769,110,130,240,1.1818,100,100,200,1.0,123,68
880,300,550,170,560,730,3.2941,140,370,510,2.6429,140,280,420,2.0,120,170,290,1.4167,100,130,230,1.3,80,120,200,1.5,124,69
880,260,550,270,430,700,1.5926,160,250,410,1.5625,140,200,340,1.4286,120,150,270,1.25,100,120,220,1.2,100,100,200,1.0,124,69
870,330,560,190,500,690,2.6316,160,370,530,2.3125,150,230,380,1.5333,130,140,270,1.0769,100,110,210,1.1,90,90,180,1.0,123,69
890,310,580,170,590,760,3.4706,150,430,580,2.8667,150,320,470,2.1333,120,170,290,1.4167,110,130,240,1.1818,90,110,200,1.2222,123,68
870,310,580,190,490,680,2.5789,160,350,510,2.1875,150,240,390,1.6,130,150,280,1.1538,110,120,230,1.0909,90,90,180,1.0,123,68
870,290,530,180,470,650,2.6111,160,260,420,1.625,140,180,320,1.2857,120,150,270,1.25,110,120,230,1.0909,90,100,190,1.1111,123,69
880,340,530,180,420,600,2.3333,150,310,460,2.0667,140,230,370,1.6429,120,150,270,1.25,110,120,230,1.0909,90,100,190,1.1111,124,69
880,260,590,180,420,600,2.3333,150,230,380,1.5333,140,190,330,1.3571,120,150,270,1.25,100,120,220,1.2,90,90,180,1.0,123,69
860,290,590,190,600,790,3.1579,160,430,590,2.6875,150,350,500,2.3333,130,160,290,1.2308,110,110,220,1.0,100,100,200,1.0,123,68
860,290,590,180,460,640,2.5556,150,280,430,1.8667,140,200,340,1.4286,120,160,280,1.3333,100,120,220,1.2,80,100,180,1.25,123,69
890,270,560,160,450,610,2.8125,130,280,410,2.1538,130,240,370,1.8462,110,190,300,1.7273,90,150,240,1.6667,70,130,200,1.8571,123,69
860,330,640,180,510,690,2.8333,150,350,500,2.3333,140,240,380,1.7143,130,160,290,1.2308,110,120,230,1.0909,90,100,190,1.1111,124,69
880,220,510,240,430,670,1.7917,240,330,570,1.375,160,270,430,1.6875,130,190,320,1.4615,110,140,250,1.2727,90,130,220,1.4444,124,69
880,370,570,180,470,650,2.6111,150,280,430,1.8667,140,200,340,1.4286,120,150,270,1.25,100,120,220,1.2,80,100,180,1.25,124,69
870,310,590,190,510,700,2.6842,150,380,530,2.5333,150,260,410,1.7333,120,150,270,1.25,110,110,220,1.0,100,90,190,0.9,123,69
880,280,580,180,590,770,3.2778,150,400,550,2.6667,140,300,440,2.1429,110,160,270,1.4545,90,120,210,1.3333,70,100,170,1.4286,124,69
870,300,570,190,450,640,2.3684,160,320,480,2.0,150,220,370,1.4667,130,150,280,1.1538,110,120,230,1.0909,100,100,200,1.0,124,69
880,300,580,170,440,610,2.5882,150,280,430,1.8667,140,250,390,1.7857,130,160,290,1.2308,100,130,230,1.3,90,110,200,1.2222,125,69
870,300,510,190,460,650,2.4211,160,310,470,1.9375,150,220,370,1.4667,140,150,290,1.0714,120,110,230,0.91667,100,90,190,0.9,125,69
880,310,580,190,490,680,2.5789,160,300,460,1.875,140,200,340,1.4286,130,140,270,1.0769,110,110,220,1.0,100,90,190,0.9,124,69
860,300,570,180,510,690,2.8333,150,350,500,2.3333,140,210,350,1.5,120,140,260,1.1667,100,110,210,1.1,70,90,160,1.2857,124,69
870,290,560,180,450,630,2.5,160,280,440,1.75,140,200,340,1.4286,120,140,260,1.1667,100,110,210,1.1,90,100,190,1.1111,124,69
870,290,560,190,520,710,2.7368,150,320,470,2.1333,150,240,390,1.6,130,160,290,1.2308,120,120,240,1.0,100,110,210,1.1,125,69
870,300,570,290,580,870,2.0,170,410,580,2.4118,160,270,430,1.6875,140,160,300,1.1429,110,130,240,1.1818,100,100,200,1.0,125,69
910,300,600,180,520,700,2.8889,160,360,520,2.25,150,240,390,1.6,120,150,270,1.25,110,110,220,1.0,90,100,190,1.1111,124,69
870,260,600,190,470,660,2.4737,160,300,460,1.875,150,210,360,1.4,130,140,270,1.0769,110,110,220,1.0,100,100,200,1.0,124,69
870,270,640,180,510,690,2.8333,160,350,510,2.1875,150,330,480,2.2,130,200,330,1.5385,110,130,240,1.1818,100,110,210,1.1,125,69
870,230,540,170,420,590,2.4706,160,290,450,1.8125,150,200,350,1.3333,130,150,280,1.1538,100,120,220,1.2,90,100,190,1.1111,125,69
920,280,640,190,510,700,2.6842,170,370,540,2.1765,150,290,440,1.9333,130,160,290,1.2308,110,130,240,1.1818,100,100,200,1.0,124,69
890,250,590,170,480,650,2.8235,160,300,460,1.875,140,220,360,1.5714,120,150,270,1.25,100,120,220,1.2,90,100,190,1.1111,125,69
870,300,560,200,400,600,2.0,170,330,500,1.9412,160,320,480,2.0,140,190,330,1.3571,120,130,250,1.0833,100,100,200,1.0,126,69
860,310,690,170,430,600,2.5294,160,310,470,1.9375,140,250,390,1.7857,130,160,290,1.2308,110,120,230,1.0909,100,100,200,1.0,126,70
900,170,610,190,440,630,2.3158,190,280,470,1.4737,170,220,390,1.2941,130,160,290,1.2308,100,130,230,1.3,100,110,210,1.1,126,70
900,270,610,180,490,670,2.7222,160,320,480,2.0,140,220,360,1.5714,130,150,280,1.1538,100,120,220,1.2,90,100,190,1.1111,125,69
840,290,540,190,440,630,2.3158,170,300,470,1.7647,160,200,360,1.25,140,140,280,1.0,110,110,220,1.0,100,90,190,0.9,125,69
880,300,570,180,580,760,3.2222,150,300,450,2.0,140,220,360,1.5714,130,160,290,1.2308,110,120,230,1.0909,90,100,190,1.1111,125,69
890,310,680,190,390,580,2.0526,160,300,460,1.875,150,290,440,1.9333,130,170,300,1.3077,110,130,240,1.1818,100,110,210,1.1,126,69
860,210,610,230,490,720,2.1304,170,370,540,2.1765,160,300,460,1.875,140,170,310,1.2143,110,120,230,1.0909,110,100,210,0.90909,126,69
880,250,570,270,440,710,1.6296,180,250,430,1.3889,160,210,370,1.3125,130,160,290,1.2308,100,130,230,1.3,90,110,200,1.2222,126,69
910,290,600,180,520,700,2.8889,150,350,500,2.3333,140,210,350,1.5,130,150,280,1.1538,100,120,220,1.2,90,90,180,1.0,124,69
850,310,600,200,440,640,2.2,180,260,440,1.4444,160,180,340,1.125,150,130,280,0.86667,130,100,230,0.76923,100,80,180,0.8,124,69
880,250,570,180,580,760,3.2222,160,370,530,2.3125,150,230,380,1.5333,130,150,280,1.1538,110,120,230,1.0909,90,90,180,1.0,125,69
870,310,550,200,400,600,2.0,170,310,480,1.8235,160,290,450,1.8125,140,180,320,1.2857,110,130,240,1.1818,100,110,210,1.1,125,69
890,250,580,270,430,700,1.5926,160,220,380,1.375,150,180,330,1.2,120,140,260,1.1667,110,110,220,1.0,90,100,190,1.1111,125,69
890,260,630,180,600,780,3.3333,160,370,530,2.3125,150,250,400,1.6667,130,160,290,1.2308,110,120,230,1.0909,90,100,190,1.1111,125,69
870,260,610,190,440,630,2.3158,170,280,450,1.6471,150,200,350,1.3333,140,140,280,1.0,110,110,220,1.0,100,90,190,0.9,126,69
870,260,640,180,650,830,3.6111,160,370,530,2.3125,150,260,410,1.7333,130,160,290,1.2308,110,120,230,1.0909,90,100,190,1.1111,126,70
890,230,670,200,410,610,2.05,160,300,460,1.875,150,290,440,1.9333,130,180,310,1.3846,110,140,250,1.2727,90,110,200,1.2222,126,70
870,220,610,240,470,710,1.9583,240,350,590,1.4583,180,290,470,1.6111,160,180,340,1.125,130,130,260,1.0,120,110,230,0.91667,126,70
890,260,560,180,420,600,2.3333,150,250,400,1.6667,140,200,340,1.4286,130,150,280,1.1538,100,110,210,1.1,90,100,190,1.1111,126,70
890,210,610,190,470,660,2.4737,160,340,500,2.125,140,220,360,1.5714,120,150,270,1.25,100,110,210,1.1,90,100,190,1.1111,125,69
880,280,580,180,450,630,2.5,160,260,420,1.625,150,180,330,1.2,120,130,250,1.0833,100,100,200,1.0,80,90,170,1.125,125,69
880,190,570,210,430,640,2.0476,210,310,520,1.4762,190,240,430,1.2632,150,170,320,1.1333,110,130,240,1.1818,110,110,220,1.0,125,69
880,310,570,180,540,720,3.0,150,340,490,2.2667,140,210,350,1.5,110,150,260,1.3636,100,120,220,1.2,90,100,190,1.1111,124,69
890,290,620,180,480,660,2.6667,150,320,470,2.1333,140,210,350,1.5,120,150,270,1.25,110,110,220,1.0,90,90,180,1.0,123,69
870,270,580,200,440,640,2.2,170,260,430,1.5294,150,190,340,1.2667,130,140,270,1.0769,110,100,210,0.90909,100,80,180,0.8,123,68
870,290,530,190,540,730,2.8421,160,420,580,2.625,150,330,480,2.2,130,160,290,1.2308,110,120,230,1.0909,100,100,200,1.0,124,69
880,180,610,200,440,640,2.2,200,270,470,1.35,160,220,380,1.375,130,170,300,1.3077,110,130,240,1.1818,90,110,200,1.2222,124,69
880,270,580,180,550,730,3.0556,140,310,450,2.2143,130,220,350,1.6923,120,160,280,1.3333,100,120,220,1.2,60,100,160,1.6667,124,69
880,230,600,180,460,640,2.5556,150,280,430,1.8667,140,200,340,1.4286,120,150,270,1.25,100,120,220,1.2,90,100,190,1.1111,122,69
880,280,580,180,490,670,2.7222,150,270,420,1.8,150,200,350,1.3333,120,150,270,1.25,110,120,230,1.0909,100,100,200,1.0,122,69
860,300,540,190,550,740,2.8947,160,430,590,2.6875,150,350,500,2.3333,140,170,310,1.2143,120,120,240,1.0,110,100,210,0.90909,123,69
880,170,600,190,440,630,2.3158,190,280,470,1.4737,190,220,410,1.1579,140,170,310,1.2143,110,130,240,1.1818,90,110,200,1.2222,122,69
880,280,610,180,620,800,3.4444,140,410,550,2.9286,140,280,420,2.0,120,160,280,1.3333,90,120,210,1.3333,90,100,190,1.1111,122,69
870,260,590,170,510,680,3.0,150,350,500,2.3333,140,230,370,1.6429,110,160,270,1.4545,100,120,220,1.2,80,110,190,1.375,122,69
880,280,580,180,400,580,2.2222,150,210,360,1.4,140,180,320,1.2857,120,140,260,1.1667,110,110,220,1.0,90,90,180,1.0,122,69
870,300,540,180,550,730,3.0556,160,400,560,2.5,150,330,480,2.2,140,180,320,1.2857,110,130,240,1.1818,100,110,210,1.1,123,69
880,180,590,200,440,640,2.2,200,280,480,1.4,200,220,420,1.1,140,160,300,1.1429,110,130,240,1.1818,100,110,210,1.1,123,70
870,290,600,190,610,800,3.2105,150,410,560,2.7333,150,280,430,1.8667,120,160,280,1.3333,110,120,230,1.0909,100,100,200,1.0,123,69
870,260,590,170,460,630,2.7059,150,270,420,1.8,140,200,340,1.4286,120,150,270,1.25,100,120,220,1.2,80,100,180,1.25,123,69
870,280,560,210,400,610,1.9048,160,200,360,1.25,150,180,330,1.2,130,150,280,1.1538,110,120,230,1.0909,100,100,200,1.0,124,70
860,310,530,190,540,730,2.8421,160,360,520,2.25,150,280,430,1.8667,130,160,290,1.2308,110,120,230,1.0909,100,100,200,1.0,125,70
870,290,590,180,600,780,3.3333,150,420,570,2.8,140,320,460,2.2857,120,160,280,1.3333,100,120,220,1.2,90,100,190,1.1111,125,70
880,300,590,170,460,630,2.7059,150,300,450,2.0,140,210,350,1.5,120,150,270,1.25,100,120,220,1.2,80,100,180,1.25,125,70
870,300,660,190,670,860,3.5263,150,390,540,2.6,150,310,460,2.0667,130,180,310,1.3846,110,130,240,1.1818,100,110,210,1.1,127,71
860,210,620,230,510,740,2.2174,190,420,610,2.2105,170,350,520,2.0588,140,200,340,1.4286,120,140,260,1.1667,100,120,220,1.2,127,71
870,300,590,190,600,790,3.1579,150,430,580,2.8667,140,300,440,2.1429,120,160,280,1.3333,100,120,220,1.2,90,90,180,1.0,126,71
880,260,600,170,490,660,2.8824,140,340,480,2.4286,130,220,350,1.6923,110,160,270,1.4545,100,120,220,1.2,80,110,190,1.375,126,71
890,280,560,180,410,590,2.2778,140,260,400,1.8571,130,240,370,1.8462,120,170,290,1.4167,100,130,230,1.3,90,110,200,1.2222,126,71
870,330,520,180,530,710,2.9444,150,360,510,2.4,150,280,430,1.8667,130,160,290,1.2308,100,120,220,1.2,100,100,200,1.0,127,71
880,240,580,260,440,700,1.6923,150,230,380,1.5333,140,190,330,1.3571,120,160,280,1.3333,100,120,220,1.2,80,100,180,1.25,125,71
870,290,550,180,400,580,2.2222,150,310,460,2.0667,140,260,400,1.8571,120,160,280,1.3333,100,120,220,1.2,90,100,190,1.1111,125,71
880,320,540,170,490,660,2.8824,150,330,480,2.2,140,250,390,1.7857,130,160,290,1.2308,100,130,230,1.3,100,100,200,1.0,126,71
880,260,580,250,470,720,1.88,150,270,420,1.8,150,200,350,1.3333,120,150,270,1.25,100,120,220,1.2,90,100,190,1.1111,125,71
870,300,590,180,600,780,3.3333,150,450,600,3.0,140,360,500,2.5714,120,160,280,1.3333,110,110,220,1.0,90,100,190,1.1111,125,71
870,280,600,180,560,740,3.1111,150,400,550,2.6667,140,310,450,2.2143,120,170,290,1.4167,100,130,230,1.3,100,110,210,1.1,125,71
870,270,580,170,470,640,2.7647,150,300,450,2.0,140,210,350,1.5,120,150,270,1.25,100,120,220,1.2,90,100,190,1.1111,125,70
870,290,570,160,420,580,2.625,150,350,500,2.3333,140,280,420,2.0,130,170,300,1.3077,100,130,230,1.3,90,100,190,1.1111,125,71
880,300,600,180,420,600,2.3333,150,260,410,1.7333,150,210,360,1.4,120,150,270,1.25,110,110,220,1.0,90,100,190,1.1111,125,71
870,280,630,300,470,770,1.5667,210,340,550,1.619,180,280,460,1.5556,150,180,330,1.2,120,130,250,1.0833,120,110,230,0.91667,126,71
880,240,610,230,620,850,2.6957,180,440,620,2.4444,160,320,480,2.0,140,180,320,1.2857,110,130,240,1.1818,100,110,210,1.1,125,71
860,270,640,180,650,830,3.6111,160,410,570,2.5625,150,280,430,1.8667,130,150,280,1.1538,110,120,230,1.0909,100,100,200,1.0,125,71
880,220,660,180,510,690,2.8333,150,350,500,2.3333,140,260,400,1.8571,120,170,290,1.4167,100,130,230,1.3,90,110,200,1.2222,125,71
860,220,640,180,440,620,2.4444,160,300,460,1.875,150,220,370,1.4667,130,150,280,1.1538,110,120,230,1.0909,100,100,200,1.0,125,71
890,220,670,170,490,660,2.8824,150,340,490,2.2667,140,260,400,1.8571,120,170,290,1.4167,100,130,230,1.3,90,110,200,1.2222,126,71
870,220,550,180,430,610,2.3889,150,300,450,2.0,150,230,380,1.5333,130,150,280,1.1538,110,120,230,1.0909,100,100,200,1.0,127,71
870,270,600,200,610,810,3.05,180,430,610,2.3889,160,340,500,2.125,140,170,310,1.2143,110,120,230,1.0909,100,120,220,1.2,126,71
870,270,570,180,530,710,2.9444,160,370,530,2.3125,140,270,410,1.9286,130,160,290,1.2308,100,120,220,1.2,100,100,200,1.0,126,71
870,300,610,190,470,660,2.4737,160,320,480,2.0,150,250,400,1.6667,120,170,290,1.4167,110,140,250,1.2727,90,100,190,1.1111,126,71
900,260,630,170,420,590,2.4706,150,270,420,1.8,140,210,350,1.5,110,150,260,1.3636,100,120,220,1.2,90,110,200,1.2222,126,70
860,270,540,190,550,740,2.8947,170,400,570,2.3529,160,330,490,2.0625,140,170,310,1.2143,120,120,240,1.0,110,90,200,0.81818,127,71
870,320,660,180,440,620,2.4444,160,310,470,1.9375,150,240,390,1.6,130,160,290,1.2308,120,120,240,1.0,100,100,200,1.0,128,71
880,210,600,230,440,670,1.913,230,310,540,1.3478,190,250,440,1.3158,140,170,310,1.2143,120,130,250,1.0833,110,110,220,1.0,127,71
880,280,640,180,510,690,2.8333,150,330,480,2.2,140,240,380,1.7143,120,160,280,1.3333,100,130,230,1.3,90,100,190,1.1111,126,70
880,240,630,180,470,650,2.6111,160,330,490,2.0625,150,250,400,1.6667,130,170,300,1.3077,110,120,230,1.0909,100,100,200,1.0,126,70
880,250,580,170,470,640,2.7647,150,310,460,2.0667,140,240,380,1.7143,130,160,290,1.2308,100,120,220,1.2,90,110,200,1.2222,126,70
880,300,560,180,490,670,2.7222,160,390,550,2.4375,150,320,470,2.1333,130,180,310,1.3846,110,130,240,1.1818,90,110,200,1.2222,127,70
870,320,670,190,410,600,2.1579,170,300,470,1.7647,160,250,410,1.5625,140,150,290,1.0714,120,120,240,1.0,110,90,200,0.81818,128,71
890,200,590,220,420,640,1.9091,220,290,510,1.3182,190,220,410,1.1579,150,170,320,1.1333,130,130,260,1.0,110,100,210,0.90909,127,71
870,270,650,180,540,720,3.0,160,370,530,2.3125,150,260,410,1.7333,130,160,290,1.2308,110,120,230,1.0909,100,100,200,1.0,127,71
890,220,670,180,530,710,2.9444,150,390,540,2.6,140,320,460,2.2857,130,210,340,1.6154,100,160,260,1.6,80,110,190,1.375,127,70
890,220,600,180,610,790,3.3889,160,370,530,2.3125,150,290,440,1.9333,130,170,300,1.3077,110,130,240,1.1818,100,100,200,1.0,127,71
870,290,660,190,450,640,2.3684,170,400,570,2.3529,150,320,470,2.1333,140,190,330,1.3571,120,120,240,1.0,100,110,210,1.1,128,71
860,210,680,180,450,630,2.5,160,320,480,2.0,150,270,420,1.8,130,170,300,1.3077,110,130,240,1.1818,90,110,200,1.2222,129,71
890,180,630,200,460,660,2.3,200,310,510,1.55,200,240,440,1.2,140,180,320,1.2857,120,140,260,1.1667,100,110,210,1.1,128,71
880,270,600,180,530,710,2.9444,160,330,490,2.0625,150,240,390,1.6,130,150,280,1.1538,110,110,220,1.0,100,90,190,0.9,128,71
880,280,610,180,470,650,2.6111,160,320,480,2.0,150,250,400,1.6667,130,160,290,1.2308,110,130,240,1.1818,90,100,190,1.1111,128,71
880,270,580,180,560,740,3.1111,160,350,510,2.1875,140,250,390,1.7857,130,160,290,1.2308,110,120,230,1.0909,90,100,190,1.1111,128,71
870,300,520,210,410,620,1.9524,170,380,550,2.2353,160,320,480,2.0,140,180,320,1.2857,130,130,260,1.0,110,100,210,0.90909,129,71
880,220,580,240,440,680,1.8333,170,270,440,1.5882,150,210,360,1.4,130,160,290,1.2308,100,120,220,1.2,90,100,190,1.1111,128,71
860,230,590,190,500,690,2.6316,160,380,540,2.375,160,330,490,2.0625,140,200,340,1.4286,120,140,260,1.1667,110,120,230,1.0909,128,70
880,270,560,180,570,750,3.1667,160,390,550,2.4375,150,250,400,1.6667,130,160,290,1.2308,110,120,230,1.0909,100,100,200,1.0,128,71
870,320,570,190,410,600,2.1579,170,360,530,2.1176,160,300,460,1.875,140,180,320,1.2857,110,130,240,1.1818,100,110,210,1.1,128,71
870,200,580,180,450,630,2.5,150,310,460,2.0667,140,220,360,1.5714,130,160,290,1.2308,110,120,230,1.0909,90,100,190,1.1111,127,71
890,290,610,210,620,830,2.9524,170,440,610,2.5882,160,350,510,2.1875,130,170,300,1.3077,110,130,240,1.1818,100,110,210,1.1,127,71
870,280,640,190,530,720,2.7895,170,360,530,2.1176,150,260,410,1.7333,140,160,300,1.1429,110,120,230,1.0909,100,100,200,1.0,127,70
910,230,640,230,480,710,2.087,170,340,510,2.0,150,270,420,1.8,120,180,300,1.5,110,140,250,1.2727,90,130,220,1.4444,127,70
880,220,670,180,440,620,2.4444,160,350,510,2.1875,150,290,440,1.9333,130,180,310,1.3846,110,130,240,1.1818,100,110,210,1.1,129,71
870,210,620,230,470,700,2.0435,230,350,580,1.5217,190,300,490,1.5789,150,200,350,1.3333,130,140,270,1.0769,110,120,230,1.0909,129,71
880,250,610,170,470,640,2.7647,150,290,440,1.9333,140,220,360,1.5714,120,160,280,1.3333,100,140,240,1.4,90,100,190,1.1111,129,71
880,270,630,200,640,840,3.2,160,440,600,2.75,150,330,480,2.2,130,170,300,1.3077,110,130,240,1.1818,90,110,200,1.2222,128,71
880,250,610,170,490,660,2.8824,160,320,480,2.0,140,240,380,1.7143,120,160,280,1.3333,110,120,230,1.0909,90,100,190,1.1111,128,71
880,270,610,190,470,660,2.4737,160,340,500,2.125,150,270,420,1.8,130,180,310,1.3846,110,130,240,1.1818,100,120,220,1.2,128,71
880,270,660,190,670,860,3.5263,160,420,580,2.625,150,340,490,2.2667,130,170,300,1.3077,120,130,250,1.0833,100,100,200,1.0,129,71
850,220,660,200,410,610,2.05,170,360,530,2.1176,170,290,460,1.7059,140,170,310,1.2143,120,130,250,1.0833,110,100,210,0.90909,130,71
890,190,610,210,470,680,2.2381,210,340,550,1.619,170,280,450,1.6471,130,190,320,1.4615,120,150,270,1.25,90,130,220,1.4444,129,71
870,280,560,180,540,720,3.0,160,240,400,1.5,150,200,350,1.3333,130,140,270,1.0769,110,110,220,1.0,100,90,190,0.9,129,71
860,260,630,180,490,670,2.7222,170,330,500,1.9412,150,250,400,1.6667,130,150,280,1.1538,110,110,220,1.0,100,90,190,0.9,129,71
890,230,640,190,460,650,2.4211,150,290,440,1.9333,150,230,380,1.5333,120,160,280,1.3333,100,130,230,1.3,90,110,200,1.2222,129,71
870,250,580,190,590,780,3.1053,160,380,540,2.375,160,320,480,2.0,130,180,310,1.3846,120,130,250,1.0833,100,100,200,1.0,129,71
860,290,560,190,420,610,2.2105,170,350,520,2.0588,160,280,440,1.75,140,170,310,1.2143,110,130,240,1.1818,110,100,210,0.90909,130,72
870,240,600,180,540,720,3.0,150,340,490,2.2667,130,240,370,1.8462,130,160,290,1.2308,100,120,220,1.2,90,100,190,1.1111,129,71
880,280,610,180,490,670,2.7222,160,320,480,2.0,150,240,390,1.6,140,150,290,1.0714,110,110,220,1.0,100,90,190,0.9,129,71
890,270,630,290,460,750,1.5862,170,290,460,1.7059,170,220,390,1.2941,140,160,300,1.1429,120,130,250,1.0833,110,110,220,1.0,129,71
870,260,650,190,660,850,3.4737,170,420,590,2.4706,160,340,500,2.125,140,180,320,1.2857,120,120,240,1.0,110,100,210,0.90909,130,71
850,220,660,190,420,610,2.2105,170,330,500,1.9412,160,280,440,1.75,130,160,290,1.2308,120,130,250,1.0833,100,100,200,1.0,130,72
890,190,620,210,450,660,2.1429,210,300,510,1.4286,170,240,410,1.4118,140,170,310,1.2143,110,130,240,1.1818,100,110,210,1.1,130,72
880,270,630,180,580,760,3.2222,150,390,540,2.6,140,270,410,1.9286,120,150,270,1.25,110,110,220,1.0,90,100,190,1.1111,129,71
870,270,650,190,550,740,2.8947,160,290,450,1.8125,150,230,380,1.5333,130,150,280,1.1538,110,110,220,1.0,100,100,200,1.0,129,71
890,220,570,180,420,600,2.3333,150,240,390,1.6,140,190,330,1.3571,130,150,280,1.1538,110,120,230,1.0909,100,100,200,1.0,129,71
870,320,660,190,670,860,3.5263,170,360,530,2.1176,150,290,440,1.9333,140,160,300,1.1429,120,120,240,1.0,110,100,210,0.90909,130,71
870,210,680,230,460,690,2.0,190,420,610,2.2105,170,360,530,2.1176,140,200,340,1.4286,120,150,270,1.25,100,120,220,1.2,130,72
880,190,600,210,430,640,2.0476,210,260,470,1.2381,180,210,390,1.1667,140,160,300,1.1429,120,130,250,1.0833,100,100,200,1.0,130,72
890,280,640,180,550,730,3.0556,150,360,510,2.4,140,260,400,1.8571,120,170,290,1.4167,90,120,210,1.3333,90,110,200,1.2222,129,71
890,220,660,180,400,580,2.2222,150,240,390,1.6,150,200,350,1.3333,130,150,280,1.1538,110,110,220,1.0,100,100,200,1.0,129,71
870,230,620,190,410,600,2.1579,160,230,390,1.4375,150,170,320,1.1333,140,130,270,0.92857,110,110,220,1.0,110,100,210,0.90909,129,71
880,250,670,180,480,660,2.6667,160,340,500,2.125,150,290,440,1.9333,140,180,320,1.2857,110,130,240,1.1818,100,110,210,1.1,130,71
870,210,390,230,390,620,1.6957,180,390,570,2.1667,170,360,530,2.1176,140,220,360,1.5714,120,150,270,1.25,100,120,220,1.2,130,71
870,240,610,170,620,790,3.6471,150,370,520,2.4667,140,250,390,1.7857,130,150,280,1.1538,110,120,230,1.0909,90,90,180,1.0,129,71
880,260,640,180,470,650,2.6111,160,290,450,1.8125,150,220,370,1.4667,140,150,290,1.0714,110,110,220,1.0,100,90,190,0.9,129,71
870,240,660,180,430,610,2.3889,160,250,410,1.5625,150,180,330,1.2,130,130,260,1.0,110,120,230,1.0909,90,100,190,1.1111,130,71
880,210,570,170,460,630,2.7059,160,330,490,2.0625,150,260,410,1.7333,130,170,300,1.3077,100,130,230,1.3,90,110,200,1.2222,130,71
880,240,610,190,420,610,2.2105,160,290,450,1.8125,150,220,370,1.4667,130,150,280,1.1538,110,120,230,1.0909,100,90,190,0.9,129,71
870,270,620,190,600,790,3.1579,160,340,500,2.125,160,250,410,1.5625,130,150,280,1.1538,120,110,230,0.91667,100,100,200,1.0,129,71
880,230,640,180,460,640,2.5556,150,300,450,2.0,150,230,380,1.5333,130,150,280,1.1538,110,120,230,1.0909,90,100,190,1.1111,129,71
890,240,650,190,440,630,2.3158,160,270,430,1.6875,150,190,340,1.2667,130,150,280,1.1538,110,120,230,1.0909,100,100,200,1.0,129,71
880,240,670,200,680,880,3.4,160,330,490,2.0625,160,250,410,1.5625,140,160,300,1.1429,120,120,240,1.0,110,100,210,0.90909,130,72
860,210,630,230,470,700,2.0435,230,400,630,1.7391,230,340,570,1.4783,160,220,380,1.375,130,150,280,1.1538,120,120,240,1.0,130,72
880,230,630,170,440,610,2.5882,140,270,410,1.9286,140,210,350,1.5,120,160,280,1.3333,100,120,220,1.2,90,110,200,1.2222,130,72
890,250,650,180,570,750,3.1667,150,380,530,2.5333,140,290,430,2.0714,120,180,300,1.5,100,130,230,1.3,90,110,200,1.2222,129,72
880,270,590,190,460,650,2.4211,160,310,470,1.9375,160,240,400,1.5,130,150,280,1.1538,110,110,220,1.0,100,100,200,1.0,129,71
870,290,640,200,390,590,1.95,170,230,400,1.3529,150,190,340,1.2667,140,130,270,0.92857,110,110,220,1.0,110,110,220,1.0,130,72
880,230,680,180,450,630,2.5,160,320,480,2.0,150,260,410,1.7333,130,160,290,1.2308,110,120,230,1.0909,100,110,210,1.1,131,72
890,200,640,220,440,660,2.0,220,290,510,1.3182,180,240,420,1.3333,140,180,320,1.2857,130,130,260,1.0,100,110,210,1.1,131,72
870,250,630,180,640,820,3.5556,150,380,530,2.5333,150,280,430,1.8667,130,160,290,1.2308,110,120,230,1.0909,100,100,200,1.0,130,72
890,240,630,180,590,770,3.2778,150,380,530,2.5333,140,280,420,2.0,120,160,280,1.3333,100,120,220,1.2,100,100,200,1.0,130,72
890,250,660,190,510,700,2.6842,150,310,460,2.0667,150,250,400,1.6667,120,160,280,1.3333,110,120,230,1.0909,100,100,200,1.0,130,72
860,230,660,190,400,590,2.1053,170,260,430,1.5294,160,190,350,1.1875,140,130,270,0.92857,120,100,220,0.8333299999999999,100,90,190,0.9,130,72
890,200,690,170,450,620,2.6471,140,330,470,2.3571,140,280,420,2.0,120,180,300,1.5,100,140,240,1.4,90,120,210,1.3333,131,72
880,200,610,220,420,640,1.9091,220,300,520,1.3636,190,230,420,1.2105,150,170,320,1.1333,120,130,250,1.0833,110,110,220,1.0,130,72
880,270,630,180,640,820,3.5556,160,390,550,2.4375,150,280,430,1.8667,120,160,280,1.3333,110,120,230,1.0909,100,110,210,1.1,130,72
860,250,650,190,520,710,2.7368,160,320,480,2.0,150,250,400,1.6667,130,150,280,1.1538,110,110,220,1.0,100,100,200,1.0,129,72
880,210,590,200,600,800,3.0,170,450,620,2.6471,150,360,510,2.4,130,200,330,1.5385,100,140,240,1.4,100,120,220,1.2,129,72
880,290,600,180,490,670,2.7222,160,310,470,1.9375,150,240,390,1.6,130,160,290,1.2308,110,130,240,1.1818,90,100,190,1.1111,130,72
870,280,650,200,400,600,2.0,170,250,420,1.4706,160,190,350,1.1875,130,130,260,1.0,120,110,230,0.91667,100,100,200,1.0,130,72
850,220,660,190,440,630,2.3158,160,300,460,1.875,160,240,400,1.5,130,160,290,1.2308,120,120,240,1.0,100,100,200,1.0,131,72
880,190,620,210,380,590,1.8095,210,270,480,1.2857,160,220,380,1.375,130,160,290,1.2308,110,130,240,1.1818,90,120,210,1.3333,130,72
870,260,610,180,570,750,3.1667,160,400,560,2.5,140,300,440,2.1429,130,170,300,1.3077,110,120,230,1.0909,100,100,200,1.0,130,72
880,260,640,180,510,690,2.8333,160,330,490,2.0625,140,260,400,1.8571,130,170,300,1.3077,110,120,230,1.0909,90,100,190,1.1111,130,72
860,240,650,180,660,840,3.6667,160,430,590,2.6875,160,340,500,2.125,140,180,320,1.2857,120,130,250,1.0833,100,100,200,1.0,130,72
890,210,600,170,610,780,3.5882,150,320,470,2.1333,140,250,390,1.7857,120,160,280,1.3333,100,130,230,1.3,90,110,200,1.2222,130,72
870,290,660,210,390,600,1.8571,170,250,420,1.4706,160,180,340,1.125,140,150,290,1.0714,120,130,250,1.0833,110,110,220,1.0,131,72
880,210,680,230,510,740,2.2174,170,390,560,2.2941,160,320,480,2.0,140,200,340,1.4286,110,140,250,1.2727,100,120,220,1.2,131,73
870,200,620,220,380,600,1.7273,180,230,410,1.2778,160,200,360,1.25,140,150,290,1.0714,110,120,230,1.0909,110,100,210,0.90909,131,73
880,250,660,180,670,850,3.7222,150,400,550,2.6667,140,300,440,2.1429,120,170,290,1.4167,100,130,230,1.3,90,110,200,1.2222,130,72
880,220,670,180,530,710,2.9444,160,310,470,1.9375,140,250,390,1.7857,130,150,280,1.1538,100,120,220,1.2,90,90,180,1.0,130,72
880,210,580,170,590,760,3.4706,160,400,560,2.5,150,320,470,2.1333,140,180,320,1.2857,120,120,240,1.0,100,110,210,1.1,131,72
880,210,460,180,320,500,1.7778,150,220,370,1.4667,140,190,330,1.3571,120,150,270,1.25,100,120,220,1.2,90,100,190,1.1111,131,73
870,240,660,190,510,700,2.6842,160,320,480,2.0,150,240,390,1.6,130,160,290,1.2308,110,120,230,1.0909,100,100,200,1.0,130,72
880,210,640,170,570,740,3.3529,140,380,520,2.7143,140,300,440,2.1429,120,170,290,1.4167,100,130,230,1.3,90,110,200,1.2222,130,72
900,240,650,170,660,830,3.8824,150,360,510,2.4,140,270,410,1.9286,130,170,300,1.3077,110,120,230,1.0909,90,110,200,1.2222,131,72
870,250,650,230,330,560,1.4348,190,240,430,1.2632,170,200,370,1.1765,160,160,320,1.0,130,140,270,1.0769,120,110,230,0.91667,131,72
870,220,630,240,510,750,2.125,240,400,640,1.6667,190,350,540,1.8421,160,230,390,1.4375,140,140,280,1.0,120,120,240,1.0,131,72
870,240,450,170,360,530,2.1176,150,230,380,1.5333,140,200,340,1.4286,130,140,270,1.0769,110,120,230,1.0909,90,90,180,1.0,131,72
890,220,660,170,570,740,3.3529,150,360,510,2.4,140,280,420,2.0,130,170,300,1.3077,100,130,230,1.3,90,100,190,1.1111,130,72
880,230,620,170,550,720,3.2353,150,380,530,2.5333,140,290,430,2.0714,130,170,300,1.3077,120,120,240,1.0,100,100,200,1.0,130,72
870,260,650,180,660,840,3.6667,160,430,590,2.6875,150,300,450,2.0,140,160,300,1.1429,110,120,230,1.0909,100,100,200,1.0,130,72
880,220,680,240,400,640,1.6667,170,250,420,1.4706,160,200,360,1.25,130,170,300,1.3077,120,140,260,1.1667,100,110,210,1.1,131,72
880,200,640,220,480,700,2.1818,220,370,590,1.6818,180,310,490,1.7222,150,210,360,1.4,120,150,270,1.25,110,130,240,1.1818,131,72
880,240,450,170,460,630,2.7059,150,270,420,1.8,140,210,350,1.5,130,150,280,1.1538,100,120,220,1.2,80,100,180,1.25,131,72
880,270,630,180,520,700,2.8889,160,330,490,2.0625,150,250,400,1.6667,140,170,310,1.2143,120,120,240,1.0,100,90,190,0.9,130,72
890,250,640,170,480,650,2.8235,150,290,440,1.9333,140,220,360,1.5714,130,150,280,1.1538,110,120,230,1.0909,100,100,200,1.0,130,72
860,250,640,190,650,840,3.4211,170,440,610,2.5882,160,350,510,2.1875,150,190,340,1.2667,120,120,240,1.0,100,110,210,1.1,131,72
880,220,680,240,420,660,1.75,160,270,430,1.6875,160,210,370,1.3125,130,170,300,1.3077,120,140,260,1.1667,100,120,220,1.2,131,73
880,200,620,220,460,680,2.0909,220,300,520,1.3636,170,220,390,1.2941,150,160,310,1.0667,120,130,250,1.0833,120,100,220,0.8333299999999999,131,73
870,260,420,180,430,610,2.3889,160,330,490,2.0625,140,250,390,1.7857,130,150,280,1.1538,110,110,220,1.0,90,100,190,1.1111,130,72
870,180,620,180,340,520,1.8889,150,220,370,1.4667,140,190,330,1.3571,110,150,260,1.3636,100,120,220,1.2,90,100,190,1.1111,130,72
880,250,590,160,600,760,3.75,140,250,390,1.7857,130,190,320,1.4615,120,150,270,1.25,100,120,220,1.2,90,100,190,1.1111,131,72
890,290,680,170,530,700,3.1176,140,370,510,2.6429,130,310,440,2.3846,120,180,300,1.5,100,140,240,1.4,90,120,210,1.3333,131,72
880,210,700,230,420,650,1.8261,190,270,460,1.4211,170,200,370,1.1765,140,150,290,1.0714,120,130,250,1.0833,100,120,220,1.2,132,73
900,180,630,200,430,630,2.15,200,290,490,1.45,200,240,440,1.2,150,170,320,1.1333,120,130,250,1.0833,100,120,220,1.2,132,73
880,270,390,180,400,580,2.2222,160,400,560,2.5,150,300,450,2.0,130,170,300,1.3077,110,120,230,1.0909,100,100,200,1.0,131,73
870,250,690,190,560,750,2.9474,170,360,530,2.1176,150,280,430,1.8667,130,160,290,1.2308,110,120,230,1.0909,100,100,200,1.0,131,72
890,180,580,160,470,630,2.9375,150,280,430,1.8667,140,230,370,1.6429,120,160,280,1.3333,100,130,230,1.3,90,100,190,1.1111,131,72
880,310,600,190,550,740,2.8947,170,360,530,2.1176,160,270,430,1.6875,130,170,300,1.3077,120,130,250,1.0833,100,100,200,1.0,131,72
860,280,640,300,480,780,1.6,180,330,510,1.8333,170,240,410,1.4118,140,150,290,1.0714,130,110,240,0.84615,110,90,200,0.81818,132,73
890,230,700,170,670,840,3.9412,150,390,540,2.6,130,290,420,2.2308,120,180,300,1.5,100,130,230,1.3,90,110,200,1.2222,130,72
890,190,600,170,610,780,3.5882,150,330,480,2.2,140,240,380,1.7143,130,160,290,1.2308,110,120,230,1.0909,90,100,190,1.1111,131,72
880,290,660,180,630,810,3.5,170,360,530,2.1176,160,310,470,1.9375,140,170,310,1.2143,120,120,240,1.0,100,100,200,1.0,131,72
860,220,620,240,490,730,2.0417,240,390,630,1.625,210,320,530,1.5238,160,180,340,1.125,140,110,250,0.78571,120,80,200,0.66667,131,72
890,240,620,260,450,710,1.7308,160,270,430,1.6875,150,210,360,1.4,120,160,280,1.3333,100,130,230,1.3,90,100,190,1.1111,131,72
880,210,570,180,580,760,3.2222,160,410,570,2.5625,150,310,460,2.0667,130,170,300,1.3077,120,120,240,1.0,100,100,200,1.0,131,72
880,310,670,190,480,670,2.5263,170,340,510,2.0,150,280,430,1.8667,130,170,300,1.3077,120,130,250,1.0833,100,100,200,1.0,132,73
870,210,630,230,470,700,2.0435,230,350,580,1.5217,230,300,530,1.3043,170,180,350,1.0588,130,120,250,0.92308,120,90,210,0.75,131,73
890,240,580,170,470,640,2.7647,150,280,430,1.8667,140,210,350,1.5,120,160,280,1.3333,100,130,230,1.3,80,100,180,1.25,131,73
870,290,610,190,550,740,2.8947,170,340,510,2.0,160,260,420,1.625,150,160,310,1.0667,120,120,240,1.0,100,90,190,0.9,131,73
880,260,670,200,590,790,2.95,160,420,580,2.625,150,300,450,2.0,130,180,310,1.3846,110,130,240,1.1818,100,110,210,1.1,132,73
880,210,670,180,680,860,3.7778,160,450,610,2.8125,150,340,490,2.2667,140,180,320,1.2857,110,130,240,1.1818,100,110,210,1.1,132,74
880,210,660,180,440,620,2.4444,160,290,450,1.8125,150,230,380,1.5333,140,160,300,1.1429,110,130,240,1.1818,90,110,200,1.2222,132,74
880,220,640,240,440,680,1.8333,240,320,560,1.3333,210,250,460,1.1905,160,170,330,1.0625,130,120,250,0.92308,110,90,200,0.81818,132,74
880,240,600,170,560,730,3.2941,140,330,470,2.3571,140,240,380,1.7143,120,160,280,1.3333,100,130,230,1.3,90,100,190,1.1111,131,73
880,280,630,190,480,670,2.5263,160,300,460,1.875,150,230,380,1.5333,140,150,290,1.0714,110,110,220,1.0,100,100,200,1.0,131,73
890,250,650,270,600,870,2.2222,170,400,570,2.3529,160,310,470,1.9375,130,190,320,1.4615,110,130,240,1.1818,100,110,210,1.1,131,73
870,240,650,190,660,850,3.4737,170,400,570,2.3529,160,330,490,2.0625,140,180,320,1.2857,120,120,240,1.0,110,100,210,0.90909,132,73
870,220,670,180,440,620,2.4444,150,310,460,2.0667,150,250,400,1.6667,130,160,290,1.2308,110,130,240,1.1818,100,110,210,1.1,132,74
870,200,610,220,410,630,1.8636,220,280,500,1.2727,170,230,400,1.3529,140,160,300,1.1429,120,110,230,0.91667,100,100,200,1.0,132,74
890,260,640,180,480,660,2.6667,140,270,410,1.9286,130,210,340,1.6154,120,160,280,1.3333,90,130,220,1.4444,90,100,190,1.1111,132,74
880,230,660,180,470,650,2.6111,150,300,450,2.0,140,230,370,1.6429,130,150,280,1.1538,90,120,210,1.3333,90,100,190,1.1111,131,73
890,220,650,170,540,710,3.1765,160,330,490,2.0625,140,250,390,1.7857,130,170,300,1.3077,110,130,240,1.1818,90,100,190,1.1111,131,73
870,240,650,190,660,850,3.4737,170,400,570,2.3529,160,320,480,2.0,140,170,310,1.2143,120,120,240,1.0,110,100,210,0.90909,132,73
870,220,680,180,440,620,2.4444,160,330,490,2.0625,150,270,420,1.8,140,170,310,1.2143,120,120,240,1.0,100,110,210,1.1,132,74
870,270,640,180,650,830,3.6111,160,440,600,2.75,150,310,460,2.0667,130,170,300,1.3077,110,120,230,1.0909,90,100,190,1.1111,131,73
880,230,660,170,530,700,3.1176,150,350,500,2.3333,140,270,410,1.9286,130,160,290,1.2308,110,130,240,1.1818,100,100,200,1.0,131,73
890,220,670,180,600,780,3.3333,160,400,560,2.5,130,290,420,2.2308,130,170,300,1.3077,110,130,240,1.1818,90,110,200,1.2222,132,73
880,220,670,190,670,860,3.5263,160,390,550,2.4375,150,320,470,2.1333,130,190,320,1.4615,110,130,240,1.1818,100,110,210,1.1,132,73
860,210,640,230,520,750,2.2609,180,390,570,2.1667,160,340,500,2.125,140,200,340,1.4286,110,140,250,1.2727,100,120,220,1.2,132,73
880,270,640,180,650,830,3.6111,150,410,560,2.7333,140,290,430,2.0714,130,160,290,1.2308,110,120,230,1.0909,100,100,200,1.0,131,73
880,220,670,180,490,670,2.7222,150,300,450,2.0,150,240,390,1.6,120,160,280,1.3333,100,120,220,1.2,100,100,200,1.0,130,72
880,210,640,180,580,760,3.2222,160,380,540,2.375,150,290,440,1.9333,130,170,300,1.3077,110,120,230,1.0909,100,110,210,1.1,131,72
870,240,660,180,520,700,2.8889,160,360,520,2.25,150,290,440,1.9333,140,180,320,1.2857,110,130,240,1.1818,100,110,210,1.1,131,72
860,210,670,230,530,760,2.3043,180,420,600,2.3333,170,370,540,2.1765,140,230,370,1.6429,120,150,270,1.25,100,120,220,1.2,131,72
900,190,630,160,430,590,2.6875,140,270,410,1.9286,120,210,330,1.75,110,160,270,1.4545,90,120,210,1.3333,70,110,180,1.5714,130,72
870,270,620,180,630,810,3.5,160,400,560,2.5,150,290,440,1.9333,130,170,300,1.3077,110,130,240,1.1818,90,100,190,1.1111,129,72
880,230,660,180,470,650,2.6111,160,310,470,1.9375,150,250,400,1.6667,120,160,280,1.3333,110,120,230,1.0909,100,100,200,1.0,129,71
880,220,660,180,590,770,3.2778,150,390,540,2.6,150,300,450,2.0,130,170,300,1.3077,110,130,240,1.1818,90,110,200,1.2222,130,72
880,220,670,190,480,670,2.5263,160,350,510,2.1875,160,280,440,1.75,140,170,310,1.2143,120,120,240,1.0,110,110,220,1.0,130,72
860,210,630,230,500,730,2.1739,230,380,610,1.6522,190,330,520,1.7368,150,220,370,1.4667,130,140,270,1.0769,110,120,230,1.0909,130,72
600,230,590,160,600,760,3.75,140,410,550,2.9286,130,290,420,2.2308,110,180,290,1.6364,90,130,220,1.4444,80,120,200,1.5,130,72
890,210,670,170,590,760,3.4706,150,430,580,2.8667,140,360,500,2.5714,120,170,290,1.4167,100,130,230,1.3,90,110,200,1.2222,129,71
880,220,650,180,460,640,2.5556,160,290,450,1.8125,150,250,400,1.6667,130,180,310,1.3846,120,140,260,1.1667,100,110,210,1.1,129,71
890,230,620,190,570,760,3.0,160,450,610,2.8125,150,370,520,2.4667,140,210,350,1.5,110,140,250,1.2727,110,110,220,1.0,131,72
880,270,660,200,440,640,2.2,170,290,460,1.7059,160,220,380,1.375,140,150,290,1.0714,130,110,240,0.84615,110,100,210,0.90909,131,72
840,220,640,240,470,710,1.9583,240,340,580,1.4167,200,290,490,1.45,160,200,360,1.25,140,140,280,1.0,120,110,230,0.91667,130,72
890,240,670,180,550,730,3.0556,150,370,520,2.4667,150,280,430,1.8667,130,170,300,1.3077,110,120,230,1.0909,100,110,210,1.1,130,72
870,220,660,180,540,720,3.0,170,370,540,2.1765,150,300,450,2.0,130,170,300,1.3077,120,120,240,1.0,100,100,200,1.0,130,72
890,210,640,180,500,680,2.7778,160,340,500,2.125,150,260,410,1.7333,120,170,290,1.4167,110,120,230,1.0909,90,110,200,1.2222,130,72
890,250,590,190,590,780,3.1053,170,430,600,2.5294,160,370,530,2.3125,140,190,330,1.3571,120,130,250,1.0833,110,100,210,0.90909,132,73
850,300,670,200,420,620,2.1,180,310,490,1.7222,170,270,440,1.5882,150,170,320,1.1333,130,120,250,0.92308,120,100,220,0.8333299999999999,132,73
880,180,630,200,490,690,2.45,200,350,550,1.75,180,270,450,1.5,140,190,330,1.3571,110,150,260,1.3636,100,120,220,1.2,131,73
900,230,630,170,540,710,3.1765,140,320,460,2.2857,140,240,380,1.7143,120,160,280,1.3333,100,120,220,1.2,90,100,190,1.1111,131,72
870,270,660,190,670,860,3.5263,160,410,570,2.5625,160,370,530,2.3125,130,180,310,1.3846,120,120,240,1.0,110,100,210,0.90909,132,73
910,210,650,190,500,690,2.6316,160,300,460,1.875,150,220,370,1.4667,130,150,280,1.1538,110,120,230,1.0909,100,100,200,1.0,132,73
850,260,590,210,510,720,2.4286,190,420,610,2.2105,180,360,540,2.0,150,230,380,1.5333,130,140,270,1.0769,110,110,220,1.0,132,73
870,230,620,170,530,700,3.1176,150,380,530,2.5333,130,250,380,1.9231,120,160,280,1.3333,100,130,230,1.3,90,100,190,1.1111,132,73
890,250,640,270,510,780,1.8889,150,380,530,2.5333,140,320,460,2.2857,120,190,310,1.5833,90,140,230,1.5556,90,130,220,1.4444,132,73
890,250,590,170,600,770,3.5294,150,410,560,2.7333,140,300,440,2.1429,130,180,310,1.3846,110,130,240,1.1818,90,110,200,1.2222,132,73
880,300,670,190,640,830,3.3684,170,410,580,2.4118,150,340,490,2.2667,140,190,330,1.3571,120,130,250,1.0833,110,110,220,1.0,132,73
850,210,640,230,490,720,2.1304,190,360,550,1.8947,170,300,470,1.7647,140,180,320,1.2857,130,130,260,1.0,110,110,220,1.0,133,73
890,210,630,230,450,680,1.9565,230,310,540,1.3478,190,260,450,1.3684,140,180,320,1.2857,110,140,250,1.2727,100,110,210,1.1,133,73
880,350,530,200,540,740,2.7,170,420,590,2.4706,170,370,540,2.1765,140,240,380,1.7143,120,140,260,1.1667,110,120,230,1.0909,134,74
890,290,660,270,510,780,1.8889,180,380,560,2.1111,160,300,460,1.875,150,180,330,1.2,130,120,250,0.92308,120,100,220,0.8333299999999999,134,74
890,230,660,190,600,790,3.1579,160,410,570,2.5625,150,310,460,2.0667,140,180,320,1.2857,110,120,230,1.0909,110,100,210,0.90909,134,74
880,230,600,190,460,650,2.4211,170,300,470,1.7647,160,230,390,1.4375,140,160,300,1.1429,120,110,230,0.91667,110,100,210,0.90909,134,74
890,280,650,190,530,720,2.7895,170,370,540,2.1765,160,290,450,1.8125,140,160,300,1.1429,120,120,240,1.0,110,100,210,0.90909,135,74
870,240,650,210,490,700,2.3333,180,440,620,2.4444,170,370,540,2.1765,150,210,360,1.4,130,130,260,1.0,110,110,220,1.0,135,74
870,220,640,240,490,730,2.0417,240,380,620,1.5833,190,330,520,1.7368,160,220,380,1.375,130,150,280,1.1538,120,130,250,1.0833,135,74
880,230,560,170,430,600,2.5294,150,270,420,1.8,140,210,350,1.5,120,150,270,1.25,110,120,230,1.0909,90,100,190,1.1111,134,74
850,270,620,290,490,780,1.6897,180,370,550,2.0556,160,300,460,1.875,140,180,320,1.2857,120,120,240,1.0,110,100,210,0.90909,134,74
910,230,530,170,410,580,2.4118,150,280,430,1.8667,130,180,310,1.3846,120,140,260,1.1667,100,110,210,1.1,90,90,180,1.0,134,74
870,240,630,170,510,680,3.0,150,350,500,2.3333,140,240,380,1.7143,120,160,280,1.3333,100,120,220,1.2,80,110,190,1.375,134,74
890,240,610,260,500,760,1.9231,160,370,530,2.3125,150,290,440,1.9333,130,190,320,1.4615,110,130,240,1.1818,100,110,210,1.1,134,74
840,310,660,200,480,680,2.4,180,360,540,2.0,160,310,470,1.9375,150,180,330,1.2,130,130,260,1.0,110,110,220,1.0,135,74
880,180,600,200,460,660,2.3,200,310,510,1.55,200,260,460,1.3,150,190,340,1.2667,110,150,260,1.3636,100,120,220,1.2,134,74
880,280,610,180,540,720,3.0,150,350,500,2.3333,140,250,390,1.7857,120,160,280,1.3333,110,120,230,1.0909,90,110,200,1.2222,134,74
870,250,650,180,560,740,3.1111,160,370,530,2.3125,150,280,430,1.8667,130,160,290,1.2308,110,130,240,1.1818,100,100,200,1.0,134,74
870,220,630,180,460,640,2.5556,160,290,450,1.8125,150,250,400,1.6667,130,170,300,1.3077,110,130,240,1.1818,100,100,200,1.0,134,74
860,240,650,190,660,850,3.4737,160,420,580,2.625,150,350,500,2.3333,140,180,320,1.2857,120,130,250,1.0833,110,100,210,0.90909,135,74
850,210,670,230,570,800,2.4783,180,420,600,2.3333,170,340,510,2.0,140,200,340,1.4286,120,140,260,1.1667,100,120,220,1.2,135,74
880,180,600,200,450,650,2.25,200,310,510,1.55,200,250,450,1.25,140,180,320,1.2857,110,140,250,1.2727,100,110,210,1.1,135,74
900,280,620,180,630,810,3.5,150,440,590,2.9333,140,320,460,2.2857,130,170,300,1.3077,110,120,230,1.0909,100,100,200,1.0,134,74
870,240,660,200,470,670,2.35,160,320,480,2.0,150,250,400,1.6667,130,160,290,1.2308,110,120,230,1.0909,100,100,200,1.0,134,74
870,210,650,200,480,680,2.4,170,340,510,2.0,160,330,490,2.0625,130,180,310,1.3846,120,130,250,1.0833,100,100,200,1.0,134,74
840,290,680,200,650,850,3.25,170,390,560,2.2941,160,330,490,2.0625,130,200,330,1.5385,120,140,260,1.1667,100,120,220,1.2,135,74
880,160,620,180,450,630,2.5,180,310,490,1.7222,180,250,430,1.3889,130,180,310,1.3846,110,140,250,1.2727,100,120,220,1.2,135,74
880,230,580,170,460,630,2.7059,150,400,550,2.6667,140,290,430,2.0714,120,170,290,1.4167,90,130,220,1.4444,90,110,200,1.2222,135,74
870,300,660,180,670,850,3.7222,160,440,600,2.75,150,360,510,2.4,140,200,340,1.4286,110,130,240,1.1818,90,110,200,1.2222,135,74
870,300,620,170,630,800,3.7059,150,450,600,3.0,140,340,480,2.4286,120,160,280,1.3333,100,130,230,1.3,90,100,190,1.1111,136,74
860,260,620,180,510,690,2.8333,160,350,510,2.1875,150,250,400,1.6667,120,150,270,1.25,110,120,230,1.0909,100,100,200,1.0,135,74
870,300,650,180,660,840,3.6667,170,390,560,2.2941,160,320,480,2.0,130,180,310,1.3846,120,130,250,1.0833,100,100,200,1.0,135,74
800,220,660,200,450,650,2.25,160,330,490,2.0625,160,260,420,1.625,140,160,300,1.1429,120,120,240,1.0,110,100,210,0.90909,136,74
870,280,620,180,580,760,3.2222,150,400,550,2.6667,140,290,430,2.0714,120,160,280,1.3333,100,120,220,1.2,90,100,190,1.1111,134,73
870,250,640,180,600,780,3.3333,150,350,500,2.3333,140,250,390,1.7857,120,160,280,1.3333,100,120,220,1.2,100,100,200,1.0,135,73
850,230,630,180,640,820,3.5556,160,370,530,2.3125,150,290,440,1.9333,140,170,310,1.2143,110,120,230,1.0909,90,100,190,1.1111,135,73
850,220,620,190,470,660,2.4737,150,350,500,2.3333,140,270,410,1.9286,130,160,290,1.2308,100,130,230,1.3,90,110,200,1.2222,135,73
860,290,610,190,620,810,3.2632,170,420,590,2.4706,150,320,470,2.1333,130,170,300,1.3077,110,120,230,1.0909,100,100,200,1.0,134,73
870,250,380,170,390,560,2.2941,140,320,460,2.2857,140,230,370,1.6429,120,150,270,1.25,100,110,210,1.1,90,100,190,1.1111,133,73
850,210,620,230,490,720,2.1304,160,370,530,2.3125,160,310,470,1.9375,130,180,310,1.3846,120,130,250,1.0833,100,100,200,1.0,134,73
860,300,600,180,610,790,3.3889,160,400,560,2.5,140,300,440,2.1429,120,160,280,1.3333,110,120,230,1.0909,90,90,180,1.0,133,72
870,260,470,180,480,660,2.6667,150,340,490,2.2667,140,250,390,1.7857,120,160,280,1.3333,100,110,210,1.1,90,100,190,1.1111,132,72
870,250,580,170,590,760,3.4706,150,350,500,2.3333,140,240,380,1.7143,120,150,270,1.25,110,120,230,1.0909,90,100,190,1.1111,133,72
860,290,640,200,410,610,2.05,170,290,460,1.7059,160,230,390,1.4375,140,160,300,1.1429,120,110,230,0.91667,110,100,210,0.90909,133,72
840,220,630,240,500,740,2.0833,180,390,570,2.1667,160,340,500,2.125,140,190,330,1.3571,120,130,250,1.0833,110,110,220,1.0,133,72
880,210,610,230,430,660,1.8696,230,290,520,1.2609,170,260,430,1.5294,130,180,310,1.3846,110,140,250,1.2727,90,110,200,1.2222,132,72
860,270,610,180,620,800,3.4444,160,420,580,2.625,140,320,460,2.2857,120,170,290,1.4167,110,120,230,1.0909,90,100,190,1.1111,131,72
870,250,580,180,510,690,2.8333,150,320,470,2.1333,140,230,370,1.6429,120,160,280,1.3333,100,120,220,1.2,90,100,190,1.1111,131,71
860,260,580,180,590,770,3.2778,160,350,510,2.1875,150,260,410,1.7333,130,160,290,1.2308,110,120,230,1.0909,100,100,200,1.0,132,72
850,220,610,240,490,730,2.0417,180,390,570,2.1667,170,330,500,1.9412,140,200,340,1.4286,130,130,260,1.0,110,110,220,1.0,132,72
870,240,600,260,430,690,1.6538,170,270,440,1.5882,150,210,360,1.4,130,160,290,1.2308,100,120,220,1.2,100,100,200,1.0,132,72
870,270,590,180,540,720,3.0,140,370,510,2.6429,130,270,400,2.0769,120,170,290,1.4167,90,130,220,1.4444,90,100,190,1.1111,131,71
870,280,620,170,530,700,3.1176,150,340,490,2.2667,140,260,400,1.8571,120,160,280,1.3333,100,120,220,1.2,90,90,180,1.0,131,71
870,240,550,180,560,740,3.1111,150,410,560,2.7333,140,280,420,2.0,120,160,280,1.3333,100,130,230,1.3,90,110,200,1.2222,132,72
870,320,660,230,390,620,1.6957,160,260,420,1.625,160,180,340,1.125,130,140,270,1.0769,120,130,250,1.0833,100,110,210,1.1,132,72
850,210,630,230,510,740,2.2174,190,410,600,2.1579,170,360,530,2.1176,150,230,380,1.5333,120,150,270,1.25,110,120,230,1.0909,132,72
880,220,590,210,370,580,1.7619,150,230,380,1.5333,130,190,320,1.4615,120,150,270,1.25,90,120,210,1.3333,90,100,190,1.1111,132,72
870,290,610,180,620,800,3.4444,160,410,570,2.5625,140,300,440,2.1429,120,160,280,1.3333,110,120,230,1.0909,90,90,180,1.0,131,72
870,260,610,180,500,680,2.7778,150,320,470,2.1333,150,230,380,1.5333,130,150,280,1.1538,110,110,220,1.0,100,100,200,1.0,131,71
870,260,610,180,550,730,3.0556,150,400,550,2.6667,140,290,430,2.0714,130,160,290,1.2308,110,120,230,1.0909,100,100,200,1.0,131,71
870,260,580,180,590,770,3.2778,170,360,530,2.1176,150,270,420,1.8,130,150,280,1.1538,120,110,230,0.91667,100,90,190,0.9,131,71
860,290,660,210,380,590,1.8095,170,240,410,1.4118,160,210,370,1.3125,140,180,320,1.2857,120,130,250,1.0833,110,100,210,0.90909,132,72
860,200,610,220,480,700,2.1818,190,400,590,2.1053,170,350,520,2.0588,150,230,380,1.5333,120,150,270,1.25,110,120,230,1.0909,132,72
870,250,510,270,400,670,1.4815,160,250,410,1.5625,150,200,350,1.3333,130,150,280,1.1538,100,120,220,1.2,90,90,180,1.0,131,72
880,260,600,180,490,670,2.7222,150,320,470,2.1333,140,230,370,1.6429,120,150,270,1.25,100,120,220,1.2,90,100,190,1.1111,131,71
870,280,580,180,500,680,2.7778,160,320,480,2.0,140,230,370,1.6429,120,150,270,1.25,100,120,220,1.2,70,90,160,1.2857,131,71
870,290,590,180,600,780,3.3333,160,390,550,2.4375,150,280,430,1.8667,130,170,300,1.3077,110,120,230,1.0909,100,100,200,1.0,131,71
870,280,560,300,400,700,1.3333,180,280,460,1.5556,170,260,430,1.5294,140,180,320,1.2857,120,130,250,1.0833,110,100,210,0.90909,132,72
880,250,570,170,410,580,2.4118,150,250,400,1.6667,140,210,350,1.5,130,160,290,1.2308,100,130,230,1.3,90,100,190,1.1111,131,72
890,250,590,180,600,780,3.3333,160,330,490,2.0625,150,260,410,1.7333,120,150,270,1.25,110,110,220,1.0,100,100,200,1.0,131,71
840,300,560,200,450,650,2.25,180,350,530,1.9444,180,290,470,1.6111,150,150,300,1.0,130,100,230,0.76923,120,80,200,0.66667,131,71
870,280,530,180,540,720,3.0,160,370,530,2.3125,150,280,430,1.8667,130,160,290,1.2308,110,120,230,1.0909,100,90,190,0.9,131,71
870,280,600,180,460,640,2.5556,150,290,440,1.9333,130,220,350,1.6923,120,160,280,1.3333,100,120,220,1.2,90,100,190,1.1111,131,71
880,250,600,180,480,660,2.6667,160,350,510,2.1875,140,270,410,1.9286,130,170,300,1.3077,110,140,250,1.2727,100,120,220,1.2,131,71
860,210,660,190,420,610,2.2105,170,350,520,2.0588,160,300,460,1.875,140,190,330,1.3571,110,130,240,1.1818,100,110,210,1.1,132,72
860,200,600,220,460,680,2.0909,220,370,590,1.6818,180,330,510,1.8333,150,210,360,1.4,130,140,270,1.0769,110,120,230,1.0909,131,72
880,260,580,180,430,610,2.3889,150,280,430,1.8667,140,200,340,1.4286,120,150,270,1.25,100,120,220,1.2,90,100,190,1.1111,131,72
860,300,600,180,610,790,3.3889,160,440,600,2.75,150,350,500,2.3333,140,180,320,1.2857,110,120,230,1.0909,100,100,200,1.0,131,72
880,260,590,170,470,640,2.7647,150,340,490,2.2667,130,230,360,1.7692,120,160,280,1.3333,100,130,230,1.3,90,100,190,1.1111,131,72
880,290,580,200,460,660,2.3,160,340,500,2.125,150,250,400,1.6667,130,180,310,1.3846,110,180,290,1.6364,100,110,210,1.1,131,72
870,300,530,200,540,740,2.7,160,390,550,2.4375,160,310,470,1.9375,140,160,300,1.1429,120,110,230,0.91667,110,100,210,0.90909,132,72
860,340,550,190,460,650,2.4211,170,350,520,2.0588,160,300,460,1.875,140,170,310,1.2143,110,120,230,1.0909,110,110,220,1.0,133,73
870,280,580,180,450,630,2.5,150,260,410,1.7333,140,190,330,1.3571,130,140,270,1.0769,110,110,220,1.0,90,100,190,1.1111,132,73
870,290,570,180,580,760,3.2222,160,430,590,2.6875,140,350,490,2.5,110,170,280,1.5455,100,130,230,1.3,90,110,200,1.2222,132,73
880,300,610,180,480,660,2.6667,140,350,490,2.5,140,250,390,1.7857,120,160,280,1.3333,100,120,220,1.2,90,110,200,1.2222,132,73
880,270,600,180,470,650,2.6111,150,330,480,2.2,150,250,400,1.6667,120,160,280,1.3333,110,120,230,1.0909,90,100,190,1.1111,132,73
870,280,600,190,610,800,3.2105,160,410,570,2.5625,150,320,470,2.1333,140,170,310,1.2143,110,120,230,1.0909,100,100,200,1.0,133,73
850,270,660,190,450,640,2.3684,170,280,450,1.6471,150,210,360,1.4,130,150,280,1.1538,110,120,230,1.0909,100,100,200,1.0,133,73
880,190,590,210,440,650,2.0952,210,310,520,1.4762,170,250,420,1.4706,130,180,310,1.3846,100,140,240,1.4,90,120,210,1.3333,133,73
880,290,580,180,500,680,2.7778,150,360,510,2.4,140,240,380,1.7143,120,160,280,1.3333,110,120,230,1.0909,90,100,190,1.1111,132,73
880,300,590,180,600,780,3.3333,150,430,580,2.8667,140,350,490,2.5,120,170,290,1.4167,100,120,220,1.2,90,100,190,1.1111,132,73
860,290,560,190,510,700,2.6842,160,360,520,2.25,150,250,400,1.6667,130,150,280,1.1538,110,110,220,1.0,100,90,190,0.9,132,73
880,300,570,200,430,630,2.15,160,290,450,1.8125,140,260,400,1.8571,120,170,290,1.4167,100,130,230,1.3,90,110,200,1.2222,133,73
880,310,560,180,550,730,3.0556,160,390,550,2.4375,150,330,480,2.2,120,180,300,1.5,110,130,240,1.1818,90,110,200,1.2222,133,73
850,320,660,200,480,680,2.4,160,350,510,2.1875,160,290,450,1.8125,130,170,300,1.3077,120,140,260,1.1667,100,100,200,1.0,133,73
890,190,580,210,450,660,2.1429,210,320,530,1.5238,180,250,430,1.3889,130,170,300,1.3077,110,130,240,1.1818,90,120,210,1.3333,133,73
870,310,590,190,560,750,2.9474,150,400,550,2.6667,140,260,400,1.8571,120,160,280,1.3333,100,120,220,1.2,90,100,190,1.1111,133,73
860,290,600,190,460,650,2.4211,160,310,470,1.9375,150,220,370,1.4667,140,150,290,1.0714,110,110,220,1.0,100,90,190,0.9,132,72
880,260,550,220,420,640,1.9091,160,290,450,1.8125,150,270,420,1.8,120,160,280,1.3333,110,120,230,1.0909,100,110,210,1.1,132,72
870,330,550,190,530,720,2.7895,160,370,530,2.3125,160,310,470,1.9375,130,170,300,1.3077,110,120,230,1.0909,100,100,200,1.0,133,73
870,320,660,180,470,650,2.6111,150,350,500,2.3333,140,300,440,2.1429,130,180,310,1.3846,100,130,230,1.3,90,120,210,1.3333,133,73
880,210,590,230,440,670,1.913,230,300,530,1.3043,190,220,410,1.1579,140,170,310,1.2143,130,120,250,0.92308,110,100,210,0.90909,133,73
880,290,580,190,590,780,3.1053,160,400,560,2.5,150,290,440,1.9333,130,150,280,1.1538,110,110,220,1.0,90,90,180,1.0,132,72
880,290,600,180,480,660,2.6667,150,330,480,2.2,140,250,390,1.7857,130,160,290,1.2308,100,120,220,1.2,90,100,190,1.1111,131,72
870,280,570,190,430,620,2.2632,160,310,470,1.9375,150,290,440,1.9333,130,170,300,1.3077,110,120,230,1.0909,100,110,210,1.1,132,72
880,300,550,180,490,670,2.7222,160,350,510,2.1875,140,290,430,2.0714,130,170,300,1.3077,100,130,230,1.3,90,120,210,1.3333,132,72
880,210,590,230,440,670,1.913,190,300,490,1.5789,150,230,380,1.5333,130,170,300,1.3077,110,130,240,1.1818,100,110,210,1.1,132,72
920,290,600,190,550,740,2.8947,150,390,540,2.6,150,300,450,2.0,120,160,280,1.3333,110,120,230,1.0909,90,100,190,1.1111,131,72
870,280,620,180,460,640,2.5556,150,330,480,2.2,150,250,400,1.6667,120,160,280,1.3333,110,120,230,1.0909,90,100,190,1.1111,131,72
880,250,560,180,430,610,2.3889,150,330,480,2.2,140,260,400,1.8571,120,160,280,1.3333,110,120,230,1.0909,90,110,200,1.2222,132,72
880,320,560,180,510,690,2.8333,150,360,510,2.4,150,290,440,1.9333,130,170,300,1.3077,100,130,230,1.3,90,120,210,1.3333,132,72
870,280,370,190,380,570,2.0,160,240,400,1.5,150,190,340,1.2667,130,150,280,1.1538,110,110,220,1.0,100,100,200,1.0,131,72
880,290,640,190,450,640,2.3684,170,310,480,1.8235,150,240,390,1.6,130,160,290,1.2308,110,120,230,1.0909,100,90,190,0.9,131,72
880,240,580,190,490,680,2.5789,160,340,500,2.125,150,320,470,2.1333,130,180,310,1.3846,110,130,240,1.1818,100,110,210,1.1,131,72
850,300,540,200,450,650,2.25,170,330,500,1.9412,160,260,420,1.625,140,160,300,1.1429,120,120,240,1.0,110,100,210,0.90909,132,72
880,290,580,200,480,680,2.4,160,310,470,1.9375,140,240,380,1.7143,130,160,290,1.2308,110,120,230,1.0909,100,100,200,1.0,131,72
880,300,580,190,510,700,2.6842,150,390,540,2.6,150,270,420,1.8,130,160,290,1.2308,100,110,210,1.1,100,100,200,1.0,131,72
880,300,590,190,480,670,2.5263,160,350,510,2.1875,150,270,420,1.8,130,170,300,1.3077,110,130,240,1.1818,100,110,210,1.1,131,72
880,290,600,190,460,650,2.4211,160,320,480,2.0,150,240,390,1.6,130,160,290,1.2308,110,120,230,1.0909,100,100,200,1.0,131,71
870,280,550,180,470,650,2.6111,160,340,500,2.125,150,300,450,2.0,140,160,300,1.1429,110,120,230,1.0909,100,100,200,1.0,131,72
880,320,540,180,440,620,2.4444,160,330,490,2.0625,150,260,410,1.7333,130,170,300,1.3077,110,120,230,1.0909,90,100,190,1.1111,132,72
870,280,570,250,580,830,2.32,180,420,600,2.3333,170,330,500,1.9412,130,170,300,1.3077,120,130,250,1.0833,100,100,200,1.0,131,72
880,300,580,190,480,670,2.5263,160,330,490,2.0625,150,240,390,1.6,120,150,270,1.25,110,120,230,1.0909,90,100,190,1.1111,131,72
880,300,590,190,460,650,2.4211,170,340,510,2.0,150,260,410,1.7333,120,170,290,1.4167,110,130,240,1.1818,90,110,200,1.2222,131,72
880,290,580,190,460,650,2.4211,170,300,470,1.7647,150,230,380,1.5333,130,150,280,1.1538,120,110,230,0.91667,100,90,190,0.9,131,72
870,300,570,200,430,630,2.15,170,340,510,2.0,160,280,440,1.75,140,160,300,1.1429,120,120,240,1.0,110,100,210,0.90909,131,72
860,300,550,190,450,640,2.3684,160,310,470,1.9375,160,250,410,1.5625,140,160,300,1.1429,110,120,230,1.0909,110,110,220,1.0,131,72
870,290,570,230,580,810,2.5217,170,390,560,2.2941,160,290,450,1.8125,140,160,300,1.1429,120,120,240,1.0,110,90,200,0.81818,130,72
880,300,590,190,460,650,2.4211,160,310,470,1.9375,150,230,380,1.5333,130,140,270,1.0769,110,110,220,1.0,100,100,200,1.0,130,71
860,290,610,200,450,650,2.25,160,310,470,1.9375,160,240,400,1.5,130,160,290,1.2308,120,120,240,1.0,100,100,200,1.0,130,71
890,250,590,180,460,640,2.5556,150,320,470,2.1333,140,250,390,1.7857,120,160,280,1.3333,110,130,240,1.1818,90,110,200,1.2222,131,71
870,300,560,190,470,660,2.4737,160,380,540,2.375,150,320,470,2.1333,130,190,320,1.4615,110,130,240,1.1818,100,100,200,1.0,131,71
880,310,550,190,430,620,2.2632,160,310,470,1.9375,140,240,380,1.7143,130,160,290,1.2308,110,130,240,1.1818,100,110,210,1.1,130,72
880,280,570,230,580,810,2.5217,170,440,610,2.5882,170,340,510,2.0,130,170,300,1.3077,120,120,240,1.0,100,100,200,1.0,130,72
880,310,580,190,500,690,2.6316,160,330,490,2.0625,150,240,390,1.6,130,150,280,1.1538,110,110,220,1.0,100,100,200,1.0,130,71
890,300,590,180,470,650,2.6111,160,360,520,2.25,150,280,430,1.8667,120,180,300,1.5,110,140,250,1.2727,90,120,210,1.3333,129,71
890,300,580,180,490,670,2.7222,160,310,470,1.9375,150,230,380,1.5333,130,150,280,1.1538,110,120,230,1.0909,90,100,190,1.1111,130,71
880,310,560,180,440,620,2.4444,170,340,510,2.0,160,290,450,1.8125,140,160,300,1.1429,120,120,240,1.0,100,100,200,1.0,130,71
870,320,680,190,430,620,2.2632,160,310,470,1.9375,150,270,420,1.8,140,160,300,1.1429,110,120,230,1.0909,100,110,210,1.1,130,71
900,190,600,210,440,650,2.0952,210,310,520,1.4762,170,230,400,1.3529,140,160,300,1.1429,110,130,240,1.1818,100,110,210,1.1,130,71
910,270,620,190,510,700,2.6842,160,350,510,2.1875,150,260,410,1.7333,130,160,290,1.2308,110,120,230,1.0909,100,100,200,1.0,129,71
870,290,590,200,450,650,2.25,170,320,490,1.8824,160,230,390,1.4375,140,140,280,1.0,120,110,230,0.91667,110,80,190,0.72727,129,71
880,280,560,180,520,700,2.8889,160,320,480,2.0,150,230,380,1.5333,140,150,290,1.0714,110,120,230,1.0909,100,100,200,1.0,129,71
890,320,550,190,420,610,2.2105,170,320,490,1.8824,150,290,440,1.9333,140,230,370,1.6429,110,150,260,1.3636,100,120,220,1.2,129,71
890,270,540,200,420,620,2.1,160,260,420,1.625,150,210,360,1.4,120,150,270,1.25,110,120,230,1.0909,100,100,200,1.0,128,70
880,350,590,220,600,820,2.7273,170,430,600,2.5294,160,320,480,2.0,130,160,290,1.2308,120,120,240,1.0,100,100,200,1.0,128,70
890,290,610,190,460,650,2.4211,160,320,480,2.0,150,230,380,1.5333,120,150,270,1.25,110,120,230,1.0909,90,100,190,1.1111,127,70
880,280,600,180,470,650,2.6111,160,330,490,2.0625,140,250,390,1.7857,130,160,290,1.2308,100,120,220,1.2,90,100,190,1.1111,127,70
880,280,600,180,610,790,3.3889,160,390,550,2.4375,150,310,460,2.0667,130,170,300,1.3077,100,130,230,1.3,90,110,200,1.2222,127,70
890,290,510,180,430,610,2.3889,150,280,430,1.8667,140,220,360,1.5714,120,160,280,1.3333,110,120,230,1.0909,90,110,200,1.2222,126,70
890,380,590,200,600,800,3.0,170,400,570,2.3529,150,300,450,2.0,130,160,290,1.2308,110,120,230,1.0909,100,100,200,1.0,126,69
880,300,540,190,450,640,2.3684,170,300,470,1.7647,150,220,370,1.4667,120,140,260,1.1667,120,110,230,0.91667,100,100,200,1.0,126,69
890,340,570,190,460,650,2.4211,160,300,460,1.875,150,220,370,1.4667,120,150,270,1.25,110,110,220,1.0,90,100,190,1.1111,126,69
870,320,530,190,540,730,2.8421,170,400,570,2.3529,160,320,480,2.0,140,170,310,1.2143,120,130,250,1.0833,100,100,200,1.0,127,69
880,210,580,230,430,660,1.8696,230,290,520,1.2609,170,230,400,1.3529,140,170,310,1.2143,120,130,250,1.0833,110,110,220,1.0,127,70
890,300,460,190,470,660,2.4737,160,340,500,2.125,150,250,400,1.6667,130,160,290,1.2308,110,120,230,1.0909,90,100,190,1.1111,126,70
880,320,630,200,450,650,2.25,170,300,470,1.7647,150,230,380,1.5333,140,160,300,1.1429,110,120,230,1.0909,90,100,190,1.1111,127,70
890,250,570,170,420,590,2.4706,160,260,420,1.625,140,210,350,1.5,120,150,270,1.25,100,120,220,1.2,90,100,190,1.1111,127,70
880,320,580,180,590,770,3.2778,160,380,540,2.375,150,310,460,2.0667,140,180,320,1.2857,110,120,230,1.0909,100,110,210,1.1,127,70
870,300,680,200,420,620,2.1,170,280,450,1.6471,150,210,360,1.4,140,160,300,1.1429,110,140,250,1.2727,100,110,210,1.1,127,70
890,190,570,210,420,630,2.0,210,290,500,1.381,160,220,380,1.375,130,160,290,1.2308,110,130,240,1.1818,90,110,200,1.2222,127,70
880,320,420,180,430,610,2.3889,150,320,470,2.1333,150,230,380,1.5333,130,150,280,1.1538,100,110,210,1.1,100,100,200,1.0,126,70
880,300,550,180,410,590,2.2778,150,230,380,1.5333,150,190,340,1.2667,120,140,260,1.1667,110,110,220,1.0,90,90,180,1.0,125,69
890,330,580,180,410,590,2.2778,150,260,410,1.7333,140,200,340,1.4286,120,140,260,1.1667,100,110,210,1.1,90,100,190,1.1111,126,70
880,310,550,180,550,730,3.0556,160,350,510,2.1875,150,280,430,1.8667,130,170,300,1.3077,110,120,230,1.0909,90,100,190,1.1111,126,70
890,260,540,280,390,670,1.3929,160,250,410,1.5625,150,200,350,1.3333,120,160,280,1.3333,110,120,230,1.0909,90,110,200,1.2222,125,70
880,350,400,180,410,590,2.2778,160,370,530,2.3125,150,270,420,1.8,120,160,280,1.3333,110,120,230,1.0909,90,100,190,1.1111,124,69
880,240,580,180,460,640,2.5556,160,310,470,1.9375,150,240,390,1.6,130,160,290,1.2308,110,120,230,1.0909,90,100,190,1.1111,124,69
880,300,560,170,420,590,2.4706,150,280,430,1.8667,140,220,360,1.5714,120,160,280,1.3333,100,120,220,1.2,90,100,190,1.1111,125,69
890,320,670,190,680,870,3.5789,160,370,530,2.3125,150,300,450,2.0,130,190,320,1.4615,110,140,250,1.2727,100,110,210,1.1,125,69
870,220,600,240,450,690,1.875,210,330,540,1.5714,180,280,460,1.5556,150,160,310,1.0667,130,120,250,0.92308,120,100,220,0.8333299999999999,124,69
880,270,610,290,450,740,1.5517,170,300,470,1.7647,160,220,380,1.375,130,150,280,1.1538,110,120,230,1.0909,100,100,200,1.0,123,69
890,270,380,180,390,570,2.1667,150,360,510,2.4,140,260,400,1.8571,120,160,280,1.3333,100,130,230,1.3,90,100,190,1.1111,123,69
890,250,690,180,490,670,2.7222,160,340,500,2.125,140,260,400,1.8571,130,170,300,1.3077,100,120,220,1.2,90,110,200,1.2222,123,69
880,200,660,180,560,740,3.1111,160,350,510,2.1875,140,280,420,2.0,130,170,300,1.3077,110,120,230,1.0909,100,100,200,1.0,123,69
890,220,550,180,440,620,2.4444,150,320,470,2.1333,140,250,390,1.7857,130,170,300,1.3077,100,120,220,1.2,100,110,210,1.1,124,69
880,280,590,180,460,640,2.5556,150,320,470,2.1333,140,240,380,1.7143,120,160,280,1.3333,100,120,220,1.2,90,110,200,1.2222,123,69
880,290,590,180,600,780,3.3333,150,440,590,2.9333,140,240,380,1.7143,120,160,280,1.3333,100,120,220,1.2,90,100,190,1.1111,123,69
890,290,590,180,480,660,2.6667,150,340,490,2.2667,140,240,380,1.7143,120,160,280,1.3333,100,120,220,1.2,90,100,190,1.1111,122,68
880,300,660,200,470,670,2.35,160,330,490,2.0625,160,230,390,1.4375,130,150,280,1.1538,110,110,220,1.0,100,100,200,1.0,122,68
890,220,530,180,520,700,2.8889,160,370,530,2.3125,150,290,440,1.9333,130,170,300,1.3077,110,120,230,1.0909,100,100,200,1.0,123,69
880,360,530,200,420,620,2.1,160,300,460,1.875,160,230,390,1.4375,130,150,280,1.1538,120,110,230,0.91667,110,100,210,0.90909,123,69
880,310,580,190,570,760,3.0,150,350,500,2.3333,150,260,410,1.7333,120,160,280,1.3333,100,130,230,1.3,90,100,190,1.1111,123,69
880,290,600,190,470,660,2.4737,160,330,490,2.0625,150,240,390,1.6,130,150,280,1.1538,110,110,220,1.0,100,90,190,0.9,122,69
880,280,640,220,510,730,2.3182,160,370,530,2.3125,160,210,370,1.3125,130,160,290,1.2308,120,120,240,1.0,100,90,190,0.9,122,69
890,240,540,190,550,740,2.8947,160,370,530,2.3125,150,280,430,1.8667,120,170,290,1.4167,110,120,230,1.0909,90,100,190,1.1111,122,69
850,350,530,190,420,610,2.2105,170,310,480,1.8235,160,250,410,1.5625,130,160,290,1.2308,120,120,240,1.0,100,100,200,1.0,123,69
890,300,590,190,600,790,3.1579,160,380,540,2.375,150,270,420,1.8,120,160,280,1.3333,110,120,230,1.0909,90,100,190,1.1111,122,69
